# # k[h/Mpc], logBoost (P^NLCDM_NL/P^NLCDM_L)
1.000000000000000048e-04 0.000000000000000000e+00
1.020200000000000024e-04 0.000000000000000000e+00
1.040800000000000064e-04 0.000000000000000000e+00
1.061800000000000032e-04 0.000000000000000000e+00
1.083300000000000013e-04 0.000000000000000000e+00
1.105200000000000057e-04 0.000000000000000000e+00
1.127500000000000030e-04 0.000000000000000000e+00
1.150300000000000015e-04 0.000000000000000000e+00
1.173500000000000064e-04 0.000000000000000000e+00
1.197199999999999989e-04 0.000000000000000000e+00
1.221399999999999927e-04 0.000000000000000000e+00
1.246099999999999877e-04 0.000000000000000000e+00
1.271199999999999891e-04 0.000000000000000000e+00
1.296899999999999865e-04 0.000000000000000000e+00
1.323100000000000122e-04 0.000000000000000000e+00
1.349900000000000069e-04 0.000000000000000000e+00
1.377100000000000080e-04 0.000000000000000000e+00
1.404900000000000051e-04 0.000000000000000000e+00
1.433299999999999982e-04 0.000000000000000000e+00
1.462299999999999874e-04 0.000000000000000000e+00
1.491800000000000049e-04 0.000000000000000000e+00
1.522000000000000132e-04 0.000000000000000000e+00
1.552699999999999957e-04 0.000000000000000000e+00
1.584099999999999961e-04 0.000000000000000000e+00
1.616099999999999926e-04 0.000000000000000000e+00
1.648700000000000122e-04 0.000000000000000000e+00
1.681999999999999956e-04 0.000000000000000000e+00
1.715999999999999969e-04 0.000000000000000000e+00
1.750699999999999891e-04 0.000000000000000000e+00
1.786000000000000044e-04 0.000000000000000000e+00
1.822100000000000054e-04 0.000000000000000000e+00
1.858899999999999973e-04 0.000000000000000000e+00
1.896500000000000020e-04 0.000000000000000000e+00
1.934799999999999975e-04 0.000000000000000000e+00
1.973900000000000058e-04 0.000000000000000000e+00
2.013799999999999998e-04 0.000000000000000000e+00
2.054400000000000117e-04 0.000000000000000000e+00
2.095900000000000042e-04 0.000000000000000000e+00
2.138300000000000042e-04 0.000000000000000000e+00
2.181499999999999900e-04 0.000000000000000000e+00
2.225499999999999885e-04 0.000000000000000000e+00
2.270499999999999895e-04 0.000000000000000000e+00
2.316399999999999980e-04 0.000000000000000000e+00
2.363199999999999871e-04 0.000000000000000000e+00
2.410900000000000109e-04 0.000000000000000000e+00
2.459599999999999829e-04 0.000000000000000000e+00
2.509300000000000115e-04 0.000000000000000000e+00
2.559999999999999884e-04 0.000000000000000000e+00
2.611700000000000219e-04 0.000000000000000000e+00
2.664499999999999985e-04 0.000000000000000000e+00
2.718299999999999775e-04 0.000000000000000000e+00
2.773200000000000079e-04 0.000000000000000000e+00
2.829199999999999814e-04 0.000000000000000000e+00
2.886400000000000012e-04 0.000000000000000000e+00
2.944700000000000182e-04 0.000000000000000000e+00
3.004199999999999731e-04 0.000000000000000000e+00
3.064899999999999743e-04 0.000000000000000000e+00
3.126800000000000217e-04 0.000000000000000000e+00
3.189900000000000070e-04 0.000000000000000000e+00
3.254399999999999741e-04 0.000000000000000000e+00
3.320099999999999874e-04 0.000000000000000000e+00
3.387199999999999825e-04 0.000000000000000000e+00
3.455600000000000186e-04 0.000000000000000000e+00
3.525399999999999823e-04 0.000000000000000000e+00
3.596599999999999819e-04 0.000000000000000000e+00
3.669300000000000122e-04 0.000000000000000000e+00
3.743400000000000243e-04 0.000000000000000000e+00
3.819000000000000129e-04 0.000000000000000000e+00
3.896200000000000271e-04 0.000000000000000000e+00
3.974900000000000178e-04 0.000000000000000000e+00
4.055199999999999799e-04 0.000000000000000000e+00
4.137100000000000217e-04 0.000000000000000000e+00
4.220699999999999756e-04 0.000000000000000000e+00
4.306000000000000040e-04 0.000000000000000000e+00
4.392900000000000038e-04 0.000000000000000000e+00
4.481700000000000137e-04 0.000000000000000000e+00
4.572199999999999897e-04 0.000000000000000000e+00
4.664599999999999758e-04 0.000000000000000000e+00
4.758799999999999771e-04 0.000000000000000000e+00
4.854999999999999832e-04 0.000000000000000000e+00
4.952999999999999504e-04 0.000000000000000000e+00
5.053100000000000256e-04 0.000000000000000000e+00
5.155199999999999973e-04 0.000000000000000000e+00
5.259299999999999739e-04 0.000000000000000000e+00
5.365600000000000534e-04 0.000000000000000000e+00
5.473900000000000293e-04 0.000000000000000000e+00
5.584500000000000488e-04 0.000000000000000000e+00
5.697299999999999543e-04 0.000000000000000000e+00
5.812400000000000119e-04 0.000000000000000000e+00
5.929900000000000535e-04 0.000000000000000000e+00
6.049599999999999813e-04 0.000000000000000000e+00
6.171899999999999912e-04 0.000000000000000000e+00
6.296500000000000447e-04 0.000000000000000000e+00
6.423699999999999636e-04 0.000000000000000000e+00
6.553499999999999647e-04 0.000000000000000000e+00
6.685900000000000480e-04 0.000000000000000000e+00
6.821000000000000457e-04 0.000000000000000000e+00
6.958799999999999578e-04 0.000000000000000000e+00
7.099300000000000012e-04 0.000000000000000000e+00
7.242699999999999486e-04 0.000000000000000000e+00
7.389099999999999575e-04 0.000000000000000000e+00
7.538300000000000382e-04 0.000000000000000000e+00
7.690600000000000127e-04 0.000000000000000000e+00
7.845999999999999893e-04 0.000000000000000000e+00
8.004499999999999680e-04 0.000000000000000000e+00
8.166199999999999978e-04 0.000000000000000000e+00
8.331099999999999704e-04 0.000000000000000000e+00
8.499399999999999837e-04 0.000000000000000000e+00
8.671100000000000379e-04 0.000000000000000000e+00
8.846299999999999650e-04 0.000000000000000000e+00
9.024999999999999819e-04 0.000000000000000000e+00
9.207300000000000293e-04 0.000000000000000000e+00
9.393300000000000477e-04 0.000000000000000000e+00
9.583099999999999778e-04 0.000000000000000000e+00
9.776699999999999280e-04 0.000000000000000000e+00
9.974199999999999473e-04 0.000000000000000000e+00
1.017600000000000015e-03 0.000000000000000000e+00
1.038099999999999917e-03 0.000000000000000000e+00
1.059100000000000102e-03 0.000000000000000000e+00
1.080500000000000080e-03 0.000000000000000000e+00
1.102300000000000068e-03 0.000000000000000000e+00
1.124599999999999905e-03 0.000000000000000000e+00
1.147299999999999969e-03 0.000000000000000000e+00
1.170500000000000099e-03 0.000000000000000000e+00
1.194100000000000023e-03 0.000000000000000000e+00
1.218200000000000012e-03 0.000000000000000000e+00
1.242899999999999908e-03 0.000000000000000000e+00
1.268000000000000030e-03 0.000000000000000000e+00
1.293600000000000002e-03 0.000000000000000000e+00
1.319700000000000040e-03 0.000000000000000000e+00
1.346399999999999984e-03 0.000000000000000000e+00
1.373599999999999995e-03 0.000000000000000000e+00
1.401300000000000072e-03 0.000000000000000000e+00
1.429600000000000055e-03 0.000000000000000000e+00
1.458499999999999944e-03 0.000000000000000000e+00
1.487999999999999956e-03 0.000000000000000000e+00
1.518000000000000035e-03 0.000000000000000000e+00
1.548700000000000077e-03 0.000000000000000000e+00
1.580000000000000024e-03 0.000000000000000000e+00
1.611900000000000095e-03 0.000000000000000000e+00
1.644499999999999912e-03 0.000000000000000000e+00
1.677700000000000068e-03 0.000000000000000000e+00
1.711599999999999970e-03 0.000000000000000000e+00
1.746200000000000052e-03 0.000000000000000000e+00
1.781400000000000041e-03 0.000000000000000000e+00
1.817400000000000048e-03 0.000000000000000000e+00
1.854100000000000019e-03 0.000000000000000000e+00
1.891600000000000009e-03 0.000000000000000000e+00
1.929799999999999962e-03 0.000000000000000000e+00
1.968800000000000151e-03 0.000000000000000000e+00
2.008600000000000142e-03 0.000000000000000000e+00
2.049099999999999880e-03 0.000000000000000000e+00
2.090499999999999910e-03 0.000000000000000000e+00
2.132799999999999800e-03 0.000000000000000000e+00
2.175799999999999870e-03 0.000000000000000000e+00
2.219800000000000072e-03 0.000000000000000000e+00
2.264599999999999860e-03 0.000000000000000000e+00
2.310400000000000214e-03 0.000000000000000000e+00
2.357099999999999994e-03 0.000000000000000000e+00
2.404700000000000067e-03 0.000000000000000000e+00
2.453299999999999838e-03 0.000000000000000000e+00
2.502799999999999903e-03 0.000000000000000000e+00
2.553399999999999941e-03 0.000000000000000000e+00
2.605000000000000111e-03 0.000000000000000000e+00
2.657599999999999980e-03 0.000000000000000000e+00
2.711299999999999821e-03 0.000000000000000000e+00
2.765999999999999796e-03 0.000000000000000000e+00
2.821900000000000016e-03 6.402253595456575326e-05
2.878900000000000209e-03 0.000000000000000000e+00
2.937100000000000214e-03 0.000000000000000000e+00
2.996400000000000192e-03 0.000000000000000000e+00
3.056899999999999982e-03 0.000000000000000000e+00
3.118699999999999858e-03 0.000000000000000000e+00
3.181699999999999980e-03 0.000000000000000000e+00
3.246000000000000187e-03 0.000000000000000000e+00
3.311500000000000207e-03 0.000000000000000000e+00
3.378400000000000153e-03 0.000000000000000000e+00
3.446700000000000024e-03 0.000000000000000000e+00
3.516299999999999981e-03 0.000000000000000000e+00
3.587400000000000137e-03 0.000000000000000000e+00
3.659799999999999946e-03 0.000000000000000000e+00
3.733799999999999793e-03 0.000000000000000000e+00
3.809199999999999999e-03 0.000000000000000000e+00
3.886099999999999971e-03 -4.998125703904839274e-05
3.964600000000000415e-03 -9.850275815690884870e-05
4.044700000000000031e-03 -9.707324183718073066e-05
4.126399999999999686e-03 -4.783430198708031069e-05
4.209799999999999653e-03 9.429514386996614285e-05
4.294799999999999660e-03 2.788363248849330548e-04
4.381600000000000251e-03 4.123239091746743238e-04
4.470100000000000288e-03 4.065499773669168640e-04
4.560400000000000044e-03 2.227518776056518690e-04
4.652500000000000385e-03 -3.515865378574760912e-04
4.746499999999999851e-03 -1.127493614672903099e-03
4.842400000000000176e-03 -2.054355526706794829e-03
4.940199999999999626e-03 -2.999389697667146151e-03
5.040000000000000209e-03 -3.878155858330275228e-03
5.141899999999999596e-03 -4.404477451915956437e-03
5.245699999999999842e-03 -4.672620898219978156e-03
5.351700000000000033e-03 -4.692678821095243487e-03
5.459799999999999896e-03 -4.672165610272754031e-03
5.570099999999999704e-03 -4.573804420041631576e-03
5.682600000000000325e-03 -4.516597459767379349e-03
5.797400000000000296e-03 -4.575271058829496508e-03
5.914499999999999619e-03 -4.670265729509219359e-03
6.034000000000000301e-03 -4.800277139505667798e-03
6.155899999999999740e-03 -4.964066747142752666e-03
6.280299999999999945e-03 -5.051341712031362681e-03
6.407200000000000048e-03 -5.172611123629686052e-03
6.536600000000000049e-03 -5.255693916019388463e-03
6.668600000000000222e-03 -5.372298249094137855e-03
6.803299999999999972e-03 -5.451686332553362310e-03
6.940799999999999574e-03 -5.529714765372722475e-03
7.080999999999999621e-03 -5.640326189509979951e-03
7.224000000000000386e-03 -5.748977826921676700e-03
7.369999999999999815e-03 -5.855947527893052423e-03
7.518900000000000236e-03 -5.993958137946526349e-03
7.670800000000000188e-03 -6.097281642634643818e-03
7.825699999999999670e-03 -6.231354411553991987e-03
7.983799999999999231e-03 -6.331563745942053907e-03
8.145100000000000603e-03 -6.430482902971873006e-03
8.309600000000000319e-03 -6.559870355823161497e-03
8.477500000000000660e-03 -6.656737284832056623e-03
8.648799999999999891e-03 -6.814388948823493948e-03
8.823499999999999746e-03 -6.909229564495611084e-03
9.001699999999999632e-03 -7.033742314075826056e-03
9.183600000000000096e-03 -7.157494768900290148e-03
9.369099999999999998e-03 -7.280571635806564086e-03
9.558300000000000476e-03 -7.432776782738015342e-03
9.751400000000000345e-03 -7.554526735158562274e-03
9.948399999999999604e-03 -7.676292382076154060e-03
1.014900000000000004e-02 -7.826807499904199494e-03
1.035400000000000036e-02 -7.948205989920039891e-03
1.056400000000000047e-02 -8.070098742872578931e-03
1.077700000000000012e-02 -8.220666112961282426e-03
1.099499999999999957e-02 -8.343398467095810081e-03
1.121699999999999954e-02 -8.494889485631641063e-03
1.144300000000000005e-02 -8.647159619187792801e-03
1.167499999999999961e-02 -8.772596815619331315e-03
1.191000000000000045e-02 -8.926898015921280738e-03
1.215100000000000034e-02 -9.055082162722346770e-03
1.239700000000000003e-02 -9.212346360034753476e-03
1.264700000000000026e-02 -9.343941718180908546e-03
1.290200000000000027e-02 -9.477967240734496909e-03
1.316299999999999935e-02 -9.614280203921111989e-03
1.342899999999999996e-02 -9.780294754554342759e-03
1.370000000000000037e-02 -9.922007227418427888e-03
1.397699999999999984e-02 -1.003972874763797880e-02
1.425900000000000084e-02 -1.018776292027720118e-02
1.454699999999999917e-02 -1.033956704050009376e-02
1.484100000000000003e-02 -1.046819218072934064e-02
1.514099999999999994e-02 -1.062778055481914188e-02
1.544700000000000066e-02 -1.073799606800332831e-02
1.575899999999999870e-02 -1.087979631630051416e-02
1.607700000000000101e-02 -1.102654272389421049e-02
1.640199999999999991e-02 -1.117844181759532728e-02
1.673399999999999888e-02 -1.130874843296234694e-02
1.707200000000000037e-02 -1.144485178582559104e-02
1.741600000000000092e-02 -1.155956165081615042e-02
1.776799999999999907e-02 -1.168036257003567113e-02
1.812700000000000075e-02 -1.180748519286367419e-02
1.849299999999999902e-02 -1.194151060960003084e-02
1.886699999999999836e-02 -1.205451533186405362e-02
1.924800000000000122e-02 -1.217471751386526961e-02
1.963700000000000168e-02 -1.224602320872182279e-02
2.003399999999999972e-02 -1.238047934523918772e-02
2.043800000000000130e-02 -1.246590901976580776e-02
2.085100000000000148e-02 -1.255863058026328652e-02
2.127199999999999924e-02 -1.265894440295551975e-02
2.170199999999999907e-02 -1.273754389529129297e-02
2.214100000000000096e-02 -1.279435259068675834e-02
2.258800000000000044e-02 -1.288773077981550386e-02
2.304399999999999851e-02 -1.292889260815048916e-02
2.350999999999999965e-02 -1.297639236580617507e-02
2.398499999999999938e-02 -1.303049667098115511e-02
2.446900000000000117e-02 -1.305994485456515343e-02
2.496400000000000008e-02 -1.309542523674523708e-02
2.546800000000000105e-02 -1.313637369754121036e-02
2.598200000000000162e-02 -1.311873738549933048e-02
2.650699999999999931e-02 -1.310446760897165941e-02
2.704300000000000107e-02 -1.309369321724317137e-02
2.758899999999999894e-02 -1.308567860425157922e-02
2.814600000000000088e-02 -1.301241237511789259e-02
2.871500000000000094e-02 -1.297349154033255146e-02
2.929500000000000159e-02 -1.290022986483976841e-02
2.988700000000000037e-02 -1.282549777898734852e-02
3.048999999999999974e-02 -1.267655861604916924e-02
3.110600000000000170e-02 -1.255973068899954651e-02
3.173499999999999932e-02 -1.240057976794575398e-02
3.237600000000000200e-02 -1.223490697006314985e-02
3.302999999999999686e-02 -1.206146440729962896e-02
3.369699999999999779e-02 -1.187897555902643100e-02
3.437799999999999884e-02 -1.160648154439721837e-02
3.507199999999999901e-02 -1.136166115378212278e-02
3.578100000000000031e-02 -1.106229059824906207e-02
3.650400000000000172e-02 -1.074845192923679950e-02
3.724100000000000327e-02 -1.041878737066718671e-02
3.799299999999999899e-02 -1.002911546919945003e-02
3.876099999999999685e-02 -9.620837157319728564e-03
3.954400000000000276e-02 -9.193165369098577760e-03
4.034299999999999692e-02 -8.698523361218143610e-03
4.115800000000000014e-02 -8.181350881568582450e-03
4.198899999999999855e-02 -7.641280792852471471e-03
4.283800000000000108e-02 -7.030161557109641454e-03
4.370299999999999879e-02 -6.445128212073584877e-03
4.458600000000000063e-02 -5.739254680756968215e-03
4.548599999999999866e-02 -5.009751641080293673e-03
4.640500000000000180e-02 -4.257617552668919308e-03
4.734300000000000314e-02 -3.430891757581149004e-03
4.829900000000000165e-02 -2.580782513722230768e-03
4.927499999999999936e-02 -1.707304474899157092e-03
5.027000000000000218e-02 -7.565523192525038442e-04
5.128599999999999826e-02 2.736651997047926635e-04
5.232200000000000045e-02 1.330450886423814290e-03
5.337900000000000283e-02 2.414578481708593710e-03
5.445699999999999846e-02 3.584335188981997711e-03
5.555700000000000222e-02 4.844300130948132714e-03
5.668000000000000121e-02 6.141268022082428842e-03
5.782500000000000140e-02 7.479999256665701909e-03
5.899299999999999683e-02 8.865894448223719457e-03
6.018400000000000138e-02 1.042762316225915968e-02
6.140000000000000319e-02 1.192981263929691373e-02
6.264100000000000223e-02 1.356579094574531311e-02
6.390600000000000447e-02 1.521980598446827891e-02
6.519700000000000495e-02 1.703074691493833975e-02
6.651400000000000368e-02 1.881189608526336737e-02
6.785800000000000165e-02 2.077360941483972351e-02
6.922899999999999887e-02 2.286224665426842689e-02
7.062699999999999534e-02 2.494116332158611768e-02
7.205400000000000693e-02 2.716272893936061764e-02
7.351000000000000589e-02 2.953551962550864801e-02
7.499400000000000510e-02 3.198645021642341352e-02
7.650899999999999368e-02 3.451521060048536732e-02
7.805499999999999938e-02 3.728979827397364832e-02
7.963199999999999446e-02 4.014067641963622174e-02
8.124099999999999377e-02 4.314797600780720388e-02
8.288199999999999734e-02 4.630412034327020115e-02
8.455600000000000616e-02 4.964686576477014140e-02
8.626399999999999346e-02 5.300320510408712549e-02
8.800700000000000189e-02 5.650064890141383300e-02
8.978500000000000369e-02 6.008132009140414870e-02
9.159799999999999887e-02 6.369786595883096536e-02
9.344900000000000428e-02 6.735872471381532112e-02
9.533700000000000507e-02 7.103619254456416954e-02
9.726300000000000223e-02 7.473405257593586370e-02
9.922699999999999576e-02 7.846029356277128830e-02
1.012300000000000005e-01 8.220932167260416867e-02
1.032799999999999968e-01 8.602249683232446320e-02
1.053599999999999953e-01 8.993936656831090504e-02
1.074900000000000022e-01 9.397111267159519166e-02
1.096599999999999936e-01 9.815816031702379041e-02
1.118799999999999933e-01 1.025316921533252212e-01
1.141400000000000053e-01 1.071386200048502074e-01
1.164400000000000018e-01 1.120330142947570246e-01
1.188000000000000028e-01 1.172635837451621171e-01
1.212000000000000022e-01 1.228531076794943944e-01
1.236499999999999960e-01 1.288378987401263553e-01
1.261400000000000021e-01 1.352689358938623243e-01
1.286899999999999988e-01 1.421391679390100193e-01
1.312899999999999900e-01 1.494160512499772830e-01
1.339400000000000035e-01 1.570271876614928730e-01
1.366499999999999937e-01 1.648667201970081542e-01
1.394100000000000061e-01 1.727901397590577703e-01
1.422299999999999953e-01 1.806216863522731308e-01
1.451000000000000068e-01 1.882497087987645701e-01
1.480299999999999949e-01 1.955463677973896808e-01
1.510199999999999876e-01 2.025062495544546204e-01
1.540700000000000125e-01 2.092533569233474555e-01
1.571799999999999864e-01 2.158229520728993656e-01
1.603600000000000025e-01 2.224448963319750616e-01
1.635999999999999954e-01 2.293316830226184433e-01
1.668999999999999928e-01 2.366996792069307742e-01
1.702799999999999869e-01 2.448137996506837277e-01
1.737100000000000033e-01 2.538515678922085295e-01
1.772199999999999886e-01 2.638905628803429049e-01
1.807999999999999885e-01 2.748747641364989169e-01
1.844600000000000128e-01 2.866915862506417834e-01
1.881799999999999862e-01 2.990891606326659402e-01
1.919800000000000118e-01 3.117537713868288596e-01
1.958600000000000063e-01 3.242788467338592051e-01
1.998199999999999976e-01 3.362296553183083403e-01
2.038600000000000134e-01 3.473518521614015753e-01
2.079699999999999882e-01 3.578093036346315370e-01
2.121800000000000075e-01 3.677493850839206879e-01
2.164600000000000135e-01 3.776371424619101025e-01
2.208299999999999985e-01 3.880759211925214891e-01
2.253000000000000003e-01 3.994687685569146551e-01
2.298499999999999988e-01 4.123124908294428237e-01
2.344900000000000040e-01 4.266605930325978457e-01
2.392299999999999982e-01 4.422390911712615891e-01
2.440599999999999992e-01 4.586228535187836797e-01
2.489899999999999891e-01 4.751222659269420667e-01
2.540200000000000236e-01 4.912583546867519968e-01
2.591499999999999915e-01 5.064996360457438840e-01
2.643900000000000139e-01 5.207287000406678468e-01
2.697300000000000253e-01 5.344859315112980847e-01
2.751799999999999802e-01 5.484438165919136576e-01
2.807399999999999896e-01 5.633696004535952984e-01
2.864099999999999979e-01 5.795713906028658879e-01
2.921900000000000053e-01 5.973789971344746208e-01
2.980999999999999761e-01 6.164378584712373321e-01
3.041200000000000014e-01 6.358797172495963546e-01
3.102599999999999802e-01 6.550252538226224441e-01
3.165299999999999780e-01 6.734393498394616318e-01
3.229199999999999848e-01 6.912463288053372068e-01
3.294500000000000206e-01 7.088166314626468401e-01
3.361000000000000099e-01 7.269106972671791622e-01
3.428899999999999726e-01 7.461530569351492170e-01
3.498200000000000198e-01 7.666996828644828677e-01
3.568899999999999850e-01 7.881114603024873544e-01
3.640900000000000247e-01 8.097975605573611846e-01
3.714500000000000024e-01 8.312076482911799902e-01
3.789500000000000091e-01 8.521346216021039588e-01
3.866100000000000092e-01 8.729826913604279426e-01
3.944199999999999928e-01 8.942455408698531949e-01
4.023900000000000254e-01 9.163240302442028362e-01
4.105199999999999960e-01 9.393703991057338332e-01
4.188100000000000156e-01 9.628405077899869768e-01
4.272699999999999831e-01 9.863828747613190284e-01
4.359000000000000097e-01 1.009727441680073445e+00
4.447099999999999942e-01 1.033117263054811774e+00
4.536899999999999822e-01 1.056815159989648256e+00
4.628599999999999937e-01 1.081111585104389761e+00
4.722100000000000186e-01 1.105924504289486743e+00
4.817400000000000015e-01 1.131005066871890508e+00
4.914799999999999724e-01 1.156109167634280288e+00
5.014100000000000223e-01 1.181327640781143273e+00
5.115300000000000402e-01 1.206715514540589229e+00
5.218699999999999450e-01 1.232444790214888952e+00
5.324100000000000499e-01 1.258467329332487950e+00
5.431700000000000417e-01 1.284728848173166016e+00
5.541399999999999659e-01 1.311232720208842073e+00
5.653299999999999992e-01 1.337819545779952213e+00
5.767499999999999849e-01 1.364592398020058495e+00
5.884000000000000341e-01 1.391578594576079020e+00
6.002899999999999903e-01 1.418726164837685211e+00
6.124199999999999644e-01 1.445953372666062942e+00
6.247899999999999565e-01 1.473325318118331895e+00
6.374100000000000321e-01 1.500826667979091367e+00
6.502900000000000347e-01 1.528475360176460240e+00
6.634200000000000097e-01 1.556221949908973112e+00
6.768300000000000427e-01 1.584023278541334845e+00
6.905000000000000027e-01 1.611933805672337128e+00
7.044500000000000206e-01 1.639917507312478095e+00
7.186799999999999855e-01 1.667947110078799922e+00
7.331999999999999629e-01 1.696034463856273877e+00
7.480099999999999527e-01 1.724143966453687948e+00
7.631200000000000205e-01 1.752297084085530088e+00
7.785400000000000098e-01 1.780426619015359258e+00
7.942599999999999660e-01 1.808611678901503206e+00
8.103099999999999747e-01 1.836692690268024952e+00
8.266799999999999704e-01 1.864800481552864930e+00
8.433800000000000185e-01 1.892839548666304994e+00
8.604100000000000081e-01 1.920752805305934841e+00
8.778000000000000247e-01 1.948663375689531962e+00
8.955300000000000482e-01 1.976452674892363204e+00
9.136199999999999877e-01 2.004115118437753917e+00
9.320800000000000196e-01 2.031661276703918162e+00
9.509100000000000330e-01 2.059042153728460001e+00
9.701100000000000279e-01 2.086271451429447588e+00
9.897099999999999786e-01 2.113300740356640173e+00
1.009700000000000042e+00 2.140137988550284032e+00
1.030100000000000016e+00 2.166774446691193567e+00
1.050899999999999945e+00 2.193161661164840570e+00
1.072100000000000053e+00 2.219333935010027847e+00
1.093800000000000106e+00 2.245250461348434090e+00
1.115899999999999892e+00 2.270907251030341190e+00
1.138400000000000079e+00 2.296306640849973046e+00
1.161399999999999988e+00 2.321438876766636294e+00
1.184900000000000064e+00 2.346299299104339653e+00
1.208800000000000097e+00 2.370909645998767967e+00
1.233300000000000063e+00 2.395216190352204233e+00
1.258199999999999985e+00 2.419229209546835957e+00
1.283600000000000074e+00 2.442944533499429305e+00
1.309500000000000108e+00 2.466390624324588998e+00
1.336000000000000076e+00 2.489526229435172322e+00
1.362999999999999989e+00 2.512337597037643366e+00
1.390500000000000069e+00 2.534869822792026994e+00
1.418600000000000083e+00 2.557069296973220052e+00
1.447200000000000042e+00 2.578998072704604461e+00
1.476499999999999924e+00 2.600578818881869925e+00
1.506299999999999972e+00 2.621891066627144440e+00
1.536699999999999955e+00 2.642854001545668297e+00
1.567800000000000082e+00 2.663498302615103785e+00
1.599399999999999933e+00 2.683868122241919174e+00
1.631799999999999917e+00 2.703890221158385287e+00
1.664700000000000069e+00 2.723622793147491006e+00
1.698399999999999910e+00 2.742996410639221949e+00
1.732699999999999907e+00 2.762120112457236765e+00
1.767700000000000049e+00 2.780901699185446940e+00
1.803399999999999892e+00 2.799363999969318506e+00
1.839800000000000102e+00 2.817586088170517034e+00
1.877000000000000002e+00 2.835435292878038638e+00
1.914900000000000047e+00 2.853042498885267619e+00
1.953600000000000003e+00 2.870397014339555852e+00
1.993000000000000105e+00 2.887431173763914227e+00
2.033300000000000107e+00 2.904134388078485340e+00
2.074399999999999800e+00 2.920587763344260512e+00
2.116299999999999848e+00 2.936766135310501458e+00
2.158999999999999808e+00 2.952686039299203369e+00
2.202599999999999891e+00 2.968332045968386179e+00
2.247100000000000097e+00 2.983833603831378412e+00
2.292499999999999982e+00 2.998951293295378573e+00
2.338799999999999990e+00 3.013873360624641062e+00
2.386099999999999888e+00 3.028559034423965901e+00
2.434299999999999908e+00 3.042966687196092312e+00
2.483499999999999819e+00 3.057223956616004656e+00
2.533599999999999852e+00 3.071165543701134037e+00
2.584799999999999986e+00 3.084948940840460896e+00
2.637000000000000011e+00 3.098581242045518991e+00
2.690300000000000136e+00 3.111960268107407668e+00
2.744699999999999918e+00 3.125159948425437761e+00
2.800100000000000033e+00 3.138131743110376348e+00
2.856700000000000017e+00 3.150913674691043109e+00
2.914400000000000102e+00 3.163594825609218120e+00
2.973300000000000054e+00 3.176051692635464718e+00
3.033300000000000107e+00 3.188386016150737134e+00
3.094599999999999795e+00 3.200534922109392610e+00
3.157099999999999795e+00 3.212537131362602327e+00
3.220899999999999874e+00 3.224420674614867810e+00
3.286000000000000032e+00 3.236199183782819677e+00
3.352300000000000058e+00 3.247845879865787211e+00
3.420100000000000140e+00 3.259357812430959456e+00
3.489199999999999857e+00 3.270696430232510110e+00
3.559600000000000097e+00 3.281975351851087463e+00
3.631600000000000161e+00 3.293146477729196775e+00
3.704899999999999860e+00 3.304242577352274779e+00
3.779799999999999827e+00 3.315233595976281755e+00
3.856100000000000083e+00 3.326143200867439198e+00
3.934000000000000163e+00 3.336981032043331741e+00
4.013499999999999623e+00 3.347773443282321182e+00
4.094599999999999795e+00 3.358492944151409088e+00
4.177299999999999791e+00 3.369120077488539255e+00
4.261700000000000266e+00 3.379725383771826408e+00
4.347800000000000331e+00 3.390321104336130542e+00
4.435599999999999987e+00 3.400827746391528184e+00
4.525199999999999889e+00 3.411339354246456512e+00
4.616600000000000037e+00 3.421813412757383155e+00
4.709900000000000198e+00 3.432295190278391583e+00
4.804999999999999716e+00 3.442725906689437121e+00
4.902099999999999902e+00 3.453158682179094274e+00
5.001100000000000101e+00 3.463643088174630069e+00
5.102100000000000080e+00 3.474081440940734122e+00
5.205199999999999605e+00 3.484573260746658629e+00
5.310399999999999565e+00 3.495016511484391408e+00
5.417600000000000193e+00 3.505528153476761499e+00
5.527099999999999902e+00 3.516086908397167310e+00
5.638700000000000045e+00 3.526669532189306011e+00
5.752600000000000158e+00 3.537250843719387916e+00
5.868900000000000006e+00 3.547997590355583597e+00
5.987400000000000055e+00 3.558676766216652965e+00
6.108399999999999608e+00 3.569478134927649204e+00
6.231799999999999784e+00 3.580312451849009481e+00
6.357700000000000351e+00 3.591224216602408870e+00
6.486100000000000421e+00 3.602219674763690538e+00
6.617099999999999760e+00 3.613289827310412594e+00
6.750799999999999912e+00 3.624470518211234449e+00
6.887199999999999989e+00 3.635719098094595036e+00
7.026299999999999990e+00 3.647053945927019036e+00
7.168199999999999683e+00 3.658557863865685711e+00
7.312999999999999723e+00 3.670123045747435864e+00
7.460799999999999876e+00 3.681834812117178668e+00
7.611500000000000377e+00 3.693644124903367132e+00
7.765299999999999869e+00 3.705625530919981259e+00
7.922100000000000364e+00 3.717724849519898456e+00
8.082200000000000273e+00 3.729902433460513755e+00
8.245400000000000063e+00 3.742306391850754643e+00
8.412000000000000810e+00 3.754832658121924016e+00
8.581899999999999196e+00 3.767456367595436895e+00
8.755300000000000082e+00 3.780296696026710812e+00
8.932199999999999918e+00 3.793316791334947702e+00
9.112600000000000477e+00 3.806497418789423381e+00
9.296699999999999520e+00 3.819795256913876447e+00
9.484500000000000597e+00 3.833304458113899305e+00
9.676099999999999923e+00 3.846911812884733717e+00
9.871600000000000819e+00 3.860729711040595369e+00
1.007099999999999973e+01 3.874552965555210449e+00
