# # k[h/Mpc], logBoost (P^NLCDM_NL/P^NLCDM_L)
1.000000000000000048e-04 0.000000000000000000e+00
1.020200000000000024e-04 0.000000000000000000e+00
1.040800000000000064e-04 0.000000000000000000e+00
1.061800000000000032e-04 0.000000000000000000e+00
1.083300000000000013e-04 0.000000000000000000e+00
1.105200000000000057e-04 0.000000000000000000e+00
1.127500000000000030e-04 0.000000000000000000e+00
1.150300000000000015e-04 0.000000000000000000e+00
1.173500000000000064e-04 0.000000000000000000e+00
1.197199999999999989e-04 0.000000000000000000e+00
1.221399999999999927e-04 0.000000000000000000e+00
1.246099999999999877e-04 0.000000000000000000e+00
1.271199999999999891e-04 0.000000000000000000e+00
1.296899999999999865e-04 0.000000000000000000e+00
1.323100000000000122e-04 0.000000000000000000e+00
1.349900000000000069e-04 0.000000000000000000e+00
1.377100000000000080e-04 0.000000000000000000e+00
1.404900000000000051e-04 0.000000000000000000e+00
1.433299999999999982e-04 0.000000000000000000e+00
1.462299999999999874e-04 0.000000000000000000e+00
1.491800000000000049e-04 0.000000000000000000e+00
1.522000000000000132e-04 0.000000000000000000e+00
1.552699999999999957e-04 0.000000000000000000e+00
1.584099999999999961e-04 0.000000000000000000e+00
1.616099999999999926e-04 0.000000000000000000e+00
1.648700000000000122e-04 0.000000000000000000e+00
1.681999999999999956e-04 0.000000000000000000e+00
1.715999999999999969e-04 0.000000000000000000e+00
1.750699999999999891e-04 0.000000000000000000e+00
1.786000000000000044e-04 0.000000000000000000e+00
1.822100000000000054e-04 0.000000000000000000e+00
1.858899999999999973e-04 0.000000000000000000e+00
1.896500000000000020e-04 0.000000000000000000e+00
1.934799999999999975e-04 0.000000000000000000e+00
1.973900000000000058e-04 0.000000000000000000e+00
2.013799999999999998e-04 0.000000000000000000e+00
2.054400000000000117e-04 0.000000000000000000e+00
2.095900000000000042e-04 0.000000000000000000e+00
2.138300000000000042e-04 0.000000000000000000e+00
2.181499999999999900e-04 0.000000000000000000e+00
2.225499999999999885e-04 0.000000000000000000e+00
2.270499999999999895e-04 0.000000000000000000e+00
2.316399999999999980e-04 0.000000000000000000e+00
2.363199999999999871e-04 0.000000000000000000e+00
2.410900000000000109e-04 0.000000000000000000e+00
2.459599999999999829e-04 0.000000000000000000e+00
2.509300000000000115e-04 0.000000000000000000e+00
2.559999999999999884e-04 0.000000000000000000e+00
2.611700000000000219e-04 0.000000000000000000e+00
2.664499999999999985e-04 0.000000000000000000e+00
2.718299999999999775e-04 0.000000000000000000e+00
2.773200000000000079e-04 0.000000000000000000e+00
2.829199999999999814e-04 0.000000000000000000e+00
2.886400000000000012e-04 0.000000000000000000e+00
2.944700000000000182e-04 0.000000000000000000e+00
3.004199999999999731e-04 0.000000000000000000e+00
3.064899999999999743e-04 0.000000000000000000e+00
3.126800000000000217e-04 0.000000000000000000e+00
3.189900000000000070e-04 0.000000000000000000e+00
3.254399999999999741e-04 0.000000000000000000e+00
3.320099999999999874e-04 0.000000000000000000e+00
3.387199999999999825e-04 0.000000000000000000e+00
3.455600000000000186e-04 0.000000000000000000e+00
3.525399999999999823e-04 0.000000000000000000e+00
3.596599999999999819e-04 0.000000000000000000e+00
3.669300000000000122e-04 0.000000000000000000e+00
3.743400000000000243e-04 0.000000000000000000e+00
3.819000000000000129e-04 0.000000000000000000e+00
3.896200000000000271e-04 0.000000000000000000e+00
3.974900000000000178e-04 0.000000000000000000e+00
4.055199999999999799e-04 0.000000000000000000e+00
4.137100000000000217e-04 0.000000000000000000e+00
4.220699999999999756e-04 0.000000000000000000e+00
4.306000000000000040e-04 0.000000000000000000e+00
4.392900000000000038e-04 0.000000000000000000e+00
4.481700000000000137e-04 0.000000000000000000e+00
4.572199999999999897e-04 0.000000000000000000e+00
4.664599999999999758e-04 0.000000000000000000e+00
4.758799999999999771e-04 0.000000000000000000e+00
4.854999999999999832e-04 0.000000000000000000e+00
4.952999999999999504e-04 0.000000000000000000e+00
5.053100000000000256e-04 0.000000000000000000e+00
5.155199999999999973e-04 0.000000000000000000e+00
5.259299999999999739e-04 0.000000000000000000e+00
5.365600000000000534e-04 0.000000000000000000e+00
5.473900000000000293e-04 0.000000000000000000e+00
5.584500000000000488e-04 0.000000000000000000e+00
5.697299999999999543e-04 0.000000000000000000e+00
5.812400000000000119e-04 0.000000000000000000e+00
5.929900000000000535e-04 0.000000000000000000e+00
6.049599999999999813e-04 0.000000000000000000e+00
6.171899999999999912e-04 0.000000000000000000e+00
6.296500000000000447e-04 0.000000000000000000e+00
6.423699999999999636e-04 0.000000000000000000e+00
6.553499999999999647e-04 0.000000000000000000e+00
6.685900000000000480e-04 0.000000000000000000e+00
6.821000000000000457e-04 0.000000000000000000e+00
6.958799999999999578e-04 0.000000000000000000e+00
7.099300000000000012e-04 0.000000000000000000e+00
7.242699999999999486e-04 0.000000000000000000e+00
7.389099999999999575e-04 0.000000000000000000e+00
7.538300000000000382e-04 0.000000000000000000e+00
7.690600000000000127e-04 0.000000000000000000e+00
7.845999999999999893e-04 0.000000000000000000e+00
8.004499999999999680e-04 0.000000000000000000e+00
8.166199999999999978e-04 0.000000000000000000e+00
8.331099999999999704e-04 0.000000000000000000e+00
8.499399999999999837e-04 0.000000000000000000e+00
8.671100000000000379e-04 0.000000000000000000e+00
8.846299999999999650e-04 0.000000000000000000e+00
9.024999999999999819e-04 0.000000000000000000e+00
9.207300000000000293e-04 0.000000000000000000e+00
9.393300000000000477e-04 0.000000000000000000e+00
9.583099999999999778e-04 0.000000000000000000e+00
9.776699999999999280e-04 0.000000000000000000e+00
9.974199999999999473e-04 0.000000000000000000e+00
1.017600000000000015e-03 0.000000000000000000e+00
1.038099999999999917e-03 0.000000000000000000e+00
1.059100000000000102e-03 0.000000000000000000e+00
1.080500000000000080e-03 0.000000000000000000e+00
1.102300000000000068e-03 0.000000000000000000e+00
1.124599999999999905e-03 0.000000000000000000e+00
1.147299999999999969e-03 0.000000000000000000e+00
1.170500000000000099e-03 0.000000000000000000e+00
1.194100000000000023e-03 0.000000000000000000e+00
1.218200000000000012e-03 0.000000000000000000e+00
1.242899999999999908e-03 0.000000000000000000e+00
1.268000000000000030e-03 0.000000000000000000e+00
1.293600000000000002e-03 0.000000000000000000e+00
1.319700000000000040e-03 0.000000000000000000e+00
1.346399999999999984e-03 0.000000000000000000e+00
1.373599999999999995e-03 0.000000000000000000e+00
1.401300000000000072e-03 0.000000000000000000e+00
1.429600000000000055e-03 0.000000000000000000e+00
1.458499999999999944e-03 0.000000000000000000e+00
1.487999999999999956e-03 0.000000000000000000e+00
1.518000000000000035e-03 0.000000000000000000e+00
1.548700000000000077e-03 0.000000000000000000e+00
1.580000000000000024e-03 0.000000000000000000e+00
1.611900000000000095e-03 0.000000000000000000e+00
1.644499999999999912e-03 0.000000000000000000e+00
1.677700000000000068e-03 0.000000000000000000e+00
1.711599999999999970e-03 0.000000000000000000e+00
1.746200000000000052e-03 0.000000000000000000e+00
1.781400000000000041e-03 0.000000000000000000e+00
1.817400000000000048e-03 0.000000000000000000e+00
1.854100000000000019e-03 0.000000000000000000e+00
1.891600000000000009e-03 0.000000000000000000e+00
1.929799999999999962e-03 0.000000000000000000e+00
1.968800000000000151e-03 0.000000000000000000e+00
2.008600000000000142e-03 0.000000000000000000e+00
2.049099999999999880e-03 0.000000000000000000e+00
2.090499999999999910e-03 0.000000000000000000e+00
2.132799999999999800e-03 0.000000000000000000e+00
2.175799999999999870e-03 0.000000000000000000e+00
2.219800000000000072e-03 0.000000000000000000e+00
2.264599999999999860e-03 0.000000000000000000e+00
2.310400000000000214e-03 0.000000000000000000e+00
2.357099999999999994e-03 0.000000000000000000e+00
2.404700000000000067e-03 0.000000000000000000e+00
2.453299999999999838e-03 0.000000000000000000e+00
2.502799999999999903e-03 0.000000000000000000e+00
2.553399999999999941e-03 0.000000000000000000e+00
2.605000000000000111e-03 0.000000000000000000e+00
2.657599999999999980e-03 0.000000000000000000e+00
2.711299999999999821e-03 0.000000000000000000e+00
2.765999999999999796e-03 0.000000000000000000e+00
2.821900000000000016e-03 0.000000000000000000e+00
2.878900000000000209e-03 0.000000000000000000e+00
2.937100000000000214e-03 0.000000000000000000e+00
2.996400000000000192e-03 0.000000000000000000e+00
3.056899999999999982e-03 0.000000000000000000e+00
3.118699999999999858e-03 0.000000000000000000e+00
3.181699999999999980e-03 0.000000000000000000e+00
3.246000000000000187e-03 0.000000000000000000e+00
3.311500000000000207e-03 0.000000000000000000e+00
3.378400000000000153e-03 0.000000000000000000e+00
3.446700000000000024e-03 0.000000000000000000e+00
3.516299999999999981e-03 0.000000000000000000e+00
3.587400000000000137e-03 0.000000000000000000e+00
3.659799999999999946e-03 0.000000000000000000e+00
3.733799999999999793e-03 0.000000000000000000e+00
3.809199999999999999e-03 6.019563583455573777e-05
3.886099999999999971e-03 0.000000000000000000e+00
3.964600000000000415e-03 0.000000000000000000e+00
4.044700000000000031e-03 -5.746300820430880272e-05
4.126399999999999686e-03 -1.131861914054519639e-04
4.209799999999999653e-03 -1.114827202938011811e-04
4.294799999999999660e-03 0.000000000000000000e+00
4.381600000000000251e-03 1.081782779072733725e-04
4.470100000000000288e-03 3.197442073603844041e-04
4.560400000000000044e-03 4.201018808831111185e-04
4.652500000000000385e-03 3.105429350561245659e-04
4.746499999999999851e-03 5.102431309629793665e-05
4.842400000000000176e-03 -6.038039833239180381e-04
4.940199999999999626e-03 -1.389647352521033779e-03
5.040000000000000209e-03 -2.301271610746504284e-03
5.141899999999999596e-03 -3.140175048291588434e-03
5.245699999999999842e-03 -3.813523546241511745e-03
5.351700000000000033e-03 -4.186369857342915092e-03
5.459799999999999896e-03 -4.362968164831740325e-03
5.570099999999999704e-03 -4.397222182322023908e-03
5.682600000000000325e-03 -4.294665401602569370e-03
5.797400000000000296e-03 -4.239469053572609072e-03
5.914499999999999619e-03 -4.273793212368881718e-03
6.034000000000000301e-03 -4.307444604655760907e-03
6.155899999999999740e-03 -4.426402293711238778e-03
6.280299999999999945e-03 -4.542664204397011546e-03
6.407200000000000048e-03 -4.698192290561354831e-03
6.536600000000000049e-03 -4.808698069387121188e-03
6.668600000000000222e-03 -4.957908990060456815e-03
6.803299999999999972e-03 -5.022897099877472737e-03
6.940799999999999574e-03 -5.126778562143379826e-03
7.080999999999999621e-03 -5.228770082799176142e-03
7.224000000000000386e-03 -5.328957401411863436e-03
7.369999999999999815e-03 -5.427421735365128147e-03
7.518900000000000236e-03 -5.562709757862834004e-03
7.670800000000000188e-03 -5.657992272228627370e-03
7.825699999999999670e-03 -5.789489855259360822e-03
7.983799999999999231e-03 -5.919269744801037257e-03
8.145100000000000603e-03 -6.047216068347979409e-03
8.309600000000000319e-03 -6.173648350504856372e-03
8.477500000000000660e-03 -6.334977474961004870e-03
8.648799999999999891e-03 -6.458580039411819518e-03
8.823499999999999746e-03 -6.616886468833059823e-03
9.001699999999999632e-03 -6.738308468453059474e-03
9.183600000000000096e-03 -6.894286174839464425e-03
9.369099999999999998e-03 -7.083854888405043647e-03
9.558300000000000476e-03 -7.203077791225189104e-03
9.751400000000000345e-03 -7.356622458032449803e-03
9.948399999999999604e-03 -7.543615235394450502e-03
1.014900000000000004e-02 -7.730126764022089009e-03
1.035400000000000036e-02 -7.882640396784022091e-03
1.056400000000000047e-02 -8.035385403937425966e-03
1.077700000000000012e-02 -8.255057073191596553e-03
1.099499999999999957e-02 -8.441651396262732365e-03
1.121699999999999954e-02 -8.596135481492725439e-03
1.144300000000000005e-02 -8.817247378825280452e-03
1.167499999999999961e-02 -9.006580042024179417e-03
1.191000000000000045e-02 -9.229788468862262438e-03
1.215100000000000034e-02 -9.454580680547386429e-03
1.239700000000000003e-02 -9.681178165641034228e-03
1.264700000000000026e-02 -9.910121034499428522e-03
1.290200000000000027e-02 -1.010949809052008250e-02
1.316299999999999935e-02 -1.034392902692196810e-02
1.342899999999999996e-02 -1.061347630849813865e-02
1.370000000000000037e-02 -1.085496660261280055e-02
1.397699999999999984e-02 -1.110044635544390340e-02
1.425900000000000084e-02 -1.138218500694256410e-02
1.454699999999999917e-02 -1.166889224076366610e-02
1.484100000000000003e-02 -1.192932980683870763e-02
1.514099999999999994e-02 -1.222750467657819119e-02
1.544700000000000066e-02 -1.250016276423149449e-02
1.575899999999999870e-02 -1.281188150419681170e-02
1.607700000000000101e-02 -1.313111360522908368e-02
1.640199999999999991e-02 -1.345880750882303377e-02
1.673399999999999888e-02 -1.379510048076580848e-02
1.707200000000000037e-02 -1.410889662894754780e-02
1.741600000000000092e-02 -1.446497616161634969e-02
1.776799999999999907e-02 -1.483251081154484188e-02
1.812700000000000075e-02 -1.521129252457265914e-02
1.849299999999999902e-02 -1.556979041973865358e-02
1.886699999999999836e-02 -1.594123312966294267e-02
1.924800000000000122e-02 -1.636028310520690893e-02
1.963700000000000168e-02 -1.676054643295477042e-02
2.003399999999999972e-02 -1.717658015216943709e-02
2.043800000000000130e-02 -1.757478213584195634e-02
2.085100000000000148e-02 -1.798971939410135695e-02
2.127199999999999924e-02 -1.845795963816925997e-02
2.170199999999999907e-02 -1.887450929604824953e-02
2.214100000000000096e-02 -1.934629547105801844e-02
2.258800000000000044e-02 -1.980262729617975406e-02
2.304399999999999851e-02 -2.027929569924807190e-02
2.350999999999999965e-02 -2.074159484815438562e-02
2.398499999999999938e-02 -2.126371213042144159e-02
2.446900000000000117e-02 -2.177129128258137661e-02
2.496400000000000008e-02 -2.226429815048481392e-02
2.546800000000000105e-02 -2.278093089302690374e-02
2.598200000000000162e-02 -2.328215688287194746e-02
2.650699999999999931e-02 -2.384870250473913530e-02
2.704300000000000107e-02 -2.435787938248459156e-02
2.758899999999999894e-02 -2.493280419939932976e-02
2.814600000000000088e-02 -2.549093988602840755e-02
2.871500000000000094e-02 -2.603049871227863105e-02
2.929500000000000159e-02 -2.659264482917814143e-02
2.988700000000000037e-02 -2.717758162801283198e-02
3.048999999999999974e-02 -2.778672387102480712e-02
3.110600000000000170e-02 -2.832318685426123139e-02
3.173499999999999932e-02 -2.892662720864034448e-02
3.237600000000000200e-02 -2.954896557932050125e-02
3.302999999999999686e-02 -3.013919770562716732e-02
3.369699999999999779e-02 -3.079571221958484969e-02
3.437799999999999884e-02 -3.141396575093671761e-02
3.507199999999999901e-02 -3.198880161197197036e-02
3.578100000000000031e-02 -3.262578531271242283e-02
3.650400000000000172e-02 -3.332600987574926843e-02
3.724100000000000327e-02 -3.397625203879910821e-02
3.799299999999999899e-02 -3.463011406170659473e-02
3.876099999999999685e-02 -3.534577273885161630e-02
3.954400000000000276e-02 -3.599772343058149637e-02
4.034299999999999692e-02 -3.670598092890418190e-02
4.115800000000000014e-02 -3.740429632018426459e-02
4.198899999999999855e-02 -3.821788878861281935e-02
4.283800000000000108e-02 -3.901509884075971685e-02
4.370299999999999879e-02 -3.979752277712262504e-02
4.458600000000000063e-02 -4.062898239765549285e-02
4.548599999999999866e-02 -4.151762697045627282e-02
4.640500000000000180e-02 -4.239148058386752599e-02
4.734300000000000314e-02 -4.332342969784885173e-02
4.829900000000000165e-02 -4.431975765748363133e-02
4.927499999999999936e-02 -4.524066066460495639e-02
5.027000000000000218e-02 -4.630937991133136228e-02
5.128599999999999826e-02 -4.730967049893459314e-02
5.232200000000000045e-02 -4.831931160246485946e-02
5.337900000000000283e-02 -4.942028391302846074e-02
5.445699999999999846e-02 -5.047138855721984563e-02
5.555700000000000222e-02 -5.155172153676061686e-02
5.668000000000000121e-02 -5.259757395808734026e-02
5.782500000000000140e-02 -5.369170984987955975e-02
5.899299999999999683e-02 -5.476672323571010054e-02
6.018400000000000138e-02 -5.575691186579428971e-02
6.140000000000000319e-02 -5.674802273146787451e-02
6.264100000000000223e-02 -5.766945529456629638e-02
6.390600000000000447e-02 -5.844083779665191353e-02
6.519700000000000495e-02 -5.924079392827349272e-02
6.651400000000000368e-02 -5.989704409042643368e-02
6.785800000000000165e-02 -6.039677429101246442e-02
6.922899999999999887e-02 -6.073001378683533236e-02
7.062699999999999534e-02 -6.101969695370517560e-02
7.205400000000000693e-02 -6.108729980859572972e-02
7.351000000000000589e-02 -6.100728104502763788e-02
7.499400000000000510e-02 -6.074146479929528469e-02
7.650899999999999368e-02 -6.028847046892401446e-02
7.805499999999999938e-02 -5.968304252328024417e-02
7.963199999999999446e-02 -5.889032801634682540e-02
8.124099999999999377e-02 -5.793875803264754432e-02
8.288199999999999734e-02 -5.686293112545106471e-02
8.455600000000000616e-02 -5.565423326492448947e-02
8.626399999999999346e-02 -5.438339909006196377e-02
8.800700000000000189e-02 -5.307925738170054392e-02
8.978500000000000369e-02 -5.179543247013020796e-02
9.159799999999999887e-02 -5.058667679002379347e-02
9.344900000000000428e-02 -4.949137086131735752e-02
9.533700000000000507e-02 -4.856891682886359946e-02
9.726300000000000223e-02 -4.782490335595965952e-02
9.922699999999999576e-02 -4.726676177059114387e-02
1.012300000000000005e-01 -4.686735629585824653e-02
1.032799999999999968e-01 -4.660448907818198067e-02
1.053599999999999953e-01 -4.637798148314128260e-02
1.074900000000000022e-01 -4.612407021473774460e-02
1.096599999999999936e-01 -4.575449761749316585e-02
1.118799999999999933e-01 -4.513282116649353082e-02
1.141400000000000053e-01 -4.416334962385697060e-02
1.164400000000000018e-01 -4.278727520520886340e-02
1.188000000000000028e-01 -4.089933201488323705e-02
1.212000000000000022e-01 -3.842436824373823834e-02
1.236499999999999960e-01 -3.529867342169384220e-02
1.261400000000000021e-01 -3.147356240211981321e-02
1.286899999999999988e-01 -2.690388868608840911e-02
1.312899999999999900e-01 -2.160543961978316288e-02
1.339400000000000035e-01 -1.566184720062944666e-02
1.366499999999999937e-01 -9.203339614347921110e-03
1.394100000000000061e-01 -2.490452226736676079e-03
1.422299999999999953e-01 4.232038421429696294e-03
1.451000000000000068e-01 1.057986374819881205e-02
1.480299999999999949e-01 1.644851220027863589e-02
1.510199999999999876e-01 2.155054491289324498e-02
1.540700000000000125e-01 2.593952599053384739e-02
1.571799999999999864e-01 2.969052049308582714e-02
1.603600000000000025e-01 3.300359262059493481e-02
1.635999999999999954e-01 3.616354171073171697e-02
1.668999999999999928e-01 3.958509333834370897e-02
1.702799999999999869e-01 4.376807378036420143e-02
1.737100000000000033e-01 4.900676181509262125e-02
1.772199999999999886e-01 5.569990135017413579e-02
1.807999999999999885e-01 6.381283170078930200e-02
1.844600000000000128e-01 7.344050169156743357e-02
1.881799999999999862e-01 8.443099637832873761e-02
1.919800000000000118e-01 9.641764859362793316e-02
1.958600000000000063e-01 1.088098838603826779e-01
1.998199999999999976e-01 1.209197213129491882e-01
2.038600000000000134e-01 1.321177021598053114e-01
2.079699999999999882e-01 1.419686456818970155e-01
2.121800000000000075e-01 1.504925931659863714e-01
2.164600000000000135e-01 1.578450668316787042e-01
2.208299999999999985e-01 1.647845063007019883e-01
2.253000000000000003e-01 1.722178399446273322e-01
2.298499999999999988e-01 1.809358728727684940e-01
2.344900000000000040e-01 1.915802868580914198e-01
2.392299999999999982e-01 2.043888063149844614e-01
2.440599999999999992e-01 2.189948971903583619e-01
2.489899999999999891e-01 2.351267430784990398e-01
2.540200000000000236e-01 2.516052303835729087e-01
2.591499999999999915e-01 2.675023341031854685e-01
2.643900000000000139e-01 2.819009830822017948e-01
2.697300000000000253e-01 2.946781939386564075e-01
2.751799999999999802e-01 3.063234831974042116e-01
2.807399999999999896e-01 3.176112394623373247e-01
2.864099999999999979e-01 3.299488970398266052e-01
2.921900000000000053e-01 3.441296583924444707e-01
2.980999999999999761e-01 3.603485939857539733e-01
3.041200000000000014e-01 3.784609222465352696e-01
3.102599999999999802e-01 3.974404666947433662e-01
3.165299999999999780e-01 4.161507738908439280e-01
3.229199999999999848e-01 4.337642084464040093e-01
3.294500000000000206e-01 4.500102276084387287e-01
3.361000000000000099e-01 4.653849230927172842e-01
3.428899999999999726e-01 4.811687420333518594e-01
3.498200000000000198e-01 4.981539483145137615e-01
3.568899999999999850e-01 5.168933674180159477e-01
3.640900000000000247e-01 5.371186650457497880e-01
3.714500000000000024e-01 5.578340712872005280e-01
3.789500000000000091e-01 5.780199719155951765e-01
3.866100000000000092e-01 5.973860885014589117e-01
3.944199999999999928e-01 6.162002663614151166e-01
4.023900000000000254e-01 6.350890582554467034e-01
4.105199999999999960e-01 6.549700106732020410e-01
4.188100000000000156e-01 6.760129062600380712e-01
4.272699999999999831e-01 6.978686927898443138e-01
4.359000000000000097e-01 7.197213836305731416e-01
4.447099999999999942e-01 7.412180100722159937e-01
4.536899999999999822e-01 7.622813771328781351e-01
4.628599999999999937e-01 7.836021298079534070e-01
4.722100000000000186e-01 8.055087480209933704e-01
4.817400000000000015e-01 8.281710251003201462e-01
4.914799999999999724e-01 8.511282813845495454e-01
5.014100000000000223e-01 8.740645380690436061e-01
5.115300000000000402e-01 8.968226277254702783e-01
5.218699999999999450e-01 9.198361242703947394e-01
5.324100000000000499e-01 9.431133575185868256e-01
5.431700000000000417e-01 9.666783022726211927e-01
5.541399999999999659e-01 9.904126660233255608e-01
5.653299999999999992e-01 1.014301590470190417e+00
5.767499999999999849e-01 1.038366512135793673e+00
5.884000000000000341e-01 1.062513670799102306e+00
6.002899999999999903e-01 1.086803626135089296e+00
6.124199999999999644e-01 1.111195001010732764e+00
6.247899999999999565e-01 1.135716926607896582e+00
6.374100000000000321e-01 1.160390506839195091e+00
6.502900000000000347e-01 1.185116525217527306e+00
6.634200000000000097e-01 1.210011917875401855e+00
6.768300000000000427e-01 1.234962179872410415e+00
6.905000000000000027e-01 1.259989265026962402e+00
7.044500000000000206e-01 1.285168957383678645e+00
7.186799999999999855e-01 1.310372191688086829e+00
7.331999999999999629e-01 1.335700038157115799e+00
7.480099999999999527e-01 1.361048271379668773e+00
7.631200000000000205e-01 1.386447005687312384e+00
7.785400000000000098e-01 1.411954933624995912e+00
7.942599999999999660e-01 1.437458438653691939e+00
8.103099999999999747e-01 1.462942265749126447e+00
8.266799999999999704e-01 1.488553955587902600e+00
8.433800000000000185e-01 1.514070712724781886e+00
8.604100000000000081e-01 1.539651005548973162e+00
8.778000000000000247e-01 1.565231819929604695e+00
8.955300000000000482e-01 1.590816976602569488e+00
9.136199999999999877e-01 1.616335995248859181e+00
9.320800000000000196e-01 1.641895495543083783e+00
9.509100000000000330e-01 1.667387015677221918e+00
9.701100000000000279e-01 1.692843953252774147e+00
9.897099999999999786e-01 1.718240528812205126e+00
1.009700000000000042e+00 1.743594756644258670e+00
1.030100000000000016e+00 1.768897759861342456e+00
1.050899999999999945e+00 1.794104167661771720e+00
1.072100000000000053e+00 1.819267674339552388e+00
1.093800000000000106e+00 1.844341574573146625e+00
1.115899999999999892e+00 1.869318541149423973e+00
1.138400000000000079e+00 1.894230630658929604e+00
1.161399999999999988e+00 1.919016138811157957e+00
1.184900000000000064e+00 1.943703014253627348e+00
1.208800000000000097e+00 1.968256355098261690e+00
1.233300000000000063e+00 1.992705184345466840e+00
1.258199999999999985e+00 2.017014646185824489e+00
1.283600000000000074e+00 2.041215203849168880e+00
1.309500000000000108e+00 2.065268532112062072e+00
1.336000000000000076e+00 2.089155668465962457e+00
1.362999999999999989e+00 2.112900699364860468e+00
1.390500000000000069e+00 2.136478209265653128e+00
1.418600000000000083e+00 2.159922064662010754e+00
1.447200000000000042e+00 2.183171293054711359e+00
1.476499999999999924e+00 2.206282250609215900e+00
1.506299999999999972e+00 2.229192798179924218e+00
1.536699999999999955e+00 2.251936947862290150e+00
1.567800000000000082e+00 2.274457573620954243e+00
1.599399999999999933e+00 2.296796217842720811e+00
1.631799999999999917e+00 2.318966851756059544e+00
1.664700000000000069e+00 2.340918384404052421e+00
1.698399999999999910e+00 2.362671653792278725e+00
1.732699999999999907e+00 2.384175306128298644e+00
1.767700000000000049e+00 2.405537648550408747e+00
1.803399999999999892e+00 2.426678192135186318e+00
1.839800000000000102e+00 2.447548787149448568e+00
1.877000000000000002e+00 2.468234526470872936e+00
1.914900000000000047e+00 2.488653073651346581e+00
1.953600000000000003e+00 2.508906305571082740e+00
1.993000000000000105e+00 2.528906613084601851e+00
2.033300000000000107e+00 2.548669808260108915e+00
2.074399999999999800e+00 2.568219702461485898e+00
2.116299999999999848e+00 2.587573667818033663e+00
2.158999999999999808e+00 2.606672686476079637e+00
2.202599999999999891e+00 2.625590287303966708e+00
2.247100000000000097e+00 2.644307662069677267e+00
2.292499999999999982e+00 2.662700815790252751e+00
2.338799999999999990e+00 2.680907230870313462e+00
2.386099999999999888e+00 2.698886940172610327e+00
2.434299999999999908e+00 2.716690749593101639e+00
2.483499999999999819e+00 2.734169802230388857e+00
2.533599999999999852e+00 2.751529221813622250e+00
2.584799999999999986e+00 2.768659149060289426e+00
2.637000000000000011e+00 2.785509429829825301e+00
2.690300000000000136e+00 2.802173157994731323e+00
2.744699999999999918e+00 2.818640189883000247e+00
2.800100000000000033e+00 2.834902605222722638e+00
2.856700000000000017e+00 2.850955259714218926e+00
2.914400000000000102e+00 2.866809595276784250e+00
2.973300000000000054e+00 2.882469866083703813e+00
3.033300000000000107e+00 2.897945428882694241e+00
3.094599999999999795e+00 2.913236507812770437e+00
3.157099999999999795e+00 2.928262559103865570e+00
3.220899999999999874e+00 2.943216685966220769e+00
3.286000000000000032e+00 2.957908795079434938e+00
3.352300000000000058e+00 2.972367933970625931e+00
3.420100000000000140e+00 2.986788616304006716e+00
3.489199999999999857e+00 3.000876760593872206e+00
3.559600000000000097e+00 3.014911043485316355e+00
3.631600000000000161e+00 3.028732627634894037e+00
3.704899999999999860e+00 3.042386779701200972e+00
3.779799999999999827e+00 3.055894868547539556e+00
3.856100000000000083e+00 3.069236536372235591e+00
3.934000000000000163e+00 3.082432731508873758e+00
4.013499999999999623e+00 3.095457740136018376e+00
4.094599999999999795e+00 3.108354272796485240e+00
4.177299999999999791e+00 3.121091554045328120e+00
4.261700000000000266e+00 3.133680335250319082e+00
4.347800000000000331e+00 3.146175678335063175e+00
4.435599999999999987e+00 3.158486187856424543e+00
4.525199999999999889e+00 3.170692101264788398e+00
4.616600000000000037e+00 3.182799991530205652e+00
4.709900000000000198e+00 3.194757086751065955e+00
4.804999999999999716e+00 3.206572396582656470e+00
4.902099999999999902e+00 3.218298092811473499e+00
5.001100000000000101e+00 3.229943876156927463e+00
5.102100000000000080e+00 3.241435944176974893e+00
5.205199999999999605e+00 3.252836513458030598e+00
5.310399999999999565e+00 3.264146087002272711e+00
5.417600000000000193e+00 3.275337474796620629e+00
5.527099999999999902e+00 3.286466747900927743e+00
5.638700000000000045e+00 3.297463002810295585e+00
5.752600000000000158e+00 3.308394377213592197e+00
5.868900000000000006e+00 3.319208336657936353e+00
5.987400000000000055e+00 3.330045788182206756e+00
6.108399999999999608e+00 3.340715806991249703e+00
6.231799999999999784e+00 3.351344893010851145e+00
6.357700000000000351e+00 3.361890379590815492e+00
6.486100000000000421e+00 3.372425600764470399e+00
6.617099999999999760e+00 3.382822708688618007e+00
6.750799999999999912e+00 3.393130422188249895e+00
6.887199999999999989e+00 3.403454683849370888e+00
7.026299999999999990e+00 3.413729331477815432e+00
7.168199999999999683e+00 3.423945479499528766e+00
7.312999999999999723e+00 3.434097660552136055e+00
7.460799999999999876e+00 3.444227665251287540e+00
7.611500000000000377e+00 3.454345964151452009e+00
7.765299999999999869e+00 3.464366845210815615e+00
7.922100000000000364e+00 3.474405986997914475e+00
8.082200000000000273e+00 3.484414689508234630e+00
8.245400000000000063e+00 3.494388625877269838e+00
8.412000000000000810e+00 3.504309104454208068e+00
8.581899999999999196e+00 3.514194882892863525e+00
8.755300000000000082e+00 3.524090655167654518e+00
8.932199999999999918e+00 3.533954712797537034e+00
9.112600000000000477e+00 3.543763434086347086e+00
9.296699999999999520e+00 3.553533138789415347e+00
9.484500000000000597e+00 3.563332221767132602e+00
9.676099999999999923e+00 3.573107806801965936e+00
9.871600000000000819e+00 3.582842513279913987e+00
1.007099999999999973e+01 3.592577931502231259e+00
