# # k[h/Mpc], logBoost (P^NLCDM_NL/P^NLCDM_L)
1.000000000000000048e-04 0.000000000000000000e+00
1.020200000000000024e-04 0.000000000000000000e+00
1.040800000000000064e-04 0.000000000000000000e+00
1.061800000000000032e-04 0.000000000000000000e+00
1.083300000000000013e-04 0.000000000000000000e+00
1.105200000000000057e-04 0.000000000000000000e+00
1.127500000000000030e-04 0.000000000000000000e+00
1.150300000000000015e-04 0.000000000000000000e+00
1.173500000000000064e-04 0.000000000000000000e+00
1.197199999999999989e-04 0.000000000000000000e+00
1.221399999999999927e-04 0.000000000000000000e+00
1.246099999999999877e-04 0.000000000000000000e+00
1.271199999999999891e-04 0.000000000000000000e+00
1.296899999999999865e-04 0.000000000000000000e+00
1.323100000000000122e-04 0.000000000000000000e+00
1.349900000000000069e-04 0.000000000000000000e+00
1.377100000000000080e-04 0.000000000000000000e+00
1.404900000000000051e-04 0.000000000000000000e+00
1.433299999999999982e-04 0.000000000000000000e+00
1.462299999999999874e-04 0.000000000000000000e+00
1.491800000000000049e-04 0.000000000000000000e+00
1.522000000000000132e-04 0.000000000000000000e+00
1.552699999999999957e-04 0.000000000000000000e+00
1.584099999999999961e-04 0.000000000000000000e+00
1.616099999999999926e-04 0.000000000000000000e+00
1.648700000000000122e-04 0.000000000000000000e+00
1.681999999999999956e-04 0.000000000000000000e+00
1.715999999999999969e-04 0.000000000000000000e+00
1.750699999999999891e-04 0.000000000000000000e+00
1.786000000000000044e-04 0.000000000000000000e+00
1.822100000000000054e-04 0.000000000000000000e+00
1.858899999999999973e-04 0.000000000000000000e+00
1.896500000000000020e-04 0.000000000000000000e+00
1.934799999999999975e-04 0.000000000000000000e+00
1.973900000000000058e-04 0.000000000000000000e+00
2.013799999999999998e-04 0.000000000000000000e+00
2.054400000000000117e-04 0.000000000000000000e+00
2.095900000000000042e-04 0.000000000000000000e+00
2.138300000000000042e-04 0.000000000000000000e+00
2.181499999999999900e-04 0.000000000000000000e+00
2.225499999999999885e-04 0.000000000000000000e+00
2.270499999999999895e-04 0.000000000000000000e+00
2.316399999999999980e-04 0.000000000000000000e+00
2.363199999999999871e-04 0.000000000000000000e+00
2.410900000000000109e-04 0.000000000000000000e+00
2.459599999999999829e-04 0.000000000000000000e+00
2.509300000000000115e-04 0.000000000000000000e+00
2.559999999999999884e-04 0.000000000000000000e+00
2.611700000000000219e-04 0.000000000000000000e+00
2.664499999999999985e-04 0.000000000000000000e+00
2.718299999999999775e-04 0.000000000000000000e+00
2.773200000000000079e-04 0.000000000000000000e+00
2.829199999999999814e-04 0.000000000000000000e+00
2.886400000000000012e-04 0.000000000000000000e+00
2.944700000000000182e-04 0.000000000000000000e+00
3.004199999999999731e-04 0.000000000000000000e+00
3.064899999999999743e-04 0.000000000000000000e+00
3.126800000000000217e-04 0.000000000000000000e+00
3.189900000000000070e-04 0.000000000000000000e+00
3.254399999999999741e-04 0.000000000000000000e+00
3.320099999999999874e-04 0.000000000000000000e+00
3.387199999999999825e-04 0.000000000000000000e+00
3.455600000000000186e-04 0.000000000000000000e+00
3.525399999999999823e-04 0.000000000000000000e+00
3.596599999999999819e-04 0.000000000000000000e+00
3.669300000000000122e-04 0.000000000000000000e+00
3.743400000000000243e-04 0.000000000000000000e+00
3.819000000000000129e-04 0.000000000000000000e+00
3.896200000000000271e-04 0.000000000000000000e+00
3.974900000000000178e-04 0.000000000000000000e+00
4.055199999999999799e-04 0.000000000000000000e+00
4.137100000000000217e-04 0.000000000000000000e+00
4.220699999999999756e-04 0.000000000000000000e+00
4.306000000000000040e-04 0.000000000000000000e+00
4.392900000000000038e-04 0.000000000000000000e+00
4.481700000000000137e-04 0.000000000000000000e+00
4.572199999999999897e-04 0.000000000000000000e+00
4.664599999999999758e-04 0.000000000000000000e+00
4.758799999999999771e-04 0.000000000000000000e+00
4.854999999999999832e-04 0.000000000000000000e+00
4.952999999999999504e-04 0.000000000000000000e+00
5.053100000000000256e-04 0.000000000000000000e+00
5.155199999999999973e-04 0.000000000000000000e+00
5.259299999999999739e-04 0.000000000000000000e+00
5.365600000000000534e-04 0.000000000000000000e+00
5.473900000000000293e-04 0.000000000000000000e+00
5.584500000000000488e-04 0.000000000000000000e+00
5.697299999999999543e-04 0.000000000000000000e+00
5.812400000000000119e-04 0.000000000000000000e+00
5.929900000000000535e-04 0.000000000000000000e+00
6.049599999999999813e-04 0.000000000000000000e+00
6.171899999999999912e-04 0.000000000000000000e+00
6.296500000000000447e-04 0.000000000000000000e+00
6.423699999999999636e-04 0.000000000000000000e+00
6.553499999999999647e-04 0.000000000000000000e+00
6.685900000000000480e-04 0.000000000000000000e+00
6.821000000000000457e-04 0.000000000000000000e+00
6.958799999999999578e-04 0.000000000000000000e+00
7.099300000000000012e-04 0.000000000000000000e+00
7.242699999999999486e-04 0.000000000000000000e+00
7.389099999999999575e-04 0.000000000000000000e+00
7.538300000000000382e-04 0.000000000000000000e+00
7.690600000000000127e-04 0.000000000000000000e+00
7.845999999999999893e-04 0.000000000000000000e+00
8.004499999999999680e-04 0.000000000000000000e+00
8.166199999999999978e-04 0.000000000000000000e+00
8.331099999999999704e-04 0.000000000000000000e+00
8.499399999999999837e-04 0.000000000000000000e+00
8.671100000000000379e-04 0.000000000000000000e+00
8.846299999999999650e-04 0.000000000000000000e+00
9.024999999999999819e-04 0.000000000000000000e+00
9.207300000000000293e-04 0.000000000000000000e+00
9.393300000000000477e-04 0.000000000000000000e+00
9.583099999999999778e-04 0.000000000000000000e+00
9.776699999999999280e-04 0.000000000000000000e+00
9.974199999999999473e-04 0.000000000000000000e+00
1.017600000000000015e-03 0.000000000000000000e+00
1.038099999999999917e-03 0.000000000000000000e+00
1.059100000000000102e-03 0.000000000000000000e+00
1.080500000000000080e-03 0.000000000000000000e+00
1.102300000000000068e-03 0.000000000000000000e+00
1.124599999999999905e-03 0.000000000000000000e+00
1.147299999999999969e-03 0.000000000000000000e+00
1.170500000000000099e-03 0.000000000000000000e+00
1.194100000000000023e-03 0.000000000000000000e+00
1.218200000000000012e-03 0.000000000000000000e+00
1.242899999999999908e-03 0.000000000000000000e+00
1.268000000000000030e-03 0.000000000000000000e+00
1.293600000000000002e-03 0.000000000000000000e+00
1.319700000000000040e-03 0.000000000000000000e+00
1.346399999999999984e-03 0.000000000000000000e+00
1.373599999999999995e-03 0.000000000000000000e+00
1.401300000000000072e-03 0.000000000000000000e+00
1.429600000000000055e-03 0.000000000000000000e+00
1.458499999999999944e-03 0.000000000000000000e+00
1.487999999999999956e-03 0.000000000000000000e+00
1.518000000000000035e-03 0.000000000000000000e+00
1.548700000000000077e-03 0.000000000000000000e+00
1.580000000000000024e-03 0.000000000000000000e+00
1.611900000000000095e-03 0.000000000000000000e+00
1.644499999999999912e-03 0.000000000000000000e+00
1.677700000000000068e-03 0.000000000000000000e+00
1.711599999999999970e-03 0.000000000000000000e+00
1.746200000000000052e-03 0.000000000000000000e+00
1.781400000000000041e-03 0.000000000000000000e+00
1.817400000000000048e-03 0.000000000000000000e+00
1.854100000000000019e-03 0.000000000000000000e+00
1.891600000000000009e-03 0.000000000000000000e+00
1.929799999999999962e-03 0.000000000000000000e+00
1.968800000000000151e-03 0.000000000000000000e+00
2.008600000000000142e-03 0.000000000000000000e+00
2.049099999999999880e-03 0.000000000000000000e+00
2.090499999999999910e-03 0.000000000000000000e+00
2.132799999999999800e-03 0.000000000000000000e+00
2.175799999999999870e-03 0.000000000000000000e+00
2.219800000000000072e-03 0.000000000000000000e+00
2.264599999999999860e-03 0.000000000000000000e+00
2.310400000000000214e-03 0.000000000000000000e+00
2.357099999999999994e-03 0.000000000000000000e+00
2.404700000000000067e-03 0.000000000000000000e+00
2.453299999999999838e-03 0.000000000000000000e+00
2.502799999999999903e-03 0.000000000000000000e+00
2.553399999999999941e-03 0.000000000000000000e+00
2.605000000000000111e-03 0.000000000000000000e+00
2.657599999999999980e-03 0.000000000000000000e+00
2.711299999999999821e-03 0.000000000000000000e+00
2.765999999999999796e-03 0.000000000000000000e+00
2.821900000000000016e-03 0.000000000000000000e+00
2.878900000000000209e-03 0.000000000000000000e+00
2.937100000000000214e-03 0.000000000000000000e+00
2.996400000000000192e-03 0.000000000000000000e+00
3.056899999999999982e-03 0.000000000000000000e+00
3.118699999999999858e-03 0.000000000000000000e+00
3.181699999999999980e-03 0.000000000000000000e+00
3.246000000000000187e-03 0.000000000000000000e+00
3.311500000000000207e-03 0.000000000000000000e+00
3.378400000000000153e-03 0.000000000000000000e+00
3.446700000000000024e-03 0.000000000000000000e+00
3.516299999999999981e-03 0.000000000000000000e+00
3.587400000000000137e-03 0.000000000000000000e+00
3.659799999999999946e-03 0.000000000000000000e+00
3.733799999999999793e-03 6.354249406429800045e-05
3.809199999999999999e-03 0.000000000000000000e+00
3.886099999999999971e-03 -6.165038071060809327e-05
3.964600000000000415e-03 -1.214697845404393126e-04
4.044700000000000031e-03 -1.196744855425159356e-04
4.126399999999999686e-03 -1.179175757512977420e-04
4.209799999999999653e-03 0.000000000000000000e+00
4.294799999999999660e-03 1.717475315514505139e-04
4.381600000000000251e-03 3.385431392712220651e-04
4.470100000000000288e-03 3.893106470016653221e-04
4.560400000000000044e-03 2.741603855418557286e-04
4.652500000000000385e-03 -5.407305270735086259e-05
4.746499999999999851e-03 -7.467065257079718134e-04
4.842400000000000176e-03 -1.578698428180907954e-03
4.940199999999999626e-03 -2.544332447177964206e-03
5.040000000000000209e-03 -3.382017059144532770e-03
5.141899999999999596e-03 -4.045517527587939692e-03
5.245699999999999842e-03 -4.341649158462911572e-03
5.351700000000000033e-03 -4.481551909874008019e-03
5.459799999999999896e-03 -4.471453379658814169e-03
5.570099999999999704e-03 -4.365457509639962715e-03
5.682600000000000325e-03 -4.356892665872280287e-03
5.797400000000000296e-03 -4.348544481388128338e-03
5.914499999999999619e-03 -4.432754176221342761e-03
6.034000000000000301e-03 -4.560387327133244052e-03
6.155899999999999740e-03 -4.685115336332753427e-03
6.280299999999999945e-03 -4.806845644997555060e-03
6.407200000000000048e-03 -4.925685040404748950e-03
6.536600000000000049e-03 -5.041735297192779380e-03
6.668600000000000222e-03 -5.112243976902655813e-03
6.803299999999999972e-03 -5.223718161679909502e-03
6.940799999999999574e-03 -5.332898065790183176e-03
7.080999999999999621e-03 -5.481513662918715071e-03
7.224000000000000386e-03 -5.544959065933351139e-03
7.369999999999999815e-03 -5.648010788421073403e-03
7.518900000000000236e-03 -5.789426374352462518e-03
7.670800000000000188e-03 -5.928360013094552058e-03
7.825699999999999670e-03 -6.064920922007745879e-03
7.983799999999999231e-03 -6.160343873695150498e-03
8.145100000000000603e-03 -6.293092598521006324e-03
8.309600000000000319e-03 -6.424004961355099345e-03
8.477500000000000660e-03 -6.552929643908677118e-03
8.648799999999999891e-03 -6.718109674918772665e-03
8.823499999999999746e-03 -6.843737192693876391e-03
9.001699999999999632e-03 -7.005153448197644003e-03
9.183600000000000096e-03 -7.164820824146548445e-03
9.369099999999999998e-03 -7.286733106100922418e-03
9.558300000000000476e-03 -7.479627807886593538e-03
9.751400000000000345e-03 -7.599444318786107225e-03
9.948399999999999604e-03 -7.789855976898599384e-03
1.014900000000000004e-02 -7.908513829628937425e-03
1.035400000000000036e-02 -8.096927633983558650e-03
1.056400000000000047e-02 -8.284419726904839604e-03
1.077700000000000012e-02 -8.471416756042854032e-03
1.099499999999999957e-02 -8.623693167059895415e-03
1.121699999999999954e-02 -8.844196705913895395e-03
1.144300000000000005e-02 -8.996881358772143913e-03
1.167499999999999961e-02 -9.217275200164491353e-03
1.191000000000000045e-02 -9.438136930284323281e-03
1.215100000000000034e-02 -9.626188080354406221e-03
1.239700000000000003e-02 -9.848376042817116871e-03
1.264700000000000026e-02 -1.003871984232336707e-02
1.290200000000000027e-02 -1.026358560696462308e-02
1.316299999999999935e-02 -1.049017979012859328e-02
1.342899999999999996e-02 -1.071870658929424680e-02
1.370000000000000037e-02 -1.094972812020392205e-02
1.397699999999999984e-02 -1.121616465839722805e-02
1.425900000000000084e-02 -1.145279774434303753e-02
1.454699999999999917e-02 -1.172559024355923456e-02
1.484100000000000003e-02 -1.196960460421014373e-02
1.514099999999999994e-02 -1.225026228372605962e-02
1.544700000000000066e-02 -1.250319171708305296e-02
1.575899999999999870e-02 -1.279376478658091759e-02
1.607700000000000101e-02 -1.308982669409778851e-02
1.640199999999999991e-02 -1.342432296587071743e-02
1.673399999999999888e-02 -1.370084104565731133e-02
1.707200000000000037e-02 -1.401710166209736361e-02
1.741600000000000092e-02 -1.430825658825323442e-02
1.776799999999999907e-02 -1.464069061829495824e-02
1.812700000000000075e-02 -1.498179865362785947e-02
1.849299999999999902e-02 -1.533263781456239636e-02
1.886699999999999836e-02 -1.566112357514106573e-02
1.924800000000000122e-02 -1.603320419335248909e-02
1.963700000000000168e-02 -1.638398287650526600e-02
2.003399999999999972e-02 -1.678065936561216887e-02
2.043800000000000130e-02 -1.712324431391857096e-02
2.085100000000000148e-02 -1.754698926347921309e-02
2.127199999999999924e-02 -1.791745942927974386e-02
2.170199999999999907e-02 -1.833775362017994390e-02
2.214100000000000096e-02 -1.873957527314264876e-02
2.258800000000000044e-02 -1.915780847625755609e-02
2.304399999999999851e-02 -1.959422796019835017e-02
2.350999999999999965e-02 -2.001319816734928314e-02
2.398499999999999938e-02 -2.045061047129076784e-02
2.446900000000000117e-02 -2.090770554723559230e-02
2.496400000000000008e-02 -2.138583810909889735e-02
2.546800000000000105e-02 -2.181058322041750167e-02
2.598200000000000162e-02 -2.225568814558191028e-02
2.650699999999999931e-02 -2.276069399884235109e-02
2.704300000000000107e-02 -2.321088955801519846e-02
2.758899999999999894e-02 -2.372312392947678941e-02
2.814600000000000088e-02 -2.421816781142795139e-02
2.871500000000000094e-02 -2.469565161601938730e-02
2.929500000000000159e-02 -2.519634397313482918e-02
2.988700000000000037e-02 -2.567671351969348995e-02
3.048999999999999974e-02 -2.622237116768482909e-02
3.110600000000000170e-02 -2.670344525373728739e-02
3.173499999999999932e-02 -2.720615977875419367e-02
3.237600000000000200e-02 -2.772816674933277145e-02
3.302999999999999686e-02 -2.822467536312339709e-02
3.369699999999999779e-02 -2.873829235138242524e-02
3.437799999999999884e-02 -2.926990945099151517e-02
3.507199999999999901e-02 -2.976881211180559123e-02
3.578100000000000031e-02 -3.028087635612753195e-02
3.650400000000000172e-02 -3.080494943546440920e-02
3.724100000000000327e-02 -3.133964879802485226e-02
3.799299999999999899e-02 -3.188162468890243934e-02
3.876099999999999685e-02 -3.237663308218259595e-02
3.954400000000000276e-02 -3.281915790665290711e-02
4.034299999999999692e-02 -3.337541301827373630e-02
4.115800000000000014e-02 -3.393510153719261208e-02
4.198899999999999855e-02 -3.443498432736255555e-02
4.283800000000000108e-02 -3.492985472774355615e-02
4.370299999999999879e-02 -3.553955367991976089e-02
4.458600000000000063e-02 -3.601331836344836418e-02
4.548599999999999866e-02 -3.659803237601788606e-02
4.640500000000000180e-02 -3.716545012855530794e-02
4.734300000000000314e-02 -3.771784925334389221e-02
4.829900000000000165e-02 -3.832401767953126648e-02
4.927499999999999936e-02 -3.891807362544585230e-02
5.027000000000000218e-02 -3.950070070517849863e-02
5.128599999999999826e-02 -4.000392812514548535e-02
5.232200000000000045e-02 -4.063861162936493326e-02
5.337900000000000283e-02 -4.126457031858346558e-02
5.445699999999999846e-02 -4.196112558519130703e-02
5.555700000000000222e-02 -4.250908895395092563e-02
5.668000000000000121e-02 -4.313539701919924529e-02
5.782500000000000140e-02 -4.377482905369958766e-02
5.899299999999999683e-02 -4.443118580406044821e-02
6.018400000000000138e-02 -4.495578169947027358e-02
6.140000000000000319e-02 -4.551284917361714949e-02
6.264100000000000223e-02 -4.610446038533562441e-02
6.390600000000000447e-02 -4.650100317983297399e-02
6.519700000000000495e-02 -4.686020954870283306e-02
6.651400000000000368e-02 -4.719292742030302412e-02
6.785800000000000165e-02 -4.750278910049002962e-02
6.922899999999999887e-02 -4.770351799773249468e-02
7.062699999999999534e-02 -4.770093513041585159e-02
7.205400000000000693e-02 -4.766977637109808680e-02
7.351000000000000589e-02 -4.740941728475817074e-02
7.499400000000000510e-02 -4.709957880538797464e-02
7.650899999999999368e-02 -4.647896557433833092e-02
7.805499999999999938e-02 -4.577761330830220493e-02
7.963199999999999446e-02 -4.487936047836169756e-02
8.124099999999999377e-02 -4.380213733839266599e-02
8.288199999999999734e-02 -4.251023352562243590e-02
8.455600000000000616e-02 -4.102350762147899399e-02
8.626399999999999346e-02 -3.934068877942958203e-02
8.800700000000000189e-02 -3.747857705217317453e-02
8.978500000000000369e-02 -3.544546292584419001e-02
9.159799999999999887e-02 -3.330126242738985776e-02
9.344900000000000428e-02 -3.104972696176397720e-02
9.533700000000000507e-02 -2.874788378614002299e-02
9.726300000000000223e-02 -2.643515526591168341e-02
9.922699999999999576e-02 -2.419613529792449466e-02
1.012300000000000005e-01 -2.203084002567606489e-02
1.032799999999999968e-01 -2.000534272459279089e-02
1.053599999999999953e-01 -1.809139165438787208e-02
1.074900000000000022e-01 -1.628825207716977364e-02
1.096599999999999936e-01 -1.462646041882445166e-02
1.118799999999999933e-01 -1.299093443379539282e-02
1.141400000000000053e-01 -1.136334343590409204e-02
1.164400000000000018e-01 -9.627141437825939216e-03
1.188000000000000028e-01 -7.728013731412115492e-03
1.212000000000000022e-01 -5.563350048512659927e-03
1.236499999999999960e-01 -3.013995823078061218e-03
1.261400000000000021e-01 0.000000000000000000e+00
1.286899999999999988e-01 3.577968489788593311e-03
1.312899999999999900e-01 7.777193015879226706e-03
1.339400000000000035e-01 1.266866258606124881e-02
1.366499999999999937e-01 1.824228911060237282e-02
1.394100000000000061e-01 2.457335493406409901e-02
1.422299999999999953e-01 3.155661579847716947e-02
1.451000000000000068e-01 3.917013785930160974e-02
1.480299999999999949e-01 4.723421814541373803e-02
1.510199999999999876e-01 5.555423975380428120e-02
1.540700000000000125e-01 6.373890129155103390e-02
1.571799999999999864e-01 7.157904921034570489e-02
1.603600000000000025e-01 7.882763158179426077e-02
1.635999999999999954e-01 8.534220245251072923e-02
1.668999999999999928e-01 9.120315377932006196e-02
1.702799999999999869e-01 9.654180529065294059e-02
1.737100000000000033e-01 1.016138138826667703e-01
1.772199999999999886e-01 1.067392536911336981e-01
1.807999999999999885e-01 1.122272458389766137e-01
1.844600000000000128e-01 1.185797483004319836e-01
1.881799999999999862e-01 1.261530418839079959e-01
1.919800000000000118e-01 1.351319534180537296e-01
1.958600000000000063e-01 1.457096432137658659e-01
1.998199999999999976e-01 1.577497044732296683e-01
2.038600000000000134e-01 1.709564620927786216e-01
2.079699999999999882e-01 1.848866452418176931e-01
2.121800000000000075e-01 1.989714597091913617e-01
2.164600000000000135e-01 2.126369367316762460e-01
2.208299999999999985e-01 2.252104179550950269e-01
2.253000000000000003e-01 2.364557758624641348e-01
2.298499999999999988e-01 2.464148008882604268e-01
2.344900000000000040e-01 2.555777848627674431e-01
2.392299999999999982e-01 2.646779342585439676e-01
2.440599999999999992e-01 2.744678850544887694e-01
2.489899999999999891e-01 2.859273781956320204e-01
2.540200000000000236e-01 2.993110119353927234e-01
2.591499999999999915e-01 3.147938578933758835e-01
2.643900000000000139e-01 3.320006690507625313e-01
2.697300000000000253e-01 3.500944042415350399e-01
2.751799999999999802e-01 3.683367635443678956e-01
2.807399999999999896e-01 3.855517863424440250e-01
2.864099999999999979e-01 4.013540128793023354e-01
2.921900000000000053e-01 4.155786624914099003e-01
2.980999999999999761e-01 4.290916162716365001e-01
3.041200000000000014e-01 4.427461786471023064e-01
3.102599999999999802e-01 4.576547480661316558e-01
3.165299999999999780e-01 4.745196191601496749e-01
3.229199999999999848e-01 4.934660832794152685e-01
3.294500000000000206e-01 5.138436179313560226e-01
3.361000000000000099e-01 5.345343681277794357e-01
3.428899999999999726e-01 5.546420029569266719e-01
3.498200000000000198e-01 5.735352868690675177e-01
3.568899999999999850e-01 5.912291605508843695e-01
3.640900000000000247e-01 6.085138861702670265e-01
3.714500000000000024e-01 6.265466208091432510e-01
3.789500000000000091e-01 6.459814078399179760e-01
3.866100000000000092e-01 6.669584963738055539e-01
3.944199999999999928e-01 6.889617832994814339e-01
4.023900000000000254e-01 7.110906675637085339e-01
4.105199999999999960e-01 7.325069854444475892e-01
4.188100000000000156e-01 7.530833768623960145e-01
4.272699999999999831e-01 7.733372453537286084e-01
4.359000000000000097e-01 7.940869215973168638e-01
4.447099999999999942e-01 8.157649682208348851e-01
4.536899999999999822e-01 8.384221935845037610e-01
4.628599999999999937e-01 8.615945845893302479e-01
4.722100000000000186e-01 8.844097974506499593e-01
4.817400000000000015e-01 9.068407999880473414e-01
4.914799999999999724e-01 9.290381107118977910e-01
5.014100000000000223e-01 9.515816344275899175e-01
5.115300000000000402e-01 9.747377488284132419e-01
5.218699999999999450e-01 9.983432944691981170e-01
5.324100000000000499e-01 1.022100626031946069e+00
5.431700000000000417e-01 1.045635673737150828e+00
5.541399999999999659e-01 1.069099683179207672e+00
5.653299999999999992e-01 1.092800540019979616e+00
5.767499999999999849e-01 1.116697602624638685e+00
5.884000000000000341e-01 1.140719896155404367e+00
6.002899999999999903e-01 1.164798508725523485e+00
6.124199999999999644e-01 1.188978019713349710e+00
6.247899999999999565e-01 1.213186098728251006e+00
6.374100000000000321e-01 1.237487104046751218e+00
6.502900000000000347e-01 1.261826802774161926e+00
6.634200000000000097e-01 1.286152494685446568e+00
6.768300000000000427e-01 1.310550324719228277e+00
6.905000000000000027e-01 1.335012106910307805e+00
7.044500000000000206e-01 1.359461337558866223e+00
7.186799999999999855e-01 1.383940092744685213e+00
7.331999999999999629e-01 1.408397306538899274e+00
7.480099999999999527e-01 1.432915794918863339e+00
7.631200000000000205e-01 1.457452383151466080e+00
7.785400000000000098e-01 1.481956839677198712e+00
7.942599999999999660e-01 1.506464870700161995e+00
8.103099999999999747e-01 1.530909431451162428e+00
8.266799999999999704e-01 1.555459922815625395e+00
8.433800000000000185e-01 1.579851824037620922e+00
8.604100000000000081e-01 1.604347568901974608e+00
8.778000000000000247e-01 1.628702354084121229e+00
8.955300000000000482e-01 1.653011688988428096e+00
9.136199999999999877e-01 1.677391610525210242e+00
9.320800000000000196e-01 1.701667311433646912e+00
9.509100000000000330e-01 1.725811951455414661e+00
9.701100000000000279e-01 1.749965615985234813e+00
9.897099999999999786e-01 1.774054886189106783e+00
1.009700000000000042e+00 1.798075533519480462e+00
1.030100000000000016e+00 1.822018071740447942e+00
1.050899999999999945e+00 1.845903894375346521e+00
1.072100000000000053e+00 1.869704917695752977e+00
1.093800000000000106e+00 1.893441819819553285e+00
1.115899999999999892e+00 1.917084056743929565e+00
1.138400000000000079e+00 1.940637528658871069e+00
1.161399999999999988e+00 1.964117933406952510e+00
1.184900000000000064e+00 1.987462368169792937e+00
1.208800000000000097e+00 2.010722151716220374e+00
1.233300000000000063e+00 2.033849995298071089e+00
1.258199999999999985e+00 2.056881610937096649e+00
1.283600000000000074e+00 2.079766894024503099e+00
1.309500000000000108e+00 2.102514199294795993e+00
1.336000000000000076e+00 2.125115713616072544e+00
1.362999999999999989e+00 2.147585953295716443e+00
1.390500000000000069e+00 2.169907398716327318e+00
1.418600000000000083e+00 2.192068464320624965e+00
1.447200000000000042e+00 2.214031219218349111e+00
1.476499999999999924e+00 2.235870526873670716e+00
1.506299999999999972e+00 2.257559005542931985e+00
1.536699999999999955e+00 2.279007660530398383e+00
1.567800000000000082e+00 2.300336135654335035e+00
1.599399999999999933e+00 2.321462000691876693e+00
1.631799999999999917e+00 2.342392328957931813e+00
1.664700000000000069e+00 2.363141325067671605e+00
1.698399999999999910e+00 2.383690531645885624e+00
1.732699999999999907e+00 2.404065380554652798e+00
1.767700000000000049e+00 2.424249229629644731e+00
1.803399999999999892e+00 2.444200535987009815e+00
1.839800000000000102e+00 2.463986833709003843e+00
1.877000000000000002e+00 2.483571067124970888e+00
1.914900000000000047e+00 2.502956164306011200e+00
1.953600000000000003e+00 2.522099355964571465e+00
1.993000000000000105e+00 2.541049241522064239e+00
2.033300000000000107e+00 2.559822296214862458e+00
2.074399999999999800e+00 2.578398372552597628e+00
2.116299999999999848e+00 2.596730034178669655e+00
2.158999999999999808e+00 2.614906767919048747e+00
2.202599999999999891e+00 2.632791206043184840e+00
2.247100000000000097e+00 2.650586356788657394e+00
2.292499999999999982e+00 2.668158872074908317e+00
2.338799999999999990e+00 2.685486312979148416e+00
2.386099999999999888e+00 2.702681603868463789e+00
2.434299999999999908e+00 2.719628849921617242e+00
2.483499999999999819e+00 2.736431232467488872e+00
2.533599999999999852e+00 2.753064918310806242e+00
2.584799999999999986e+00 2.769465549683543415e+00
2.637000000000000011e+00 2.785669428165572725e+00
2.690300000000000136e+00 2.801773657585443278e+00
2.744699999999999918e+00 2.817625686119348494e+00
2.800100000000000033e+00 2.833298580867343652e+00
2.856700000000000017e+00 2.848880334541699533e+00
2.914400000000000102e+00 2.864228213610553908e+00
2.973300000000000054e+00 2.879413235210713573e+00
3.033300000000000107e+00 2.894455856017115636e+00
3.094599999999999795e+00 2.909303093858625733e+00
3.157099999999999795e+00 2.924090643850189686e+00
3.220899999999999874e+00 2.938621364938414082e+00
3.286000000000000032e+00 2.953059839432242484e+00
3.352300000000000058e+00 2.967335713018046217e+00
3.420100000000000140e+00 2.981470037232698544e+00
3.489199999999999857e+00 2.995472125268001662e+00
3.559600000000000097e+00 3.009336222295830421e+00
3.631600000000000161e+00 3.023060301887772638e+00
3.704899999999999860e+00 3.036646916427487852e+00
3.779799999999999827e+00 3.050127204189958530e+00
3.856100000000000083e+00 3.063480939808168824e+00
3.934000000000000163e+00 3.076726235210800020e+00
4.013499999999999623e+00 3.089837124119078293e+00
4.094599999999999795e+00 3.102841747607181233e+00
4.177299999999999791e+00 3.115736239010374664e+00
4.261700000000000266e+00 3.128531710987288328e+00
4.347800000000000331e+00 3.141234666598105907e+00
4.435599999999999987e+00 3.153801669598315094e+00
4.525199999999999889e+00 3.166314989160837534e+00
4.616600000000000037e+00 3.178702063934184530e+00
4.709900000000000198e+00 3.191022757234399876e+00
4.804999999999999716e+00 3.203255855155401566e+00
4.902099999999999902e+00 3.215382436448543935e+00
5.001100000000000101e+00 3.227480075167847406e+00
5.102100000000000080e+00 3.239473551339850932e+00
5.205199999999999605e+00 3.251352413546109155e+00
5.310399999999999565e+00 3.263220033024044398e+00
5.417600000000000193e+00 3.274993937563943636e+00
5.527099999999999902e+00 3.286705214473352843e+00
5.638700000000000045e+00 3.298363483564239473e+00
5.752600000000000158e+00 3.309949743212098561e+00
5.868900000000000006e+00 3.321447199952384022e+00
5.987400000000000055e+00 3.332952001168665745e+00
6.108399999999999608e+00 3.344386806342873442e+00
6.231799999999999784e+00 3.355808385851383413e+00
6.357700000000000351e+00 3.367137937937868308e+00
6.486100000000000421e+00 3.378382946226789585e+00
6.617099999999999760e+00 3.389621518074259932e+00
6.750799999999999912e+00 3.400841088366131526e+00
6.887199999999999989e+00 3.411995485001440009e+00
7.026299999999999990e+00 3.423151533711074723e+00
7.168199999999999683e+00 3.434262323232987413e+00
7.312999999999999723e+00 3.445321599237701538e+00
7.460799999999999876e+00 3.456353176023602813e+00
7.611500000000000377e+00 3.467420723822050466e+00
7.765299999999999869e+00 3.478402522907331651e+00
7.922100000000000364e+00 3.489435260951035289e+00
8.082200000000000273e+00 3.500413948900173544e+00
8.245400000000000063e+00 3.511413813121697203e+00
8.412000000000000810e+00 3.522362598779517739e+00
8.581899999999999196e+00 3.533294201495883691e+00
8.755300000000000082e+00 3.544233967979766753e+00
8.932199999999999918e+00 3.555152087662179827e+00
9.112600000000000477e+00 3.566085491538562469e+00
9.296699999999999520e+00 3.576968066359780707e+00
9.484500000000000597e+00 3.587817002175493375e+00
9.676099999999999923e+00 3.598635940183103177e+00
9.871600000000000819e+00 3.609463294359301244e+00
1.007099999999999973e+01 3.620231810654592319e+00
