# # k[h/Mpc], logBoost (P^NLCDM_NL/P^NLCDM_L)
1.000000000000000048e-04 0.000000000000000000e+00
1.020200000000000024e-04 0.000000000000000000e+00
1.040800000000000064e-04 0.000000000000000000e+00
1.061800000000000032e-04 0.000000000000000000e+00
1.083300000000000013e-04 0.000000000000000000e+00
1.105200000000000057e-04 0.000000000000000000e+00
1.127500000000000030e-04 0.000000000000000000e+00
1.150300000000000015e-04 0.000000000000000000e+00
1.173500000000000064e-04 0.000000000000000000e+00
1.197199999999999989e-04 0.000000000000000000e+00
1.221399999999999927e-04 0.000000000000000000e+00
1.246099999999999877e-04 0.000000000000000000e+00
1.271199999999999891e-04 0.000000000000000000e+00
1.296899999999999865e-04 0.000000000000000000e+00
1.323100000000000122e-04 0.000000000000000000e+00
1.349900000000000069e-04 0.000000000000000000e+00
1.377100000000000080e-04 0.000000000000000000e+00
1.404900000000000051e-04 0.000000000000000000e+00
1.433299999999999982e-04 0.000000000000000000e+00
1.462299999999999874e-04 0.000000000000000000e+00
1.491800000000000049e-04 0.000000000000000000e+00
1.522000000000000132e-04 0.000000000000000000e+00
1.552699999999999957e-04 0.000000000000000000e+00
1.584099999999999961e-04 0.000000000000000000e+00
1.616099999999999926e-04 0.000000000000000000e+00
1.648700000000000122e-04 0.000000000000000000e+00
1.681999999999999956e-04 0.000000000000000000e+00
1.715999999999999969e-04 0.000000000000000000e+00
1.750699999999999891e-04 0.000000000000000000e+00
1.786000000000000044e-04 0.000000000000000000e+00
1.822100000000000054e-04 0.000000000000000000e+00
1.858899999999999973e-04 0.000000000000000000e+00
1.896500000000000020e-04 0.000000000000000000e+00
1.934799999999999975e-04 0.000000000000000000e+00
1.973900000000000058e-04 0.000000000000000000e+00
2.013799999999999998e-04 0.000000000000000000e+00
2.054400000000000117e-04 0.000000000000000000e+00
2.095900000000000042e-04 0.000000000000000000e+00
2.138300000000000042e-04 0.000000000000000000e+00
2.181499999999999900e-04 0.000000000000000000e+00
2.225499999999999885e-04 0.000000000000000000e+00
2.270499999999999895e-04 0.000000000000000000e+00
2.316399999999999980e-04 0.000000000000000000e+00
2.363199999999999871e-04 0.000000000000000000e+00
2.410900000000000109e-04 0.000000000000000000e+00
2.459599999999999829e-04 0.000000000000000000e+00
2.509300000000000115e-04 0.000000000000000000e+00
2.559999999999999884e-04 0.000000000000000000e+00
2.611700000000000219e-04 0.000000000000000000e+00
2.664499999999999985e-04 0.000000000000000000e+00
2.718299999999999775e-04 0.000000000000000000e+00
2.773200000000000079e-04 0.000000000000000000e+00
2.829199999999999814e-04 0.000000000000000000e+00
2.886400000000000012e-04 0.000000000000000000e+00
2.944700000000000182e-04 0.000000000000000000e+00
3.004199999999999731e-04 0.000000000000000000e+00
3.064899999999999743e-04 0.000000000000000000e+00
3.126800000000000217e-04 0.000000000000000000e+00
3.189900000000000070e-04 0.000000000000000000e+00
3.254399999999999741e-04 0.000000000000000000e+00
3.320099999999999874e-04 0.000000000000000000e+00
3.387199999999999825e-04 0.000000000000000000e+00
3.455600000000000186e-04 0.000000000000000000e+00
3.525399999999999823e-04 0.000000000000000000e+00
3.596599999999999819e-04 0.000000000000000000e+00
3.669300000000000122e-04 0.000000000000000000e+00
3.743400000000000243e-04 0.000000000000000000e+00
3.819000000000000129e-04 0.000000000000000000e+00
3.896200000000000271e-04 0.000000000000000000e+00
3.974900000000000178e-04 0.000000000000000000e+00
4.055199999999999799e-04 0.000000000000000000e+00
4.137100000000000217e-04 0.000000000000000000e+00
4.220699999999999756e-04 0.000000000000000000e+00
4.306000000000000040e-04 0.000000000000000000e+00
4.392900000000000038e-04 0.000000000000000000e+00
4.481700000000000137e-04 0.000000000000000000e+00
4.572199999999999897e-04 0.000000000000000000e+00
4.664599999999999758e-04 0.000000000000000000e+00
4.758799999999999771e-04 0.000000000000000000e+00
4.854999999999999832e-04 0.000000000000000000e+00
4.952999999999999504e-04 0.000000000000000000e+00
5.053100000000000256e-04 0.000000000000000000e+00
5.155199999999999973e-04 0.000000000000000000e+00
5.259299999999999739e-04 0.000000000000000000e+00
5.365600000000000534e-04 0.000000000000000000e+00
5.473900000000000293e-04 0.000000000000000000e+00
5.584500000000000488e-04 0.000000000000000000e+00
5.697299999999999543e-04 0.000000000000000000e+00
5.812400000000000119e-04 0.000000000000000000e+00
5.929900000000000535e-04 0.000000000000000000e+00
6.049599999999999813e-04 0.000000000000000000e+00
6.171899999999999912e-04 0.000000000000000000e+00
6.296500000000000447e-04 0.000000000000000000e+00
6.423699999999999636e-04 0.000000000000000000e+00
6.553499999999999647e-04 0.000000000000000000e+00
6.685900000000000480e-04 0.000000000000000000e+00
6.821000000000000457e-04 0.000000000000000000e+00
6.958799999999999578e-04 0.000000000000000000e+00
7.099300000000000012e-04 0.000000000000000000e+00
7.242699999999999486e-04 0.000000000000000000e+00
7.389099999999999575e-04 0.000000000000000000e+00
7.538300000000000382e-04 0.000000000000000000e+00
7.690600000000000127e-04 0.000000000000000000e+00
7.845999999999999893e-04 0.000000000000000000e+00
8.004499999999999680e-04 0.000000000000000000e+00
8.166199999999999978e-04 0.000000000000000000e+00
8.331099999999999704e-04 0.000000000000000000e+00
8.499399999999999837e-04 0.000000000000000000e+00
8.671100000000000379e-04 0.000000000000000000e+00
8.846299999999999650e-04 0.000000000000000000e+00
9.024999999999999819e-04 0.000000000000000000e+00
9.207300000000000293e-04 0.000000000000000000e+00
9.393300000000000477e-04 0.000000000000000000e+00
9.583099999999999778e-04 0.000000000000000000e+00
9.776699999999999280e-04 0.000000000000000000e+00
9.974199999999999473e-04 0.000000000000000000e+00
1.017600000000000015e-03 0.000000000000000000e+00
1.038099999999999917e-03 0.000000000000000000e+00
1.059100000000000102e-03 0.000000000000000000e+00
1.080500000000000080e-03 0.000000000000000000e+00
1.102300000000000068e-03 0.000000000000000000e+00
1.124599999999999905e-03 0.000000000000000000e+00
1.147299999999999969e-03 0.000000000000000000e+00
1.170500000000000099e-03 0.000000000000000000e+00
1.194100000000000023e-03 0.000000000000000000e+00
1.218200000000000012e-03 0.000000000000000000e+00
1.242899999999999908e-03 0.000000000000000000e+00
1.268000000000000030e-03 0.000000000000000000e+00
1.293600000000000002e-03 0.000000000000000000e+00
1.319700000000000040e-03 0.000000000000000000e+00
1.346399999999999984e-03 0.000000000000000000e+00
1.373599999999999995e-03 0.000000000000000000e+00
1.401300000000000072e-03 0.000000000000000000e+00
1.429600000000000055e-03 0.000000000000000000e+00
1.458499999999999944e-03 0.000000000000000000e+00
1.487999999999999956e-03 0.000000000000000000e+00
1.518000000000000035e-03 0.000000000000000000e+00
1.548700000000000077e-03 0.000000000000000000e+00
1.580000000000000024e-03 0.000000000000000000e+00
1.611900000000000095e-03 0.000000000000000000e+00
1.644499999999999912e-03 0.000000000000000000e+00
1.677700000000000068e-03 0.000000000000000000e+00
1.711599999999999970e-03 0.000000000000000000e+00
1.746200000000000052e-03 0.000000000000000000e+00
1.781400000000000041e-03 0.000000000000000000e+00
1.817400000000000048e-03 0.000000000000000000e+00
1.854100000000000019e-03 0.000000000000000000e+00
1.891600000000000009e-03 0.000000000000000000e+00
1.929799999999999962e-03 0.000000000000000000e+00
1.968800000000000151e-03 0.000000000000000000e+00
2.008600000000000142e-03 0.000000000000000000e+00
2.049099999999999880e-03 0.000000000000000000e+00
2.090499999999999910e-03 0.000000000000000000e+00
2.132799999999999800e-03 0.000000000000000000e+00
2.175799999999999870e-03 0.000000000000000000e+00
2.219800000000000072e-03 0.000000000000000000e+00
2.264599999999999860e-03 0.000000000000000000e+00
2.310400000000000214e-03 0.000000000000000000e+00
2.357099999999999994e-03 0.000000000000000000e+00
2.404700000000000067e-03 0.000000000000000000e+00
2.453299999999999838e-03 0.000000000000000000e+00
2.502799999999999903e-03 0.000000000000000000e+00
2.553399999999999941e-03 0.000000000000000000e+00
2.605000000000000111e-03 0.000000000000000000e+00
2.657599999999999980e-03 0.000000000000000000e+00
2.711299999999999821e-03 0.000000000000000000e+00
2.765999999999999796e-03 0.000000000000000000e+00
2.821900000000000016e-03 0.000000000000000000e+00
2.878900000000000209e-03 0.000000000000000000e+00
2.937100000000000214e-03 -1.077801070271546845e-05
2.996400000000000192e-03 0.000000000000000000e+00
3.056899999999999982e-03 0.000000000000000000e+00
3.118699999999999858e-03 0.000000000000000000e+00
3.181699999999999980e-03 0.000000000000000000e+00
3.246000000000000187e-03 0.000000000000000000e+00
3.311500000000000207e-03 0.000000000000000000e+00
3.378400000000000153e-03 0.000000000000000000e+00
3.446700000000000024e-03 0.000000000000000000e+00
3.516299999999999981e-03 0.000000000000000000e+00
3.587400000000000137e-03 0.000000000000000000e+00
3.659799999999999946e-03 0.000000000000000000e+00
3.733799999999999793e-03 0.000000000000000000e+00
3.809199999999999999e-03 0.000000000000000000e+00
3.886099999999999971e-03 0.000000000000000000e+00
3.964600000000000415e-03 0.000000000000000000e+00
4.044700000000000031e-03 0.000000000000000000e+00
4.126399999999999686e-03 0.000000000000000000e+00
4.209799999999999653e-03 -8.138351988218877492e-05
4.294799999999999660e-03 -8.019567749598661261e-05
4.381600000000000251e-03 -7.902951756588839991e-05
4.470100000000000288e-03 -7.788465286855026607e-05
4.560400000000000044e-03 7.676069856004912452e-05
4.652500000000000385e-03 2.269889920085111051e-04
4.746499999999999851e-03 3.729256056644290082e-04
4.842400000000000176e-03 3.677146575723101848e-04
4.940199999999999626e-03 2.175726157184287943e-04
5.040000000000000209e-03 -2.861639739087036604e-04
5.141899999999999596e-03 -1.058836085230511950e-03
5.245699999999999842e-03 -1.950540499994305897e-03
5.351700000000000033e-03 -2.887790785730966290e-03
5.459799999999999896e-03 -3.597004115834169513e-03
5.570099999999999704e-03 -4.153274994867985070e-03
5.682600000000000325e-03 -4.363931813106369274e-03
5.797400000000000296e-03 -4.438070200579371377e-03
5.914499999999999619e-03 -4.381168015562976643e-03
6.034000000000000301e-03 -4.325431335134722298e-03
6.155899999999999740e-03 -4.271094992320376496e-03
6.280299999999999945e-03 -4.342438585471867715e-03
6.407200000000000048e-03 -4.412042208264011639e-03
6.536600000000000049e-03 -4.540371634442996046e-03
6.668600000000000222e-03 -4.725595753793505882e-03
6.803299999999999972e-03 -4.788233662898172364e-03
6.940799999999999574e-03 -4.907985312192312058e-03
7.080999999999999621e-03 -5.024991080157372413e-03
7.224000000000000386e-03 -5.082385379731808525e-03
7.369999999999999815e-03 -5.195110221744777233e-03
7.518900000000000236e-03 -5.249649049329089753e-03
7.670800000000000188e-03 -5.358684756338749286e-03
7.825699999999999670e-03 -5.465689164181232115e-03
7.983799999999999231e-03 -5.570743739313674045e-03
8.145100000000000603e-03 -5.727607125519919989e-03
8.309600000000000319e-03 -5.828757494274711820e-03
8.477500000000000660e-03 -5.928508222206336532e-03
8.648799999999999891e-03 -6.026618406814836237e-03
8.823499999999999746e-03 -6.175082659199142461e-03
9.001699999999999632e-03 -6.321391360094246077e-03
9.183600000000000096e-03 -6.465648629365747940e-03
9.369099999999999998e-03 -6.558057095186402979e-03
9.558300000000000476e-03 -6.649818559406784832e-03
9.751400000000000345e-03 -6.790028055556209842e-03
9.948399999999999604e-03 -6.977850549041222927e-03
1.014900000000000004e-02 -7.066825150195653327e-03
1.035400000000000036e-02 -7.203604122765387002e-03
1.056400000000000047e-02 -7.387141897301105660e-03
1.077700000000000012e-02 -7.521855839438472760e-03
1.099499999999999957e-02 -7.656393821329732577e-03
1.121699999999999954e-02 -7.790490267806832875e-03
1.144300000000000005e-02 -7.970754466733957072e-03
1.167499999999999961e-02 -8.150529774971325067e-03
1.191000000000000045e-02 -8.283989797699188237e-03
1.215100000000000034e-02 -8.463444067065568899e-03
1.239700000000000003e-02 -8.643174380367992307e-03
1.264700000000000026e-02 -8.778106738603529829e-03
1.290200000000000027e-02 -8.958626544891571883e-03
1.316299999999999935e-02 -9.140220130708226476e-03
1.342899999999999996e-02 -9.322628116274966556e-03
1.370000000000000037e-02 -9.506405463179037549e-03
1.397699999999999984e-02 -9.647864434497409325e-03
1.425900000000000084e-02 -9.879117031015694980e-03
1.454699999999999917e-02 -1.006837431987151442e-02
1.484100000000000003e-02 -1.026008258290163171e-02
1.514099999999999994e-02 -1.045442287298734181e-02
1.544700000000000066e-02 -1.060833390908760311e-02
1.575899999999999870e-02 -1.080903888733985609e-02
1.607700000000000101e-02 -1.101342268637162287e-02
1.640199999999999991e-02 -1.122171174431699052e-02
1.673399999999999888e-02 -1.147770141843796471e-02
1.707200000000000037e-02 -1.165145828698989014e-02
1.741600000000000092e-02 -1.191702617444004818e-02
1.776799999999999907e-02 -1.214502024261956623e-02
1.812700000000000075e-02 -1.233511123140217276e-02
1.849299999999999902e-02 -1.257495086577858565e-02
1.886699999999999836e-02 -1.282180670552902566e-02
1.924800000000000122e-02 -1.307551153232714911e-02
1.963700000000000168e-02 -1.324929445641245471e-02
2.003399999999999972e-02 -1.351877740715435802e-02
2.043800000000000130e-02 -1.375245535406264055e-02
2.085100000000000148e-02 -1.403968325117887356e-02
2.127199999999999924e-02 -1.424735472883286586e-02
2.170199999999999907e-02 -1.455420533878000813e-02
2.214100000000000096e-02 -1.478160036100782844e-02
2.258800000000000044e-02 -1.506525546014922910e-02
2.304399999999999851e-02 -1.531437541168158105e-02
2.350999999999999965e-02 -1.557512709676226598e-02
2.398499999999999938e-02 -1.589443608382011194e-02
2.446900000000000117e-02 -1.613355471268026683e-02
2.496400000000000008e-02 -1.638485590155885907e-02
2.546800000000000105e-02 -1.664905915353992460e-02
2.598200000000000162e-02 -1.692695069792425622e-02
2.650699999999999931e-02 -1.721854612093478079e-02
2.704300000000000107e-02 -1.752558198664282141e-02
2.758899999999999894e-02 -1.779656862695562503e-02
2.814600000000000088e-02 -1.808275427394264931e-02
2.871500000000000094e-02 -1.833208240812224041e-02
2.929500000000000159e-02 -1.864807063744779170e-02
2.988700000000000037e-02 -1.897933156123982404e-02
3.048999999999999974e-02 -1.921890292579118975e-02
3.110600000000000170e-02 -1.952672836902329470e-02
3.173499999999999932e-02 -1.979379390064446229e-02
3.237600000000000200e-02 -2.013167311681341928e-02
3.302999999999999686e-02 -2.042653676041915681e-02
3.369699999999999779e-02 -2.067621380800561612e-02
3.437799999999999884e-02 -2.093753580198246672e-02
3.507199999999999901e-02 -2.120866867715245560e-02
3.578100000000000031e-02 -2.149151040883316016e-02
3.650400000000000172e-02 -2.172002433761571413e-02
3.724100000000000327e-02 -2.202006771433783969e-02
3.799299999999999899e-02 -2.226265955458813645e-02
3.876099999999999685e-02 -2.257705248478951779e-02
3.954400000000000276e-02 -2.282875488217714355e-02
4.034299999999999692e-02 -2.308279025586133446e-02
4.115800000000000014e-02 -2.333736600214445650e-02
4.198899999999999855e-02 -2.351850362297574701e-02
4.283800000000000108e-02 -2.369655911735792445e-02
4.370299999999999879e-02 -2.394598012058900618e-02
4.458600000000000063e-02 -2.419067688294915947e-02
4.548599999999999866e-02 -2.435204461701083456e-02
4.640500000000000180e-02 -2.450216965126141705e-02
4.734300000000000314e-02 -2.463803775360245626e-02
4.829900000000000165e-02 -2.484082050988589349e-02
4.927499999999999936e-02 -2.494402679659840638e-02
5.027000000000000218e-02 -2.502503531580434204e-02
5.128599999999999826e-02 -2.517566409890284115e-02
5.232200000000000045e-02 -2.522302959639930245e-02
5.337900000000000283e-02 -2.534301620996439949e-02
5.445699999999999846e-02 -2.535735312216212678e-02
5.555700000000000222e-02 -2.544761451374051575e-02
5.668000000000000121e-02 -2.552605978300953593e-02
5.782500000000000140e-02 -2.549495955733743074e-02
5.899299999999999683e-02 -2.545062088799653413e-02
6.018400000000000138e-02 -2.539506549232503629e-02
6.140000000000000319e-02 -2.538093411663587193e-02
6.264100000000000223e-02 -2.524105671209982832e-02
6.390600000000000447e-02 -2.509666617873401728e-02
6.519700000000000495e-02 -2.491021476140808585e-02
6.651400000000000368e-02 -2.469443211603944768e-02
6.785800000000000165e-02 -2.442988632377783575e-02
6.922899999999999887e-02 -2.412866440239608626e-02
7.062699999999999534e-02 -2.377006950391656603e-02
7.205400000000000693e-02 -2.335295635335846859e-02
7.351000000000000589e-02 -2.287533735523725534e-02
7.499400000000000510e-02 -2.233398521141195456e-02
7.650899999999999368e-02 -2.171168558855137570e-02
7.805499999999999938e-02 -2.103692862430799060e-02
7.963199999999999446e-02 -2.026481718990363196e-02
8.124099999999999377e-02 -1.940856972011220996e-02
8.288199999999999734e-02 -1.845462745962304571e-02
8.455600000000000616e-02 -1.738793277078040656e-02
8.626399999999999346e-02 -1.621936162977137205e-02
8.800700000000000189e-02 -1.493208980631240829e-02
8.978500000000000369e-02 -1.350819358913118648e-02
9.159799999999999887e-02 -1.195964973064320321e-02
9.344900000000000428e-02 -1.025416299505049582e-02
9.533700000000000507e-02 -8.425047935387381878e-03
9.726300000000000223e-02 -6.461294246317032981e-03
9.922699999999999576e-02 -4.355565667651369564e-03
1.012300000000000005e-01 -2.141851452916987072e-03
1.032799999999999968e-01 1.747725533863694566e-04
1.053599999999999953e-01 2.543689719652387181e-03
1.074900000000000022e-01 4.987233154626550050e-03
1.096599999999999936e-01 7.444255589766736632e-03
1.118799999999999933e-01 9.912642850600806091e-03
1.141400000000000053e-01 1.237284072491833670e-02
1.164400000000000018e-01 1.485209235381074709e-02
1.188000000000000028e-01 1.736508248079488351e-02
1.212000000000000022e-01 1.988728306929376730e-02
1.236499999999999960e-01 2.249405194773846511e-02
1.261400000000000021e-01 2.520146296299847349e-02
1.286899999999999988e-01 2.808251350924366799e-02
1.312899999999999900e-01 3.114776767884577802e-02
1.339400000000000035e-01 3.444048998029176911e-02
1.366499999999999937e-01 3.803838796524129651e-02
1.394100000000000061e-01 4.192159258041364828e-02
1.422299999999999953e-01 4.619771700847014745e-02
1.451000000000000068e-01 5.089999436397238397e-02
1.480299999999999949e-01 5.604411080298651870e-02
1.510199999999999876e-01 6.166170165492403793e-02
1.540700000000000125e-01 6.770239235675212797e-02
1.571799999999999864e-01 7.420578123048221508e-02
1.603600000000000025e-01 8.101441135562002793e-02
1.635999999999999954e-01 8.802662763506614862e-02
1.668999999999999928e-01 9.506587537146275746e-02
1.702799999999999869e-01 1.019403943400497004e-01
1.737100000000000033e-01 1.085902570648816096e-01
1.772199999999999886e-01 1.148546499788919012e-01
1.807999999999999885e-01 1.207159540096424816e-01
1.844600000000000128e-01 1.263546587636686647e-01
1.881799999999999862e-01 1.319368161399017136e-01
1.919800000000000118e-01 1.375525367429756562e-01
1.958600000000000063e-01 1.435948793647227884e-01
1.998199999999999976e-01 1.501772669462036747e-01
2.038600000000000134e-01 1.575226352961121290e-01
2.079699999999999882e-01 1.658946782459274072e-01
2.121800000000000075e-01 1.752779283391180110e-01
2.164600000000000135e-01 1.856208446265963652e-01
2.208299999999999985e-01 1.968738156045378718e-01
2.253000000000000003e-01 2.085535429666010576e-01
2.298499999999999988e-01 2.204444239575768238e-01
2.344900000000000040e-01 2.319115672805265593e-01
2.392299999999999982e-01 2.427294710053818916e-01
2.440599999999999992e-01 2.526783601666373058e-01
2.489899999999999891e-01 2.618925147852272928e-01
2.540200000000000236e-01 2.706537972236701117e-01
2.591499999999999915e-01 2.793985278290740393e-01
2.643900000000000139e-01 2.888154005096215116e-01
2.697300000000000253e-01 2.995312912268294769e-01
2.751799999999999802e-01 3.116928297765664824e-01
2.807399999999999896e-01 3.253520617538512294e-01
2.864099999999999979e-01 3.402040617978062675e-01
2.921900000000000053e-01 3.557358607114344262e-01
2.980999999999999761e-01 3.713350639939836384e-01
3.041200000000000014e-01 3.861479980154906566e-01
3.102599999999999802e-01 3.998267164569077048e-01
3.165299999999999780e-01 4.125261119820669564e-01
3.229199999999999848e-01 4.249060507424155531e-01
3.294500000000000206e-01 4.375415789607441930e-01
3.361000000000000099e-01 4.512963914223765971e-01
3.428899999999999726e-01 4.667206723659527157e-01
3.498200000000000198e-01 4.836789275344783867e-01
3.568899999999999850e-01 5.016736291754276822e-01
3.640900000000000247e-01 5.199930140655578681e-01
3.714500000000000024e-01 5.377011283144805809e-01
3.789500000000000091e-01 5.545052681693364294e-01
3.866100000000000092e-01 5.706027135596646316e-01
3.944199999999999928e-01 5.866160217009966926e-01
4.023900000000000254e-01 6.033044829377540719e-01
4.105199999999999960e-01 6.213610535410227786e-01
4.188100000000000156e-01 6.407838438377777557e-01
4.272699999999999831e-01 6.609856462147949419e-01
4.359000000000000097e-01 6.811962398978483879e-01
4.447099999999999942e-01 7.009355374525934046e-01
4.536899999999999822e-01 7.200989233472165907e-01
4.628599999999999937e-01 7.391950942865441743e-01
4.722100000000000186e-01 7.589493809569574090e-01
4.817400000000000015e-01 7.796349206672604781e-01
4.914799999999999724e-01 8.012503759662302771e-01
5.014100000000000223e-01 8.232328960891914793e-01
5.115300000000000402e-01 8.450339772439263708e-01
5.218699999999999450e-01 8.666463522977962963e-01
5.324100000000000499e-01 8.881831161107813788e-01
5.431700000000000417e-01 9.102877796780206587e-01
5.541399999999999659e-01 9.330385891753779637e-01
5.653299999999999992e-01 9.563062359592300332e-01
5.767499999999999849e-01 9.797327041697944106e-01
5.884000000000000341e-01 1.003111175037686431e+00
6.002899999999999903e-01 1.026665424548212302e+00
6.124199999999999644e-01 1.050519273792632990e+00
6.247899999999999565e-01 1.074632738541596355e+00
6.374100000000000321e-01 1.099005645660381836e+00
6.502900000000000347e-01 1.123588636271120933e+00
6.634200000000000097e-01 1.148377797287394531e+00
6.768300000000000427e-01 1.173316761454579638e+00
6.905000000000000027e-01 1.198508463771037924e+00
7.044500000000000206e-01 1.223847935545127497e+00
7.186799999999999855e-01 1.249410235337283570e+00
7.331999999999999629e-01 1.275083807885399656e+00
7.480099999999999527e-01 1.300883437223537165e+00
7.631200000000000205e-01 1.326910958657198991e+00
7.785400000000000098e-01 1.353037669922413144e+00
7.942599999999999660e-01 1.379303205997961301e+00
8.103099999999999747e-01 1.405659715313213320e+00
8.266799999999999704e-01 1.432157633549171916e+00
8.433800000000000185e-01 1.458816660036102109e+00
8.604100000000000081e-01 1.485457869963685562e+00
8.778000000000000247e-01 1.512277685659025428e+00
8.955300000000000482e-01 1.539118557331897064e+00
9.136199999999999877e-01 1.566011588948326150e+00
9.320800000000000196e-01 1.592986255466623424e+00
9.509100000000000330e-01 1.619963843676207826e+00
9.701100000000000279e-01 1.646977986419281947e+00
9.897099999999999786e-01 1.674007948990592798e+00
1.009700000000000042e+00 1.701036785698552434e+00
1.030100000000000016e+00 1.728071482796438962e+00
1.050899999999999945e+00 1.755085432844510240e+00
1.072100000000000053e+00 1.782078763013288381e+00
1.093800000000000106e+00 1.809045217604085654e+00
1.115899999999999892e+00 1.835943972980289773e+00
1.138400000000000079e+00 1.862799891820810627e+00
1.161399999999999988e+00 1.889582744571182582e+00
1.184900000000000064e+00 1.916319892037187556e+00
1.208800000000000097e+00 1.942967556160276832e+00
1.233300000000000063e+00 1.969480753698558795e+00
1.258199999999999985e+00 1.995947533054091450e+00
1.283600000000000074e+00 2.022279728808951127e+00
1.309500000000000108e+00 2.048493795173196741e+00
1.336000000000000076e+00 2.074595494198294698e+00
1.362999999999999989e+00 2.100554487982937424e+00
1.390500000000000069e+00 2.126348272970197240e+00
1.418600000000000083e+00 2.152047773350287407e+00
1.447200000000000042e+00 2.177542875344216977e+00
1.476499999999999924e+00 2.202888593907887493e+00
1.506299999999999972e+00 2.228037136401905816e+00
1.536699999999999955e+00 2.253022450329026594e+00
1.567800000000000082e+00 2.277843118085646879e+00
1.599399999999999933e+00 2.302428708600889440e+00
1.631799999999999917e+00 2.326864327958074519e+00
1.664700000000000069e+00 2.351084029472639170e+00
1.698399999999999910e+00 2.375106514624567566e+00
1.732699999999999907e+00 2.398865361799265905e+00
1.767700000000000049e+00 2.422430480959829602e+00
1.803399999999999892e+00 2.445797506421736323e+00
1.839800000000000102e+00 2.468899665490228656e+00
1.877000000000000002e+00 2.491793287384604483e+00
1.914900000000000047e+00 2.514462120334947759e+00
1.953600000000000003e+00 2.536872829315078626e+00
1.993000000000000105e+00 2.559074263258858561e+00
2.033300000000000107e+00 2.580979854993030731e+00
2.074399999999999800e+00 2.602719714285723018e+00
2.116299999999999848e+00 2.624180331455919557e+00
2.158999999999999808e+00 2.645359263055747867e+00
2.202599999999999891e+00 2.666337496627280146e+00
2.247100000000000097e+00 2.687086594787110538e+00
2.292499999999999982e+00 2.707578258104163638e+00
2.338799999999999990e+00 2.727819124014353669e+00
2.386099999999999888e+00 2.747791883269618651e+00
2.434299999999999908e+00 2.767575850156211548e+00
2.483499999999999819e+00 2.787129788581965695e+00
2.533599999999999852e+00 2.806379338172356519e+00
2.584799999999999986e+00 2.825397811208068433e+00
2.637000000000000011e+00 2.844261390918122245e+00
2.690300000000000136e+00 2.862821256366838707e+00
2.744699999999999918e+00 2.881149476726992731e+00
2.800100000000000033e+00 2.899263745937036063e+00
2.856700000000000017e+00 2.917158953899936069e+00
2.914400000000000102e+00 2.934760774993989241e+00
2.973300000000000054e+00 2.952144788669525344e+00
3.033300000000000107e+00 2.969342775552492153e+00
3.094599999999999795e+00 2.986369200560590631e+00
3.157099999999999795e+00 3.003131613432254543e+00
3.220899999999999874e+00 3.019681984513387984e+00
3.286000000000000032e+00 3.036007548655994537e+00
3.352300000000000058e+00 3.052123880515960508e+00
3.420100000000000140e+00 3.068030814394436590e+00
3.489199999999999857e+00 3.083734632687944455e+00
3.559600000000000097e+00 3.099249405120135137e+00
3.631600000000000161e+00 3.114568586178354082e+00
3.704899999999999860e+00 3.129631430734679309e+00
3.779799999999999827e+00 3.144562051356889931e+00
3.856100000000000083e+00 3.159262463636736129e+00
3.934000000000000163e+00 3.173782333298881930e+00
4.013499999999999623e+00 3.188095493638400946e+00
4.094599999999999795e+00 3.202258387105595627e+00
4.177299999999999791e+00 3.216210159095072019e+00
4.261700000000000266e+00 3.229980900517872122e+00
4.347800000000000331e+00 3.243567285725184490e+00
4.435599999999999987e+00 3.256960906409940293e+00
4.525199999999999889e+00 3.270201525170147061e+00
4.616600000000000037e+00 3.283242486311602981e+00
4.709900000000000198e+00 3.296141104563985014e+00
4.804999999999999716e+00 3.308837152129865178e+00
4.902099999999999902e+00 3.321414378673834822e+00
5.001100000000000101e+00 3.333748265847062520e+00
5.102100000000000080e+00 3.346034598097323176e+00
5.205199999999999605e+00 3.358037641036652143e+00
5.310399999999999565e+00 3.369925323155684715e+00
5.417600000000000193e+00 3.381660571081138045e+00
5.527099999999999902e+00 3.393231991717245766e+00
5.638700000000000045e+00 3.404664222101905668e+00
5.752600000000000158e+00 3.415959675706928600e+00
5.868900000000000006e+00 3.427056229011407495e+00
5.987400000000000055e+00 3.438014175590983879e+00
6.108399999999999608e+00 3.448796702963806027e+00
6.231799999999999784e+00 3.459460585887438544e+00
6.357700000000000351e+00 3.469989229026912092e+00
6.486100000000000421e+00 3.480370405000344558e+00
6.617099999999999760e+00 3.490594046330967704e+00
6.750799999999999912e+00 3.500713565149840445e+00
6.887199999999999989e+00 3.510676369618262793e+00
7.026299999999999990e+00 3.520504903749440473e+00
7.168199999999999683e+00 3.530198483679815702e+00
7.312999999999999723e+00 3.539779390148781513e+00
7.460799999999999876e+00 3.549224298006165235e+00
7.611500000000000377e+00 3.558493651275671077e+00
7.765299999999999869e+00 3.567663394677455191e+00
7.922100000000000364e+00 3.576682317983776116e+00
8.082200000000000273e+00 3.585607285335753236e+00
8.245400000000000063e+00 3.594351581079437086e+00
8.412000000000000810e+00 3.602954904699708472e+00
8.581899999999999196e+00 3.611424143977045365e+00
8.755300000000000082e+00 3.619792305964606438e+00
8.932199999999999918e+00 3.627957151556981952e+00
9.112600000000000477e+00 3.636006968474662315e+00
9.296699999999999520e+00 3.644029776845769675e+00
9.484500000000000597e+00 3.651870215748237225e+00
9.676099999999999923e+00 3.659647244258553478e+00
9.871600000000000819e+00 3.667388343130992379e+00
1.007099999999999973e+01 3.675093256149545518e+00
