# # k[h/Mpc], logBoost (P^NLCDM_NL/P^NLCDM_L)
1.000000000000000048e-04 0.000000000000000000e+00
1.020200000000000024e-04 0.000000000000000000e+00
1.040800000000000064e-04 0.000000000000000000e+00
1.061800000000000032e-04 0.000000000000000000e+00
1.083300000000000013e-04 0.000000000000000000e+00
1.105200000000000057e-04 0.000000000000000000e+00
1.127500000000000030e-04 0.000000000000000000e+00
1.150300000000000015e-04 0.000000000000000000e+00
1.173500000000000064e-04 0.000000000000000000e+00
1.197199999999999989e-04 0.000000000000000000e+00
1.221399999999999927e-04 0.000000000000000000e+00
1.246099999999999877e-04 0.000000000000000000e+00
1.271199999999999891e-04 0.000000000000000000e+00
1.296899999999999865e-04 0.000000000000000000e+00
1.323100000000000122e-04 0.000000000000000000e+00
1.349900000000000069e-04 0.000000000000000000e+00
1.377100000000000080e-04 0.000000000000000000e+00
1.404900000000000051e-04 0.000000000000000000e+00
1.433299999999999982e-04 0.000000000000000000e+00
1.462299999999999874e-04 0.000000000000000000e+00
1.491800000000000049e-04 0.000000000000000000e+00
1.522000000000000132e-04 0.000000000000000000e+00
1.552699999999999957e-04 0.000000000000000000e+00
1.584099999999999961e-04 0.000000000000000000e+00
1.616099999999999926e-04 0.000000000000000000e+00
1.648700000000000122e-04 0.000000000000000000e+00
1.681999999999999956e-04 0.000000000000000000e+00
1.715999999999999969e-04 0.000000000000000000e+00
1.750699999999999891e-04 0.000000000000000000e+00
1.786000000000000044e-04 0.000000000000000000e+00
1.822100000000000054e-04 0.000000000000000000e+00
1.858899999999999973e-04 0.000000000000000000e+00
1.896500000000000020e-04 0.000000000000000000e+00
1.934799999999999975e-04 0.000000000000000000e+00
1.973900000000000058e-04 0.000000000000000000e+00
2.013799999999999998e-04 0.000000000000000000e+00
2.054400000000000117e-04 0.000000000000000000e+00
2.095900000000000042e-04 0.000000000000000000e+00
2.138300000000000042e-04 0.000000000000000000e+00
2.181499999999999900e-04 0.000000000000000000e+00
2.225499999999999885e-04 0.000000000000000000e+00
2.270499999999999895e-04 0.000000000000000000e+00
2.316399999999999980e-04 0.000000000000000000e+00
2.363199999999999871e-04 0.000000000000000000e+00
2.410900000000000109e-04 0.000000000000000000e+00
2.459599999999999829e-04 0.000000000000000000e+00
2.509300000000000115e-04 0.000000000000000000e+00
2.559999999999999884e-04 0.000000000000000000e+00
2.611700000000000219e-04 0.000000000000000000e+00
2.664499999999999985e-04 0.000000000000000000e+00
2.718299999999999775e-04 0.000000000000000000e+00
2.773200000000000079e-04 0.000000000000000000e+00
2.829199999999999814e-04 0.000000000000000000e+00
2.886400000000000012e-04 0.000000000000000000e+00
2.944700000000000182e-04 0.000000000000000000e+00
3.004199999999999731e-04 0.000000000000000000e+00
3.064899999999999743e-04 0.000000000000000000e+00
3.126800000000000217e-04 0.000000000000000000e+00
3.189900000000000070e-04 0.000000000000000000e+00
3.254399999999999741e-04 0.000000000000000000e+00
3.320099999999999874e-04 0.000000000000000000e+00
3.387199999999999825e-04 0.000000000000000000e+00
3.455600000000000186e-04 0.000000000000000000e+00
3.525399999999999823e-04 0.000000000000000000e+00
3.596599999999999819e-04 0.000000000000000000e+00
3.669300000000000122e-04 0.000000000000000000e+00
3.743400000000000243e-04 0.000000000000000000e+00
3.819000000000000129e-04 0.000000000000000000e+00
3.896200000000000271e-04 0.000000000000000000e+00
3.974900000000000178e-04 0.000000000000000000e+00
4.055199999999999799e-04 0.000000000000000000e+00
4.137100000000000217e-04 0.000000000000000000e+00
4.220699999999999756e-04 0.000000000000000000e+00
4.306000000000000040e-04 0.000000000000000000e+00
4.392900000000000038e-04 0.000000000000000000e+00
4.481700000000000137e-04 0.000000000000000000e+00
4.572199999999999897e-04 0.000000000000000000e+00
4.664599999999999758e-04 0.000000000000000000e+00
4.758799999999999771e-04 0.000000000000000000e+00
4.854999999999999832e-04 0.000000000000000000e+00
4.952999999999999504e-04 0.000000000000000000e+00
5.053100000000000256e-04 0.000000000000000000e+00
5.155199999999999973e-04 0.000000000000000000e+00
5.259299999999999739e-04 0.000000000000000000e+00
5.365600000000000534e-04 0.000000000000000000e+00
5.473900000000000293e-04 0.000000000000000000e+00
5.584500000000000488e-04 0.000000000000000000e+00
5.697299999999999543e-04 0.000000000000000000e+00
5.812400000000000119e-04 0.000000000000000000e+00
5.929900000000000535e-04 0.000000000000000000e+00
6.049599999999999813e-04 0.000000000000000000e+00
6.171899999999999912e-04 0.000000000000000000e+00
6.296500000000000447e-04 0.000000000000000000e+00
6.423699999999999636e-04 0.000000000000000000e+00
6.553499999999999647e-04 0.000000000000000000e+00
6.685900000000000480e-04 0.000000000000000000e+00
6.821000000000000457e-04 0.000000000000000000e+00
6.958799999999999578e-04 0.000000000000000000e+00
7.099300000000000012e-04 0.000000000000000000e+00
7.242699999999999486e-04 0.000000000000000000e+00
7.389099999999999575e-04 0.000000000000000000e+00
7.538300000000000382e-04 0.000000000000000000e+00
7.690600000000000127e-04 0.000000000000000000e+00
7.845999999999999893e-04 0.000000000000000000e+00
8.004499999999999680e-04 0.000000000000000000e+00
8.166199999999999978e-04 0.000000000000000000e+00
8.331099999999999704e-04 0.000000000000000000e+00
8.499399999999999837e-04 0.000000000000000000e+00
8.671100000000000379e-04 0.000000000000000000e+00
8.846299999999999650e-04 0.000000000000000000e+00
9.024999999999999819e-04 0.000000000000000000e+00
9.207300000000000293e-04 0.000000000000000000e+00
9.393300000000000477e-04 0.000000000000000000e+00
9.583099999999999778e-04 0.000000000000000000e+00
9.776699999999999280e-04 0.000000000000000000e+00
9.974199999999999473e-04 0.000000000000000000e+00
1.017600000000000015e-03 0.000000000000000000e+00
1.038099999999999917e-03 0.000000000000000000e+00
1.059100000000000102e-03 0.000000000000000000e+00
1.080500000000000080e-03 0.000000000000000000e+00
1.102300000000000068e-03 0.000000000000000000e+00
1.124599999999999905e-03 0.000000000000000000e+00
1.147299999999999969e-03 0.000000000000000000e+00
1.170500000000000099e-03 0.000000000000000000e+00
1.194100000000000023e-03 0.000000000000000000e+00
1.218200000000000012e-03 0.000000000000000000e+00
1.242899999999999908e-03 0.000000000000000000e+00
1.268000000000000030e-03 0.000000000000000000e+00
1.293600000000000002e-03 0.000000000000000000e+00
1.319700000000000040e-03 0.000000000000000000e+00
1.346399999999999984e-03 0.000000000000000000e+00
1.373599999999999995e-03 0.000000000000000000e+00
1.401300000000000072e-03 0.000000000000000000e+00
1.429600000000000055e-03 0.000000000000000000e+00
1.458499999999999944e-03 0.000000000000000000e+00
1.487999999999999956e-03 0.000000000000000000e+00
1.518000000000000035e-03 0.000000000000000000e+00
1.548700000000000077e-03 0.000000000000000000e+00
1.580000000000000024e-03 0.000000000000000000e+00
1.611900000000000095e-03 0.000000000000000000e+00
1.644499999999999912e-03 0.000000000000000000e+00
1.677700000000000068e-03 0.000000000000000000e+00
1.711599999999999970e-03 0.000000000000000000e+00
1.746200000000000052e-03 0.000000000000000000e+00
1.781400000000000041e-03 0.000000000000000000e+00
1.817400000000000048e-03 0.000000000000000000e+00
1.854100000000000019e-03 0.000000000000000000e+00
1.891600000000000009e-03 0.000000000000000000e+00
1.929799999999999962e-03 0.000000000000000000e+00
1.968800000000000151e-03 0.000000000000000000e+00
2.008600000000000142e-03 0.000000000000000000e+00
2.049099999999999880e-03 0.000000000000000000e+00
2.090499999999999910e-03 0.000000000000000000e+00
2.132799999999999800e-03 0.000000000000000000e+00
2.175799999999999870e-03 0.000000000000000000e+00
2.219800000000000072e-03 0.000000000000000000e+00
2.264599999999999860e-03 0.000000000000000000e+00
2.310400000000000214e-03 0.000000000000000000e+00
2.357099999999999994e-03 0.000000000000000000e+00
2.404700000000000067e-03 0.000000000000000000e+00
2.453299999999999838e-03 0.000000000000000000e+00
2.502799999999999903e-03 0.000000000000000000e+00
2.553399999999999941e-03 0.000000000000000000e+00
2.605000000000000111e-03 0.000000000000000000e+00
2.657599999999999980e-03 0.000000000000000000e+00
2.711299999999999821e-03 0.000000000000000000e+00
2.765999999999999796e-03 0.000000000000000000e+00
2.821900000000000016e-03 0.000000000000000000e+00
2.878900000000000209e-03 0.000000000000000000e+00
2.937100000000000214e-03 0.000000000000000000e+00
2.996400000000000192e-03 0.000000000000000000e+00
3.056899999999999982e-03 0.000000000000000000e+00
3.118699999999999858e-03 0.000000000000000000e+00
3.181699999999999980e-03 0.000000000000000000e+00
3.246000000000000187e-03 0.000000000000000000e+00
3.311500000000000207e-03 0.000000000000000000e+00
3.378400000000000153e-03 0.000000000000000000e+00
3.446700000000000024e-03 0.000000000000000000e+00
3.516299999999999981e-03 0.000000000000000000e+00
3.587400000000000137e-03 0.000000000000000000e+00
3.659799999999999946e-03 0.000000000000000000e+00
3.733799999999999793e-03 0.000000000000000000e+00
3.809199999999999999e-03 8.685456209051243257e-05
3.886099999999999971e-03 0.000000000000000000e+00
3.964600000000000415e-03 0.000000000000000000e+00
4.044700000000000031e-03 -8.284660954992194325e-05
4.126399999999999686e-03 -8.156939520816856371e-05
4.209799999999999653e-03 -8.031805955882274364e-05
4.294799999999999660e-03 -7.909202361065097197e-05
4.381600000000000251e-03 0.000000000000000000e+00
4.470100000000000288e-03 1.534212951765993567e-04
4.560400000000000044e-03 3.022289407214268976e-04
4.652500000000000385e-03 4.465947227185056200e-04
4.746499999999999851e-03 2.933626717042049268e-04
4.842400000000000176e-03 0.000000000000000000e+00
4.940199999999999626e-03 -7.125552531788474859e-04
5.040000000000000209e-03 -1.545703954205115364e-03
5.141899999999999596e-03 -2.425083468075698613e-03
5.245699999999999842e-03 -3.348484353281371267e-03
5.351700000000000033e-03 -3.976684376519959603e-03
5.459799999999999896e-03 -4.320809726849970077e-03
5.570099999999999704e-03 -4.523856264566048467e-03
5.682600000000000325e-03 -4.462127880869600112e-03
5.797400000000000296e-03 -4.401780575425285648e-03
5.914499999999999619e-03 -4.342770459324862137e-03
6.034000000000000301e-03 -4.409534207594386669e-03
6.155899999999999740e-03 -4.474554647599690398e-03
6.280299999999999945e-03 -4.537899180351629216e-03
6.407200000000000048e-03 -4.719103169579681560e-03
6.536600000000000049e-03 -4.895754020197562797e-03
6.668600000000000222e-03 -5.009621940748376460e-03
6.803299999999999972e-03 -5.063301956546762024e-03
6.940799999999999574e-03 -5.172376325372587610e-03
7.080999999999999621e-03 -5.279131658366597625e-03
7.224000000000000386e-03 -5.383368996322448509e-03
7.369999999999999815e-03 -5.485477276671203196e-03
7.518900000000000236e-03 -5.585546367262921724e-03
7.670800000000000188e-03 -5.683661412970948679e-03
7.825699999999999670e-03 -5.832775431436342493e-03
7.983799999999999231e-03 -5.979247856820774955e-03
8.145100000000000603e-03 -6.071159970675256770e-03
8.309600000000000319e-03 -6.212954184718251678e-03
8.477500000000000660e-03 -6.352454343819627716e-03
8.648799999999999891e-03 -6.489772494479294739e-03
8.823499999999999746e-03 -6.625344915426265198e-03
9.001699999999999632e-03 -6.758949236621203741e-03
9.183600000000000096e-03 -6.891017665445919871e-03
9.369099999999999998e-03 -7.069904998923418060e-03
9.558300000000000476e-03 -7.198764110812517873e-03
9.751400000000000345e-03 -7.374138413415933999e-03
9.948399999999999604e-03 -7.547917709851705535e-03
1.014900000000000004e-02 -7.673270232532422401e-03
1.035400000000000036e-02 -7.844633725401927923e-03
1.056400000000000047e-02 -8.061030775795905226e-03
1.077700000000000012e-02 -8.230122812065074345e-03
1.099499999999999957e-02 -8.398642035956747562e-03
1.121699999999999954e-02 -8.566714549110251639e-03
1.144300000000000005e-02 -8.734462373718823378e-03
1.167499999999999961e-02 -8.947111831442871796e-03
1.191000000000000045e-02 -9.159153430324827594e-03
1.215100000000000034e-02 -9.371562527772913861e-03
1.239700000000000003e-02 -9.584108722073384629e-03
1.264700000000000026e-02 -9.797383021728695018e-03
1.290200000000000027e-02 -1.001156865899348151e-02
1.316299999999999935e-02 -1.022684699205103111e-02
1.342899999999999996e-02 -1.044384694287086614e-02
1.370000000000000037e-02 -1.070536494652697158e-02
1.397699999999999984e-02 -1.092580541264613278e-02
1.425900000000000084e-02 -1.119136805535462381e-02
1.454699999999999917e-02 -1.145974087776001696e-02
1.484100000000000003e-02 -1.173071236713206164e-02
1.514099999999999994e-02 -1.200555508741231632e-02
1.544700000000000066e-02 -1.228407772561736916e-02
1.575899999999999870e-02 -1.256658183538521788e-02
1.607700000000000101e-02 -1.285391825913175488e-02
1.640199999999999991e-02 -1.314644139126996611e-02
1.673399999999999888e-02 -1.344451817754825466e-02
1.707200000000000037e-02 -1.379099520077906038e-02
1.741600000000000092e-02 -1.414450738616462519e-02
1.776799999999999907e-02 -1.446297464971595635e-02
1.812700000000000075e-02 -1.483140877953158590e-02
1.849299999999999902e-02 -1.516628827964470322e-02
1.886699999999999836e-02 -1.551013239102714929e-02
1.924800000000000122e-02 -1.586350743659552601e-02
1.963700000000000168e-02 -1.627029387970977542e-02
2.003399999999999972e-02 -1.668897485021172272e-02
2.043800000000000130e-02 -1.707665126113055987e-02
2.085100000000000148e-02 -1.747663840391863038e-02
2.127199999999999924e-02 -1.789050610931545299e-02
2.170199999999999907e-02 -1.831835999198497267e-02
2.214100000000000096e-02 -1.876194278056211515e-02
2.258800000000000044e-02 -1.922145246376766661e-02
2.304399999999999851e-02 -1.965232319849963966e-02
2.350999999999999965e-02 -2.014653372452656840e-02
2.398499999999999938e-02 -2.066008561824469320e-02
2.446900000000000117e-02 -2.110037850339974153e-02
2.496400000000000008e-02 -2.165369590961845059e-02
2.546800000000000105e-02 -2.218249456371812131e-02
2.598200000000000162e-02 -2.268564628614931633e-02
2.650699999999999931e-02 -2.321102669830352183e-02
2.704300000000000107e-02 -2.375900401613128404e-02
2.758899999999999894e-02 -2.433234381610168209e-02
2.814600000000000088e-02 -2.493035479135741542e-02
2.871500000000000094e-02 -2.545189960812550486e-02
2.929500000000000159e-02 -2.605007273731589287e-02
2.988700000000000037e-02 -2.667531891286739273e-02
3.048999999999999974e-02 -2.727343779679592198e-02
3.110600000000000170e-02 -2.789757002045090140e-02
3.173499999999999932e-02 -2.854947175619305597e-02
3.237600000000000200e-02 -2.917180922831376713e-02
3.302999999999999686e-02 -2.982018127081067366e-02
3.369699999999999779e-02 -3.049447496011991818e-02
3.437799999999999884e-02 -3.113348656615514201e-02
3.507199999999999901e-02 -3.179723705578614557e-02
3.578100000000000031e-02 -3.254651357062078587e-02
3.650400000000000172e-02 -3.325691961643961747e-02
3.724100000000000327e-02 -3.392354347274196408e-02
3.799299999999999899e-02 -3.467331591310305466e-02
3.876099999999999685e-02 -3.544196258096036362e-02
3.954400000000000276e-02 -3.608958561897078476e-02
4.034299999999999692e-02 -3.688899663227363651e-02
4.115800000000000014e-02 -3.762940820073128884e-02
4.198899999999999855e-02 -3.845503060454928679e-02
4.283800000000000108e-02 -3.921486436208018039e-02
4.370299999999999879e-02 -3.998404465510727035e-02
4.458600000000000063e-02 -4.091057016074659686e-02
4.548599999999999866e-02 -4.168256728934294914e-02
4.640500000000000180e-02 -4.252881565279741094e-02
4.734300000000000314e-02 -4.344419115081585986e-02
4.829900000000000165e-02 -4.435187559101860799e-02
4.927499999999999936e-02 -4.516623902162535814e-02
5.027000000000000218e-02 -4.614022299710539288e-02
5.128599999999999826e-02 -4.710857925226864112e-02
5.232200000000000045e-02 -4.807724408349924039e-02
5.337900000000000283e-02 -4.903999816261842004e-02
5.445699999999999846e-02 -4.999903171456084039e-02
5.555700000000000222e-02 -5.104702862766529597e-02
5.668000000000000121e-02 -5.209462454244868923e-02
5.782500000000000140e-02 -5.315008850098642407e-02
5.899299999999999683e-02 -5.421251580330571640e-02
6.018400000000000138e-02 -5.529705918130586179e-02
6.140000000000000319e-02 -5.635917926146691292e-02
6.264100000000000223e-02 -5.739909747388202005e-02
6.390600000000000447e-02 -5.843277223658890906e-02
6.519700000000000495e-02 -5.949862517499206194e-02
6.651400000000000368e-02 -6.045599366290191345e-02
6.785800000000000165e-02 -6.140311940682286612e-02
6.922899999999999887e-02 -6.231834779730963808e-02
7.062699999999999534e-02 -6.317751522783045248e-02
7.205400000000000693e-02 -6.396130261399769756e-02
7.351000000000000589e-02 -6.467213651520206663e-02
7.499400000000000510e-02 -6.530850437426229116e-02
7.650899999999999368e-02 -6.585185632556217472e-02
7.805499999999999938e-02 -6.628010775843196090e-02
7.963199999999999446e-02 -6.660037500460887216e-02
8.124099999999999377e-02 -6.680351629139585912e-02
8.288199999999999734e-02 -6.687837465399931736e-02
8.455600000000000616e-02 -6.681859601130260562e-02
8.626399999999999346e-02 -6.664842459297444510e-02
8.800700000000000189e-02 -6.631717036595353998e-02
8.978500000000000369e-02 -6.585839078866462248e-02
9.159799999999999887e-02 -6.526616463688696135e-02
9.344900000000000428e-02 -6.456556768197108109e-02
9.533700000000000507e-02 -6.375414532413142821e-02
9.726300000000000223e-02 -6.283743013411767497e-02
9.922699999999999576e-02 -6.186425474103487976e-02
1.012300000000000005e-01 -6.087547925430248502e-02
1.032799999999999968e-01 -5.985183121683682050e-02
1.053599999999999953e-01 -5.886386885592200663e-02
1.074900000000000022e-01 -5.790740071521616877e-02
1.096599999999999936e-01 -5.699511650072314889e-02
1.118799999999999933e-01 -5.609759293347245379e-02
1.141400000000000053e-01 -5.520868044182924289e-02
1.164400000000000018e-01 -5.430518007053213025e-02
1.188000000000000028e-01 -5.333534352771882037e-02
1.212000000000000022e-01 -5.224810125997348537e-02
1.236499999999999960e-01 -5.100667896447452776e-02
1.261400000000000021e-01 -4.952156530100219195e-02
1.286899999999999988e-01 -4.778269349399225097e-02
1.312899999999999900e-01 -4.566572427191176869e-02
1.339400000000000035e-01 -4.316887277944035650e-02
1.366499999999999937e-01 -4.024434937085325653e-02
1.394100000000000061e-01 -3.684385245999477476e-02
1.422299999999999953e-01 -3.292859115775003537e-02
1.451000000000000068e-01 -2.847685582044879454e-02
1.480299999999999949e-01 -2.352835697403744125e-02
1.510199999999999876e-01 -1.811477653818760122e-02
1.540700000000000125e-01 -1.229719609138347353e-02
1.571799999999999864e-01 -6.181762937445256338e-03
1.603600000000000025e-01 0.000000000000000000e+00
1.635999999999999954e-01 6.134081756926215712e-03
1.668999999999999928e-01 1.196159170733548244e-02
1.702799999999999869e-01 1.747605905596244166e-02
1.737100000000000033e-01 2.261834684399803910e-02
1.772199999999999886e-01 2.748488393049951586e-02
1.807999999999999885e-01 3.229960709789010675e-02
1.844600000000000128e-01 3.716679545966834752e-02
1.881799999999999862e-01 4.227157550602901603e-02
1.919800000000000118e-01 4.805676997130720052e-02
1.958600000000000063e-01 5.462368142394310316e-02
1.998199999999999976e-01 6.221815870242783375e-02
2.038600000000000134e-01 7.085722094905105850e-02
2.079699999999999882e-01 8.059970841677856213e-02
2.121800000000000075e-01 9.124024179025393144e-02
2.164600000000000135e-01 1.026198859615550379e-01
2.208299999999999985e-01 1.142578867326339287e-01
2.253000000000000003e-01 1.257827529077615025e-01
2.298499999999999988e-01 1.367378972687878502e-01
2.344900000000000040e-01 1.468692200060766617e-01
2.392299999999999982e-01 1.561949209881132727e-01
2.440599999999999992e-01 1.649095577175349880e-01
2.489899999999999891e-01 1.735071591977233041e-01
2.540200000000000236e-01 1.826005695757631220e-01
2.591499999999999915e-01 1.928589573430219417e-01
2.643900000000000139e-01 2.045187074420542483e-01
2.697300000000000253e-01 2.176989650696171952e-01
2.751799999999999802e-01 2.323084146074075873e-01
2.807399999999999896e-01 2.477890856455266244e-01
2.864099999999999979e-01 2.634694975412834039e-01
2.921900000000000053e-01 2.786593108919674378e-01
2.980999999999999761e-01 2.928553897320014809e-01
3.041200000000000014e-01 3.059560768173762990e-01
3.102599999999999802e-01 3.183877828420305645e-01
3.165299999999999780e-01 3.308385325387310227e-01
3.229199999999999848e-01 3.442450177060684680e-01
3.294500000000000206e-01 3.591035049963515746e-01
3.361000000000000099e-01 3.755821185188029099e-01
3.428899999999999726e-01 3.932588358363231507e-01
3.498200000000000198e-01 4.116007759965904511e-01
3.568899999999999850e-01 4.294698433480289568e-01
3.640900000000000247e-01 4.465157253468926557e-01
3.714500000000000024e-01 4.626987591415196444e-01
3.789500000000000091e-01 4.785042947440261152e-01
3.866100000000000092e-01 4.946607564407282664e-01
3.944199999999999928e-01 5.120416067947826111e-01
4.023900000000000254e-01 5.307928981573641902e-01
4.105199999999999960e-01 5.504546647885976141e-01
4.188100000000000156e-01 5.704042527745983859e-01
4.272699999999999831e-01 5.899707899703090508e-01
4.359000000000000097e-01 6.088405761595482302e-01
4.447099999999999942e-01 6.274504063312581481e-01
4.536899999999999822e-01 6.463825927583690678e-01
4.628599999999999937e-01 6.661678803638511059e-01
4.722100000000000186e-01 6.869020841545503409e-01
4.817400000000000015e-01 7.081284236764585627e-01
4.914799999999999724e-01 7.293534292805801122e-01
5.014100000000000223e-01 7.502568388844166325e-01
5.115300000000000402e-01 7.709964021290512948e-01
5.218699999999999450e-01 7.920623809338507293e-01
5.324100000000000499e-01 8.137036611497812100e-01
5.431700000000000417e-01 8.359501901362622611e-01
5.541399999999999659e-01 8.583665853994137951e-01
5.653299999999999992e-01 8.808083876791443778e-01
5.767499999999999849e-01 9.032234847941008615e-01
5.884000000000000341e-01 9.258963985409537356e-01
6.002899999999999903e-01 9.488688870526090779e-01
6.124199999999999644e-01 9.720980980627613732e-01
6.247899999999999565e-01 9.954992972448530875e-01
6.374100000000000321e-01 1.019133719380654668e+00
6.502900000000000347e-01 1.042901606373938472e+00
6.634200000000000097e-01 1.066839304467853466e+00
6.768300000000000427e-01 1.090990084487200029e+00
6.905000000000000027e-01 1.115278260300972102e+00
7.044500000000000206e-01 1.139734774708895060e+00
7.186799999999999855e-01 1.164328795586448084e+00
7.331999999999999629e-01 1.189079304831850648e+00
7.480099999999999527e-01 1.214014281359583336e+00
7.631200000000000205e-01 1.239085359445028400e+00
7.785400000000000098e-01 1.264281813773969532e+00
7.942599999999999660e-01 1.289659910661974829e+00
8.103099999999999747e-01 1.315188702817114752e+00
8.266799999999999704e-01 1.340774631364344271e+00
8.433800000000000185e-01 1.366574908283306522e+00
8.604100000000000081e-01 1.392445599601804584e+00
8.778000000000000247e-01 1.418382675671391091e+00
8.955300000000000482e-01 1.444445607918647845e+00
9.136199999999999877e-01 1.470600336747688308e+00
9.320800000000000196e-01 1.496784607183490712e+00
9.509100000000000330e-01 1.523141186792645430e+00
9.701100000000000279e-01 1.549511863867014005e+00
9.897099999999999786e-01 1.575938700439935891e+00
1.009700000000000042e+00 1.602418943533129747e+00
1.030100000000000016e+00 1.628951616329086471e+00
1.050899999999999945e+00 1.655491955539814652e+00
1.072100000000000053e+00 1.682077256250766206e+00
1.093800000000000106e+00 1.708651572934151153e+00
1.115899999999999892e+00 1.735271016391373156e+00
1.138400000000000079e+00 1.761831745502711710e+00
1.161399999999999988e+00 1.788417401263188600e+00
1.184900000000000064e+00 1.814952847845290984e+00
1.208800000000000097e+00 1.841474252970953351e+00
1.233300000000000063e+00 1.867950268231044486e+00
1.258199999999999985e+00 1.894379960818788122e+00
1.283600000000000074e+00 1.920745109818560836e+00
1.309500000000000108e+00 1.947019311582494527e+00
1.336000000000000076e+00 1.973265453708324513e+00
1.362999999999999989e+00 1.999384879599846565e+00
1.390500000000000069e+00 2.025404797327774009e+00
1.418600000000000083e+00 2.051328193058555627e+00
1.447200000000000042e+00 2.077131641617712354e+00
1.476499999999999924e+00 2.102837875878469376e+00
1.506299999999999972e+00 2.128363907433546309e+00
1.536699999999999955e+00 2.153823958574762720e+00
1.567800000000000082e+00 2.179089864379864405e+00
1.599399999999999933e+00 2.204217358260939452e+00
1.631799999999999917e+00 2.229171063255813046e+00
1.664700000000000069e+00 2.253990967806045020e+00
1.698399999999999910e+00 2.278610654703988825e+00
1.732699999999999907e+00 2.303038607741047628e+00
1.767700000000000049e+00 2.327287372697382395e+00
1.803399999999999892e+00 2.351377236422818928e+00
1.839800000000000102e+00 2.375247320805113027e+00
1.877000000000000002e+00 2.398925532614653466e+00
1.914900000000000047e+00 2.422444309225328940e+00
1.953600000000000003e+00 2.445706063231010585e+00
1.993000000000000105e+00 2.468745362796132437e+00
2.033300000000000107e+00 2.491660883041898256e+00
2.074399999999999800e+00 2.514314917632150870e+00
2.116299999999999848e+00 2.536748975758657654e+00
2.158999999999999808e+00 2.558989457831689851e+00
2.202599999999999891e+00 2.580927695585325754e+00
2.247100000000000097e+00 2.602755050475423104e+00
2.292499999999999982e+00 2.624261367191524918e+00
2.338799999999999990e+00 2.645607680275809503e+00
2.386099999999999888e+00 2.666744425173573685e+00
2.434299999999999908e+00 2.687666998332948864e+00
2.483499999999999819e+00 2.708350781224104331e+00
2.533599999999999852e+00 2.728866705226796530e+00
2.584799999999999986e+00 2.749071260020455210e+00
2.637000000000000011e+00 2.769175727294213463e+00
2.690300000000000136e+00 2.788989546613170667e+00
2.744699999999999918e+00 2.808617210064995540e+00
2.800100000000000033e+00 2.828041185369077670e+00
2.856700000000000017e+00 2.847210178136759584e+00
2.914400000000000102e+00 2.866173105479402405e+00
2.973300000000000054e+00 2.885031599612428721e+00
3.033300000000000107e+00 2.903619585852624585e+00
3.094599999999999795e+00 2.921952845270425758e+00
3.157099999999999795e+00 2.940181158815279083e+00
3.220899999999999874e+00 2.958137823524602528e+00
3.286000000000000032e+00 2.975935086347464065e+00
3.352300000000000058e+00 2.993555537034233716e+00
3.420100000000000140e+00 3.011043520296605713e+00
3.489199999999999857e+00 3.028231318230145241e+00
3.559600000000000097e+00 3.045281398089906943e+00
3.631600000000000161e+00 3.062157929728728689e+00
3.704899999999999860e+00 3.078856682679581791e+00
3.779799999999999827e+00 3.095356092581029284e+00
3.856100000000000083e+00 3.111713618768106926e+00
3.934000000000000163e+00 3.127892583964957396e+00
4.013499999999999623e+00 3.143888584038482481e+00
4.094599999999999795e+00 3.159744721437003800e+00
4.177299999999999791e+00 3.175404378907571434e+00
4.261700000000000266e+00 3.190930920156128892e+00
4.347800000000000331e+00 3.206290477655354909e+00
4.435599999999999987e+00 3.221477943868022553e+00
4.525199999999999889e+00 3.236543697430823929e+00
4.616600000000000037e+00 3.251434030232897232e+00
4.709900000000000198e+00 3.266198777474294435e+00
4.804999999999999716e+00 3.280808786407932498e+00
4.902099999999999902e+00 3.295247317833802203e+00
5.001100000000000101e+00 3.309560698860946282e+00
5.102100000000000080e+00 3.323769916331682950e+00
5.205199999999999605e+00 3.337810111095913079e+00
5.310399999999999565e+00 3.351710414050192988e+00
5.417600000000000193e+00 3.365513846538739084e+00
5.527099999999999902e+00 3.379188816238368975e+00
5.638700000000000045e+00 3.392724611671051438e+00
5.752600000000000158e+00 3.406140822572218063e+00
5.868900000000000006e+00 3.419414376293159474e+00
5.987400000000000055e+00 3.432523226186093179e+00
6.108399999999999608e+00 3.445567275600909696e+00
6.231799999999999784e+00 3.458516767493325261e+00
6.357700000000000351e+00 3.471340314096390767e+00
6.486100000000000421e+00 3.484056894956264028e+00
6.617099999999999760e+00 3.496664420741911083e+00
6.750799999999999912e+00 3.509177665833697723e+00
6.887199999999999989e+00 3.521584036217566105e+00
7.026299999999999990e+00 3.533887552878686389e+00
7.168199999999999683e+00 3.546098896948623125e+00
7.312999999999999723e+00 3.558210233723981819e+00
7.460799999999999876e+00 3.570201779448261892e+00
7.611500000000000377e+00 3.582087260792499617e+00
7.765299999999999869e+00 3.593889606108653378e+00
7.922100000000000364e+00 3.605607207286664284e+00
8.082200000000000273e+00 3.617212219712727439e+00
8.245400000000000063e+00 3.628691937875334617e+00
8.412000000000000810e+00 3.640091894216291202e+00
8.581899999999999196e+00 3.651322448602164261e+00
8.755300000000000082e+00 3.662559829585051219e+00
8.932199999999999918e+00 3.673658947053355384e+00
9.112600000000000477e+00 3.684698910748896328e+00
9.296699999999999520e+00 3.695658498943933168e+00
9.484500000000000597e+00 3.706546379259302970e+00
9.676099999999999923e+00 3.717422633777084151e+00
9.871600000000000819e+00 3.728286886052435189e+00
1.007099999999999973e+01 3.739144086531940303e+00
