# # k[h/Mpc], logBoost (P^NLCDM_NL/P^NLCDM_L)
1.000000000000000048e-04 0.000000000000000000e+00
1.020200000000000024e-04 0.000000000000000000e+00
1.040800000000000064e-04 0.000000000000000000e+00
1.061800000000000032e-04 0.000000000000000000e+00
1.083300000000000013e-04 0.000000000000000000e+00
1.105200000000000057e-04 0.000000000000000000e+00
1.127500000000000030e-04 0.000000000000000000e+00
1.150300000000000015e-04 0.000000000000000000e+00
1.173500000000000064e-04 0.000000000000000000e+00
1.197199999999999989e-04 0.000000000000000000e+00
1.221399999999999927e-04 0.000000000000000000e+00
1.246099999999999877e-04 0.000000000000000000e+00
1.271199999999999891e-04 0.000000000000000000e+00
1.296899999999999865e-04 0.000000000000000000e+00
1.323100000000000122e-04 0.000000000000000000e+00
1.349900000000000069e-04 0.000000000000000000e+00
1.377100000000000080e-04 0.000000000000000000e+00
1.404900000000000051e-04 0.000000000000000000e+00
1.433299999999999982e-04 0.000000000000000000e+00
1.462299999999999874e-04 0.000000000000000000e+00
1.491800000000000049e-04 0.000000000000000000e+00
1.522000000000000132e-04 0.000000000000000000e+00
1.552699999999999957e-04 0.000000000000000000e+00
1.584099999999999961e-04 0.000000000000000000e+00
1.616099999999999926e-04 0.000000000000000000e+00
1.648700000000000122e-04 0.000000000000000000e+00
1.681999999999999956e-04 0.000000000000000000e+00
1.715999999999999969e-04 0.000000000000000000e+00
1.750699999999999891e-04 0.000000000000000000e+00
1.786000000000000044e-04 0.000000000000000000e+00
1.822100000000000054e-04 0.000000000000000000e+00
1.858899999999999973e-04 0.000000000000000000e+00
1.896500000000000020e-04 0.000000000000000000e+00
1.934799999999999975e-04 0.000000000000000000e+00
1.973900000000000058e-04 0.000000000000000000e+00
2.013799999999999998e-04 0.000000000000000000e+00
2.054400000000000117e-04 0.000000000000000000e+00
2.095900000000000042e-04 0.000000000000000000e+00
2.138300000000000042e-04 0.000000000000000000e+00
2.181499999999999900e-04 0.000000000000000000e+00
2.225499999999999885e-04 0.000000000000000000e+00
2.270499999999999895e-04 0.000000000000000000e+00
2.316399999999999980e-04 0.000000000000000000e+00
2.363199999999999871e-04 0.000000000000000000e+00
2.410900000000000109e-04 0.000000000000000000e+00
2.459599999999999829e-04 0.000000000000000000e+00
2.509300000000000115e-04 0.000000000000000000e+00
2.559999999999999884e-04 0.000000000000000000e+00
2.611700000000000219e-04 0.000000000000000000e+00
2.664499999999999985e-04 0.000000000000000000e+00
2.718299999999999775e-04 0.000000000000000000e+00
2.773200000000000079e-04 0.000000000000000000e+00
2.829199999999999814e-04 0.000000000000000000e+00
2.886400000000000012e-04 0.000000000000000000e+00
2.944700000000000182e-04 0.000000000000000000e+00
3.004199999999999731e-04 0.000000000000000000e+00
3.064899999999999743e-04 0.000000000000000000e+00
3.126800000000000217e-04 0.000000000000000000e+00
3.189900000000000070e-04 0.000000000000000000e+00
3.254399999999999741e-04 0.000000000000000000e+00
3.320099999999999874e-04 0.000000000000000000e+00
3.387199999999999825e-04 0.000000000000000000e+00
3.455600000000000186e-04 0.000000000000000000e+00
3.525399999999999823e-04 0.000000000000000000e+00
3.596599999999999819e-04 0.000000000000000000e+00
3.669300000000000122e-04 0.000000000000000000e+00
3.743400000000000243e-04 0.000000000000000000e+00
3.819000000000000129e-04 0.000000000000000000e+00
3.896200000000000271e-04 0.000000000000000000e+00
3.974900000000000178e-04 0.000000000000000000e+00
4.055199999999999799e-04 0.000000000000000000e+00
4.137100000000000217e-04 0.000000000000000000e+00
4.220699999999999756e-04 0.000000000000000000e+00
4.306000000000000040e-04 0.000000000000000000e+00
4.392900000000000038e-04 0.000000000000000000e+00
4.481700000000000137e-04 0.000000000000000000e+00
4.572199999999999897e-04 0.000000000000000000e+00
4.664599999999999758e-04 0.000000000000000000e+00
4.758799999999999771e-04 0.000000000000000000e+00
4.854999999999999832e-04 0.000000000000000000e+00
4.952999999999999504e-04 0.000000000000000000e+00
5.053100000000000256e-04 0.000000000000000000e+00
5.155199999999999973e-04 0.000000000000000000e+00
5.259299999999999739e-04 0.000000000000000000e+00
5.365600000000000534e-04 0.000000000000000000e+00
5.473900000000000293e-04 0.000000000000000000e+00
5.584500000000000488e-04 0.000000000000000000e+00
5.697299999999999543e-04 0.000000000000000000e+00
5.812400000000000119e-04 0.000000000000000000e+00
5.929900000000000535e-04 0.000000000000000000e+00
6.049599999999999813e-04 0.000000000000000000e+00
6.171899999999999912e-04 0.000000000000000000e+00
6.296500000000000447e-04 0.000000000000000000e+00
6.423699999999999636e-04 0.000000000000000000e+00
6.553499999999999647e-04 0.000000000000000000e+00
6.685900000000000480e-04 0.000000000000000000e+00
6.821000000000000457e-04 0.000000000000000000e+00
6.958799999999999578e-04 0.000000000000000000e+00
7.099300000000000012e-04 0.000000000000000000e+00
7.242699999999999486e-04 0.000000000000000000e+00
7.389099999999999575e-04 0.000000000000000000e+00
7.538300000000000382e-04 0.000000000000000000e+00
7.690600000000000127e-04 0.000000000000000000e+00
7.845999999999999893e-04 0.000000000000000000e+00
8.004499999999999680e-04 0.000000000000000000e+00
8.166199999999999978e-04 0.000000000000000000e+00
8.331099999999999704e-04 0.000000000000000000e+00
8.499399999999999837e-04 0.000000000000000000e+00
8.671100000000000379e-04 0.000000000000000000e+00
8.846299999999999650e-04 0.000000000000000000e+00
9.024999999999999819e-04 0.000000000000000000e+00
9.207300000000000293e-04 0.000000000000000000e+00
9.393300000000000477e-04 0.000000000000000000e+00
9.583099999999999778e-04 0.000000000000000000e+00
9.776699999999999280e-04 0.000000000000000000e+00
9.974199999999999473e-04 0.000000000000000000e+00
1.017600000000000015e-03 0.000000000000000000e+00
1.038099999999999917e-03 0.000000000000000000e+00
1.059100000000000102e-03 0.000000000000000000e+00
1.080500000000000080e-03 0.000000000000000000e+00
1.102300000000000068e-03 0.000000000000000000e+00
1.124599999999999905e-03 0.000000000000000000e+00
1.147299999999999969e-03 0.000000000000000000e+00
1.170500000000000099e-03 0.000000000000000000e+00
1.194100000000000023e-03 0.000000000000000000e+00
1.218200000000000012e-03 0.000000000000000000e+00
1.242899999999999908e-03 0.000000000000000000e+00
1.268000000000000030e-03 0.000000000000000000e+00
1.293600000000000002e-03 0.000000000000000000e+00
1.319700000000000040e-03 0.000000000000000000e+00
1.346399999999999984e-03 0.000000000000000000e+00
1.373599999999999995e-03 0.000000000000000000e+00
1.401300000000000072e-03 0.000000000000000000e+00
1.429600000000000055e-03 0.000000000000000000e+00
1.458499999999999944e-03 0.000000000000000000e+00
1.487999999999999956e-03 0.000000000000000000e+00
1.518000000000000035e-03 0.000000000000000000e+00
1.548700000000000077e-03 0.000000000000000000e+00
1.580000000000000024e-03 0.000000000000000000e+00
1.611900000000000095e-03 0.000000000000000000e+00
1.644499999999999912e-03 0.000000000000000000e+00
1.677700000000000068e-03 0.000000000000000000e+00
1.711599999999999970e-03 0.000000000000000000e+00
1.746200000000000052e-03 0.000000000000000000e+00
1.781400000000000041e-03 0.000000000000000000e+00
1.817400000000000048e-03 0.000000000000000000e+00
1.854100000000000019e-03 0.000000000000000000e+00
1.891600000000000009e-03 0.000000000000000000e+00
1.929799999999999962e-03 0.000000000000000000e+00
1.968800000000000151e-03 0.000000000000000000e+00
2.008600000000000142e-03 0.000000000000000000e+00
2.049099999999999880e-03 0.000000000000000000e+00
2.090499999999999910e-03 0.000000000000000000e+00
2.132799999999999800e-03 0.000000000000000000e+00
2.175799999999999870e-03 0.000000000000000000e+00
2.219800000000000072e-03 0.000000000000000000e+00
2.264599999999999860e-03 0.000000000000000000e+00
2.310400000000000214e-03 0.000000000000000000e+00
2.357099999999999994e-03 0.000000000000000000e+00
2.404700000000000067e-03 0.000000000000000000e+00
2.453299999999999838e-03 0.000000000000000000e+00
2.502799999999999903e-03 0.000000000000000000e+00
2.553399999999999941e-03 0.000000000000000000e+00
2.605000000000000111e-03 0.000000000000000000e+00
2.657599999999999980e-03 0.000000000000000000e+00
2.711299999999999821e-03 0.000000000000000000e+00
2.765999999999999796e-03 0.000000000000000000e+00
2.821900000000000016e-03 0.000000000000000000e+00
2.878900000000000209e-03 0.000000000000000000e+00
2.937100000000000214e-03 0.000000000000000000e+00
2.996400000000000192e-03 0.000000000000000000e+00
3.056899999999999982e-03 0.000000000000000000e+00
3.118699999999999858e-03 0.000000000000000000e+00
3.181699999999999980e-03 0.000000000000000000e+00
3.246000000000000187e-03 0.000000000000000000e+00
3.311500000000000207e-03 0.000000000000000000e+00
3.378400000000000153e-03 0.000000000000000000e+00
3.446700000000000024e-03 0.000000000000000000e+00
3.516299999999999981e-03 0.000000000000000000e+00
3.587400000000000137e-03 0.000000000000000000e+00
3.659799999999999946e-03 0.000000000000000000e+00
3.733799999999999793e-03 9.192443817653404739e-05
3.809199999999999999e-03 0.000000000000000000e+00
3.886099999999999971e-03 0.000000000000000000e+00
3.964600000000000415e-03 0.000000000000000000e+00
4.044700000000000031e-03 0.000000000000000000e+00
4.126399999999999686e-03 0.000000000000000000e+00
4.209799999999999653e-03 -8.437038604459287910e-05
4.294799999999999660e-03 -8.319813640971418425e-05
4.381600000000000251e-03 -8.205128209736727994e-05
4.470100000000000288e-03 8.092251673450100873e-05
4.560400000000000044e-03 1.596424013607447838e-04
4.652500000000000385e-03 3.149606325248570154e-04
4.746499999999999851e-03 2.330549631833212767e-04
4.842400000000000176e-03 7.666066161898643227e-05
4.940199999999999626e-03 -3.026634405670824892e-04
5.040000000000000209e-03 -8.216620443598981549e-04
5.141899999999999596e-03 -1.401335185253223432e-03
5.245699999999999842e-03 -2.039182120939052670e-03
5.351700000000000033e-03 -2.517172029231583546e-03
5.459799999999999896e-03 -2.841112785453720532e-03
5.570099999999999704e-03 -3.016170350267876644e-03
5.682600000000000325e-03 -3.048360404080602704e-03
5.797400000000000296e-03 -3.011019861963842512e-03
5.914499999999999619e-03 -2.906880532634734636e-03
6.034000000000000301e-03 -2.938821244174902401e-03
6.155899999999999740e-03 -3.036105559726703668e-03
6.280299999999999945e-03 -3.000654567191927274e-03
6.407200000000000048e-03 -3.159560290368481489e-03
6.536600000000000049e-03 -3.187355283364155713e-03
6.668600000000000222e-03 -3.340584872069218229e-03
6.803299999999999972e-03 -3.428182994068161224e-03
6.940799999999999574e-03 -3.452318329305474609e-03
7.080999999999999621e-03 -3.537020396845228214e-03
7.224000000000000386e-03 -3.559688817216832921e-03
7.369999999999999815e-03 -3.641686362469136618e-03
7.518900000000000236e-03 -3.722198619685505947e-03
7.670800000000000188e-03 -3.801507633928350328e-03
7.825699999999999670e-03 -3.879227862100029234e-03
7.983799999999999231e-03 -3.955860110691974962e-03
8.145100000000000603e-03 -4.031233280385420996e-03
8.309600000000000319e-03 -4.105396199992224909e-03
8.477500000000000660e-03 -4.234461419703362470e-03
8.648799999999999891e-03 -4.306305997776536595e-03
8.823499999999999746e-03 -4.377092943384715794e-03
9.001699999999999632e-03 -4.447344351642189969e-03
9.183600000000000096e-03 -4.570514744884263125e-03
9.369099999999999998e-03 -4.692340912111415616e-03
9.558300000000000476e-03 -4.812659684415570606e-03
9.751400000000000345e-03 -4.931804329889449660e-03
9.948399999999999604e-03 -4.997667750189023657e-03
1.014900000000000004e-02 -5.115100666770376787e-03
1.035400000000000036e-02 -5.180162885163147948e-03
1.056400000000000047e-02 -5.347197829779835702e-03
1.077700000000000012e-02 -5.411569661156844305e-03
1.099499999999999957e-02 -5.526541397419574946e-03
1.121699999999999954e-02 -5.690909927673877891e-03
1.144300000000000005e-02 -5.804883458230662013e-03
1.167499999999999961e-02 -5.918636266453685194e-03
1.191000000000000045e-02 -6.032535030894889405e-03
1.215100000000000034e-02 -6.146660651975257607e-03
1.239700000000000003e-02 -6.309475406187113611e-03
1.264700000000000026e-02 -6.472514505617478833e-03
1.290200000000000027e-02 -6.587670783707091741e-03
1.316299999999999935e-02 -6.703721715105476729e-03
1.342899999999999996e-02 -6.868289901766159652e-03
1.370000000000000037e-02 -7.033915222805268118e-03
1.397699999999999984e-02 -7.153207980685865816e-03
1.425900000000000084e-02 -7.321195585172724472e-03
1.454699999999999917e-02 -7.491024641540577379e-03
1.484100000000000003e-02 -7.662512517681773112e-03
1.514099999999999994e-02 -7.836184903131615878e-03
1.544700000000000066e-02 -8.012225127725463442e-03
1.575899999999999870e-02 -8.190820640194348620e-03
1.607700000000000101e-02 -8.372163679734119859e-03
1.640199999999999991e-02 -8.556852060847948416e-03
1.673399999999999888e-02 -8.745116176769500774e-03
1.707200000000000037e-02 -8.890195180370621258e-03
1.741600000000000092e-02 -9.132911290154388864e-03
1.776799999999999907e-02 -9.333807590690032865e-03
1.812700000000000075e-02 -9.539321885843814880e-03
1.849299999999999902e-02 -9.750200885193453793e-03
1.886699999999999836e-02 -9.966781449091294612e-03
1.924800000000000122e-02 -1.018942016453907792e-02
1.963700000000000168e-02 -1.046631818742308623e-02
2.003399999999999972e-02 -1.065491816389854511e-02
2.043800000000000130e-02 -1.094638612700887630e-02
2.085100000000000148e-02 -1.115010948474309468e-02
2.127199999999999924e-02 -1.141038332076091746e-02
2.170199999999999907e-02 -1.163087929408147987e-02
2.214100000000000096e-02 -1.190958958658670623e-02
2.258800000000000044e-02 -1.219890164946258945e-02
2.304399999999999851e-02 -1.249891284039867517e-02
2.350999999999999965e-02 -1.276022861437008278e-02
2.398499999999999938e-02 -1.303348049676720556e-02
2.446900000000000117e-02 -1.331810403730142832e-02
2.496400000000000008e-02 -1.361625859796463181e-02
2.546800000000000105e-02 -1.392743574126219588e-02
2.598200000000000162e-02 -1.419972272713684348e-02
2.650699999999999931e-02 -1.453983611400160199e-02
2.704300000000000107e-02 -1.478679240542579362e-02
2.758899999999999894e-02 -1.515767251497677007e-02
2.814600000000000088e-02 -1.549026371018836015e-02
2.871500000000000094e-02 -1.578245447444826324e-02
2.929500000000000159e-02 -1.609017233921274798e-02
2.988700000000000037e-02 -1.635619213010258699e-02
3.048999999999999974e-02 -1.675682535989916205e-02
3.110600000000000170e-02 -1.705486581176444624e-02
3.173499999999999932e-02 -1.743166250545678808e-02
3.237600000000000200e-02 -1.770069603873589484e-02
3.302999999999999686e-02 -1.804986797562353751e-02
3.369699999999999779e-02 -1.835034555881784671e-02
3.437799999999999884e-02 -1.866702964905362500e-02
3.507199999999999901e-02 -1.899854818145971930e-02
3.578100000000000031e-02 -1.927652300295802645e-02
3.650400000000000172e-02 -1.963798506621134213e-02
3.724100000000000327e-02 -1.994347206007280812e-02
3.799299999999999899e-02 -2.026031633122362882e-02
3.876099999999999685e-02 -2.059077049907456769e-02
3.954400000000000276e-02 -2.085294116228618433e-02
4.034299999999999692e-02 -2.112300399488556066e-02
4.115800000000000014e-02 -2.148132831721287148e-02
4.198899999999999855e-02 -2.176484271282026761e-02
4.283800000000000108e-02 -2.196554866668432721e-02
4.370299999999999879e-02 -2.225280964146666290e-02
4.458600000000000063e-02 -2.245029496586599393e-02
4.548599999999999866e-02 -2.273569419222314092e-02
4.640500000000000180e-02 -2.302259958831554681e-02
4.734300000000000314e-02 -2.320654781391787158e-02
4.829900000000000165e-02 -2.340384388781179686e-02
4.927499999999999936e-02 -2.366271512435224808e-02
5.027000000000000218e-02 -2.387111823976182864e-02
5.128599999999999826e-02 -2.408762882767987584e-02
5.232200000000000045e-02 -2.429987758039244342e-02
5.337900000000000283e-02 -2.450546912194475832e-02
5.445699999999999846e-02 -2.471581139308525604e-02
5.555700000000000222e-02 -2.494485932881549545e-02
5.668000000000000121e-02 -2.515939694776511693e-02
5.782500000000000140e-02 -2.538442489159183080e-02
5.899299999999999683e-02 -2.559734456806698338e-02
6.018400000000000138e-02 -2.582422312924424757e-02
6.140000000000000319e-02 -2.605344651733981776e-02
6.264100000000000223e-02 -2.628637298767764335e-02
6.390600000000000447e-02 -2.649765479622127537e-02
6.519700000000000495e-02 -2.673147841400994734e-02
6.651400000000000368e-02 -2.693608611438864930e-02
6.785800000000000165e-02 -2.714265260644507793e-02
6.922899999999999887e-02 -2.733989565645186456e-02
7.062699999999999534e-02 -2.748666455104079726e-02
7.205400000000000693e-02 -2.761342154493200834e-02
7.351000000000000589e-02 -2.769172910355887154e-02
7.499400000000000510e-02 -2.772208970472177583e-02
7.650899999999999368e-02 -2.768844225799432790e-02
7.805499999999999938e-02 -2.758899134504286949e-02
7.963199999999999446e-02 -2.740318990642019725e-02
8.124099999999999377e-02 -2.709012864739509391e-02
8.288199999999999734e-02 -2.667499037511361290e-02
8.455600000000000616e-02 -2.612727702530871429e-02
8.626399999999999346e-02 -2.541215600307584338e-02
8.800700000000000189e-02 -2.454793293906694374e-02
8.978500000000000369e-02 -2.349128921248097926e-02
9.159799999999999887e-02 -2.227814909372831040e-02
9.344900000000000428e-02 -2.086110742909038848e-02
9.533700000000000507e-02 -1.925508856948127470e-02
9.726300000000000223e-02 -1.743266947760386057e-02
9.922699999999999576e-02 -1.541340627960001083e-02
1.012300000000000005e-01 -1.322449727996875303e-02
1.032799999999999968e-01 -1.087647016465905121e-02
1.053599999999999953e-01 -8.358054633531687358e-03
1.074900000000000022e-01 -5.780874379452559733e-03
1.096599999999999936e-01 -3.158010320302224137e-03
1.118799999999999933e-01 -5.726465972667310871e-04
1.141400000000000053e-01 2.009057900961065159e-03
1.164400000000000018e-01 4.421475130452303705e-03
1.188000000000000028e-01 6.690393976961929966e-03
1.212000000000000022e-01 8.779245392462083422e-03
1.236499999999999960e-01 1.065467507181430337e-02
1.261400000000000021e-01 1.236491797094971430e-02
1.286899999999999988e-01 1.393080329192718583e-02
1.312899999999999900e-01 1.538310757012386655e-02
1.339400000000000035e-01 1.684073481267141237e-02
1.366499999999999937e-01 1.839629306855274787e-02
1.394100000000000061e-01 2.011017664563876164e-02
1.422299999999999953e-01 2.213892625834467873e-02
1.451000000000000068e-01 2.457083176660538118e-02
1.480299999999999949e-01 2.754772672624831997e-02
1.510199999999999876e-01 3.114334473729124877e-02
1.540700000000000125e-01 3.534004342348148753e-02
1.571799999999999864e-01 4.036333198027540481e-02
1.603600000000000025e-01 4.599998731052115652e-02
1.635999999999999954e-01 5.241492183407336219e-02
1.668999999999999928e-01 5.938319493965074636e-02
1.702799999999999869e-01 6.689782053097206860e-02
1.737100000000000033e-01 7.454611625537022057e-02
1.772199999999999886e-01 8.225745695310275607e-02
1.807999999999999885e-01 8.953643296821402198e-02
1.844600000000000128e-01 9.618550522786691037e-02
1.881799999999999862e-01 1.021062368622317612e-01
1.919800000000000118e-01 1.071462853986856339e-01
1.958600000000000063e-01 1.115042022789351911e-01
1.998199999999999976e-01 1.154540968780684435e-01
2.038600000000000134e-01 1.191866605410851210e-01
2.079699999999999882e-01 1.230734340063685539e-01
2.121800000000000075e-01 1.275596699018248792e-01
2.164600000000000135e-01 1.330079169569711450e-01
2.208299999999999985e-01 1.398980278370385022e-01
2.253000000000000003e-01 1.482452182835641008e-01
2.298499999999999988e-01 1.580341798536559761e-01
2.344900000000000040e-01 1.691540668584460283e-01
2.392299999999999982e-01 1.810692587732578573e-01
2.440599999999999992e-01 1.933406377970912915e-01
2.489899999999999891e-01 2.052349365924159008e-01
2.540200000000000236e-01 2.163421257066300563e-01
2.591499999999999915e-01 2.261827725097039221e-01
2.643900000000000139e-01 2.346486864094509683e-01
2.697300000000000253e-01 2.420593237472251358e-01
2.751799999999999802e-01 2.490336569196033856e-01
2.807399999999999896e-01 2.563424500105651038e-01
2.864099999999999979e-01 2.647763811450676297e-01
2.921900000000000053e-01 2.749531690207705492e-01
2.980999999999999761e-01 2.870662085020164733e-01
3.041200000000000014e-01 3.009229892592448219e-01
3.102599999999999802e-01 3.159912822012617140e-01
3.165299999999999780e-01 3.314466376420802662e-01
3.229199999999999848e-01 3.464020360876466920e-01
3.294500000000000206e-01 3.601529936469137771e-01
3.361000000000000099e-01 3.725030550059757473e-01
3.428899999999999726e-01 3.837967001488999941e-01
3.498200000000000198e-01 3.948526550188122819e-01
3.568899999999999850e-01 4.066577775117199423e-01
3.640900000000000247e-01 4.200436866314296580e-01
3.714500000000000024e-01 4.352905690450012410e-01
3.789500000000000091e-01 4.521718306767281148e-01
3.866100000000000092e-01 4.698862986835039002e-01
3.944199999999999928e-01 4.874454278785220196e-01
4.023900000000000254e-01 5.041303775065431036e-01
4.105199999999999960e-01 5.198247291399994419e-01
4.188100000000000156e-01 5.348922174748962366e-01
4.272699999999999831e-01 5.501503425782758860e-01
4.359000000000000097e-01 5.665473725896474910e-01
4.447099999999999942e-01 5.843838392777338520e-01
4.536899999999999822e-01 6.034735155458653688e-01
4.628599999999999937e-01 6.231129060073780090e-01
4.722100000000000186e-01 6.425281524066678296e-01
4.817400000000000015e-01 6.613204376657232375e-01
4.914799999999999724e-01 6.797537818236512042e-01
5.014100000000000223e-01 6.983281891533661412e-01
5.115300000000000402e-01 7.177319166756614965e-01
5.218699999999999450e-01 7.381983311756816768e-01
5.324100000000000499e-01 7.593154618885914475e-01
5.431700000000000417e-01 7.807086744354438945e-01
5.541399999999999659e-01 8.018347451067276976e-01
5.653299999999999992e-01 8.228399366845597918e-01
5.767499999999999849e-01 8.440088832959190546e-01
5.884000000000000341e-01 8.658297637532640367e-01
6.002899999999999903e-01 8.882550191756688474e-01
6.124199999999999644e-01 9.111286979506085792e-01
6.247899999999999565e-01 9.340234410652650254e-01
6.374100000000000321e-01 9.571085104704436519e-01
6.502900000000000347e-01 9.803082020500029081e-01
6.634200000000000097e-01 1.003849574113416132e+00
6.768300000000000427e-01 1.027490170540861225e+00
6.905000000000000027e-01 1.051515605005010734e+00
7.044500000000000206e-01 1.075826212686859851e+00
7.186799999999999855e-01 1.100374748734632480e+00
7.331999999999999629e-01 1.125135984912082998e+00
7.480099999999999527e-01 1.150143116778082231e+00
7.631200000000000205e-01 1.175384809369351746e+00
7.785400000000000098e-01 1.200859860787677036e+00
7.942599999999999660e-01 1.226519293362049456e+00
8.103099999999999747e-01 1.252335364347515467e+00
8.266799999999999704e-01 1.278341924726936307e+00
8.433800000000000185e-01 1.304462270188587514e+00
8.604100000000000081e-01 1.330761342241944867e+00
8.778000000000000247e-01 1.357157767033235318e+00
8.955300000000000482e-01 1.383698227978834128e+00
9.136199999999999877e-01 1.410331890611610683e+00
9.320800000000000196e-01 1.437106864430701680e+00
9.509100000000000330e-01 1.463930999709497138e+00
9.701100000000000279e-01 1.490813443178218956e+00
9.897099999999999786e-01 1.517812940666233068e+00
1.009700000000000042e+00 1.544818259031677687e+00
1.030100000000000016e+00 1.571893758034528243e+00
1.050899999999999945e+00 1.598973029526533418e+00
1.072100000000000053e+00 1.626107402092045406e+00
1.093800000000000106e+00 1.653258934390376744e+00
1.115899999999999892e+00 1.680389278502983252e+00
1.138400000000000079e+00 1.707564763851240119e+00
1.161399999999999988e+00 1.734758185151425547e+00
1.184900000000000064e+00 1.761937630123257437e+00
1.208800000000000097e+00 1.789101283943125287e+00
1.233300000000000063e+00 1.816229692563670506e+00
1.258199999999999985e+00 1.843408748883369919e+00
1.283600000000000074e+00 1.870480238329963907e+00
1.309500000000000108e+00 1.897574247556264693e+00
1.336000000000000076e+00 1.924596262592856988e+00
1.362999999999999989e+00 1.951610641597163243e+00
1.390500000000000069e+00 1.978587219215454773e+00
1.418600000000000083e+00 2.005517799445573957e+00
1.447200000000000042e+00 2.032331171557658411e+00
1.476499999999999924e+00 2.059141350391216374e+00
1.506299999999999972e+00 2.085834516016956464e+00
1.536699999999999955e+00 2.112542843052728880e+00
1.567800000000000082e+00 2.139167416289296408e+00
1.599399999999999933e+00 2.165712224442029488e+00
1.631799999999999917e+00 2.192135966171258055e+00
1.664700000000000069e+00 2.218464726980117874e+00
1.698399999999999910e+00 2.244739855424243036e+00
1.732699999999999907e+00 2.270924575768206388e+00
1.767700000000000049e+00 2.296988831166261402e+00
1.803399999999999892e+00 2.322987866541053048e+00
1.839800000000000102e+00 2.348812554942220743e+00
1.877000000000000002e+00 2.374615485563168260e+00
1.914900000000000047e+00 2.400285047016386564e+00
1.953600000000000003e+00 2.425789808647324186e+00
1.993000000000000105e+00 2.451275719594865787e+00
2.033300000000000107e+00 2.476540258855270515e+00
2.074399999999999800e+00 2.501747606787560141e+00
2.116299999999999848e+00 2.526807222286011179e+00
2.158999999999999808e+00 2.551738726636327836e+00
2.202599999999999891e+00 2.576530404815120079e+00
2.247100000000000097e+00 2.601206749493568893e+00
2.292499999999999982e+00 2.625733345878896507e+00
2.338799999999999990e+00 2.650123591692332692e+00
2.386099999999999888e+00 2.674373473704398929e+00
2.434299999999999908e+00 2.698490305438357328e+00
2.483499999999999819e+00 2.722464402961436214e+00
2.533599999999999852e+00 2.746290115123960707e+00
2.584799999999999986e+00 2.769980317399521219e+00
2.637000000000000011e+00 2.793527983071663279e+00
2.690300000000000136e+00 2.816922597939124806e+00
2.744699999999999918e+00 2.840182833955489539e+00
2.800100000000000033e+00 2.863284977863999270e+00
2.856700000000000017e+00 2.886246658347408012e+00
2.914400000000000102e+00 2.909057362236020516e+00
2.973300000000000054e+00 2.931734470346138099e+00
3.033300000000000107e+00 2.954244990537258975e+00
3.094599999999999795e+00 2.976641392630955618e+00
3.157099999999999795e+00 2.998902135375911104e+00
3.220899999999999874e+00 3.020969729366146161e+00
3.286000000000000032e+00 3.042962808525877083e+00
3.352300000000000058e+00 3.064798920021609696e+00
3.420100000000000140e+00 3.086476590330776926e+00
3.489199999999999857e+00 3.107994544872851428e+00
3.559600000000000097e+00 3.129438598392726867e+00
3.631600000000000161e+00 3.150764259579188042e+00
3.704899999999999860e+00 3.171892289647670893e+00
3.779799999999999827e+00 3.192967146418080659e+00
3.856100000000000083e+00 3.213838030838243487e+00
3.934000000000000163e+00 3.234706878534782781e+00
4.013499999999999623e+00 3.255304728352733434e+00
4.094599999999999795e+00 3.275889759478410657e+00
4.177299999999999791e+00 3.296359665651134030e+00
4.261700000000000266e+00 3.316687134444099794e+00
4.347800000000000331e+00 3.336922874805846817e+00
4.435599999999999987e+00 3.357022641720053269e+00
4.525199999999999889e+00 3.377034174512195897e+00
4.616600000000000037e+00 3.396927888431357179e+00
4.709900000000000198e+00 3.416754434894757164e+00
4.804999999999999716e+00 3.436477884016224671e+00
4.902099999999999902e+00 3.456086692563764995e+00
5.001100000000000101e+00 3.475602615206893287e+00
5.102100000000000080e+00 3.495058863819953565e+00
5.205199999999999605e+00 3.514389543676518457e+00
5.310399999999999565e+00 3.533672429990458053e+00
5.417600000000000193e+00 3.552838250906089623e+00
5.527099999999999902e+00 3.571925558036642467e+00
5.638700000000000045e+00 3.590970668262364995e+00
5.752600000000000158e+00 3.609884858642043781e+00
5.868900000000000006e+00 3.628750514061306554e+00
5.987400000000000055e+00 3.647583263741912329e+00
6.108399999999999608e+00 3.666265921072071610e+00
6.231799999999999784e+00 3.684975740633463115e+00
6.357700000000000351e+00 3.703546731163311456e+00
6.486100000000000421e+00 3.722037272590022372e+00
6.617099999999999760e+00 3.740537144239285627e+00
6.750799999999999912e+00 3.758950588811448057e+00
6.887199999999999989e+00 3.777246257435444843e+00
7.026299999999999990e+00 3.795546838509261889e+00
7.168199999999999683e+00 3.813814170407481274e+00
7.312999999999999723e+00 3.832011463898207015e+00
7.460799999999999876e+00 3.850104597322339561e+00
7.611500000000000377e+00 3.868239188186967326e+00
7.765299999999999869e+00 3.886323921947146598e+00
7.922100000000000364e+00 3.904302788051125628e+00
8.082200000000000273e+00 3.922273381290315886e+00
8.245400000000000063e+00 3.940190936708872993e+00
8.412000000000000810e+00 3.958068124500027540e+00
8.581899999999999196e+00 3.975868332141653916e+00
8.755300000000000082e+00 3.993608818313751030e+00
8.932199999999999918e+00 4.011317024044074309e+00
9.112600000000000477e+00 4.029055168654085861e+00
9.296699999999999520e+00 4.046649363301281888e+00
9.484500000000000597e+00 4.064262831140320387e+00
9.676099999999999923e+00 4.081744288735326798e+00
9.871600000000000819e+00 4.099316269728479512e+00
1.007099999999999973e+01 4.116805382646107070e+00
