# # k[h/Mpc], logBoost (P^NLCDM_NL/P^NLCDM_L)
1.000000000000000048e-04 0.000000000000000000e+00
1.020200000000000024e-04 0.000000000000000000e+00
1.040800000000000064e-04 0.000000000000000000e+00
1.061800000000000032e-04 0.000000000000000000e+00
1.083300000000000013e-04 0.000000000000000000e+00
1.105200000000000057e-04 0.000000000000000000e+00
1.127500000000000030e-04 0.000000000000000000e+00
1.150300000000000015e-04 0.000000000000000000e+00
1.173500000000000064e-04 0.000000000000000000e+00
1.197199999999999989e-04 0.000000000000000000e+00
1.221399999999999927e-04 0.000000000000000000e+00
1.246099999999999877e-04 0.000000000000000000e+00
1.271199999999999891e-04 0.000000000000000000e+00
1.296899999999999865e-04 0.000000000000000000e+00
1.323100000000000122e-04 0.000000000000000000e+00
1.349900000000000069e-04 0.000000000000000000e+00
1.377100000000000080e-04 0.000000000000000000e+00
1.404900000000000051e-04 0.000000000000000000e+00
1.433299999999999982e-04 0.000000000000000000e+00
1.462299999999999874e-04 0.000000000000000000e+00
1.491800000000000049e-04 0.000000000000000000e+00
1.522000000000000132e-04 0.000000000000000000e+00
1.552699999999999957e-04 0.000000000000000000e+00
1.584099999999999961e-04 0.000000000000000000e+00
1.616099999999999926e-04 0.000000000000000000e+00
1.648700000000000122e-04 0.000000000000000000e+00
1.681999999999999956e-04 0.000000000000000000e+00
1.715999999999999969e-04 0.000000000000000000e+00
1.750699999999999891e-04 0.000000000000000000e+00
1.786000000000000044e-04 0.000000000000000000e+00
1.822100000000000054e-04 0.000000000000000000e+00
1.858899999999999973e-04 0.000000000000000000e+00
1.896500000000000020e-04 0.000000000000000000e+00
1.934799999999999975e-04 0.000000000000000000e+00
1.973900000000000058e-04 0.000000000000000000e+00
2.013799999999999998e-04 0.000000000000000000e+00
2.054400000000000117e-04 0.000000000000000000e+00
2.095900000000000042e-04 0.000000000000000000e+00
2.138300000000000042e-04 0.000000000000000000e+00
2.181499999999999900e-04 0.000000000000000000e+00
2.225499999999999885e-04 0.000000000000000000e+00
2.270499999999999895e-04 0.000000000000000000e+00
2.316399999999999980e-04 0.000000000000000000e+00
2.363199999999999871e-04 0.000000000000000000e+00
2.410900000000000109e-04 0.000000000000000000e+00
2.459599999999999829e-04 0.000000000000000000e+00
2.509300000000000115e-04 0.000000000000000000e+00
2.559999999999999884e-04 0.000000000000000000e+00
2.611700000000000219e-04 0.000000000000000000e+00
2.664499999999999985e-04 0.000000000000000000e+00
2.718299999999999775e-04 0.000000000000000000e+00
2.773200000000000079e-04 0.000000000000000000e+00
2.829199999999999814e-04 0.000000000000000000e+00
2.886400000000000012e-04 0.000000000000000000e+00
2.944700000000000182e-04 0.000000000000000000e+00
3.004199999999999731e-04 0.000000000000000000e+00
3.064899999999999743e-04 0.000000000000000000e+00
3.126800000000000217e-04 0.000000000000000000e+00
3.189900000000000070e-04 0.000000000000000000e+00
3.254399999999999741e-04 0.000000000000000000e+00
3.320099999999999874e-04 0.000000000000000000e+00
3.387199999999999825e-04 0.000000000000000000e+00
3.455600000000000186e-04 0.000000000000000000e+00
3.525399999999999823e-04 0.000000000000000000e+00
3.596599999999999819e-04 0.000000000000000000e+00
3.669300000000000122e-04 0.000000000000000000e+00
3.743400000000000243e-04 0.000000000000000000e+00
3.819000000000000129e-04 0.000000000000000000e+00
3.896200000000000271e-04 0.000000000000000000e+00
3.974900000000000178e-04 0.000000000000000000e+00
4.055199999999999799e-04 0.000000000000000000e+00
4.137100000000000217e-04 0.000000000000000000e+00
4.220699999999999756e-04 0.000000000000000000e+00
4.306000000000000040e-04 0.000000000000000000e+00
4.392900000000000038e-04 0.000000000000000000e+00
4.481700000000000137e-04 0.000000000000000000e+00
4.572199999999999897e-04 0.000000000000000000e+00
4.664599999999999758e-04 0.000000000000000000e+00
4.758799999999999771e-04 0.000000000000000000e+00
4.854999999999999832e-04 0.000000000000000000e+00
4.952999999999999504e-04 0.000000000000000000e+00
5.053100000000000256e-04 0.000000000000000000e+00
5.155199999999999973e-04 0.000000000000000000e+00
5.259299999999999739e-04 0.000000000000000000e+00
5.365600000000000534e-04 0.000000000000000000e+00
5.473900000000000293e-04 0.000000000000000000e+00
5.584500000000000488e-04 0.000000000000000000e+00
5.697299999999999543e-04 0.000000000000000000e+00
5.812400000000000119e-04 0.000000000000000000e+00
5.929900000000000535e-04 0.000000000000000000e+00
6.049599999999999813e-04 0.000000000000000000e+00
6.171899999999999912e-04 0.000000000000000000e+00
6.296500000000000447e-04 0.000000000000000000e+00
6.423699999999999636e-04 0.000000000000000000e+00
6.553499999999999647e-04 0.000000000000000000e+00
6.685900000000000480e-04 0.000000000000000000e+00
6.821000000000000457e-04 0.000000000000000000e+00
6.958799999999999578e-04 0.000000000000000000e+00
7.099300000000000012e-04 0.000000000000000000e+00
7.242699999999999486e-04 0.000000000000000000e+00
7.389099999999999575e-04 0.000000000000000000e+00
7.538300000000000382e-04 0.000000000000000000e+00
7.690600000000000127e-04 0.000000000000000000e+00
7.845999999999999893e-04 0.000000000000000000e+00
8.004499999999999680e-04 0.000000000000000000e+00
8.166199999999999978e-04 0.000000000000000000e+00
8.331099999999999704e-04 0.000000000000000000e+00
8.499399999999999837e-04 0.000000000000000000e+00
8.671100000000000379e-04 0.000000000000000000e+00
8.846299999999999650e-04 0.000000000000000000e+00
9.024999999999999819e-04 0.000000000000000000e+00
9.207300000000000293e-04 0.000000000000000000e+00
9.393300000000000477e-04 0.000000000000000000e+00
9.583099999999999778e-04 0.000000000000000000e+00
9.776699999999999280e-04 0.000000000000000000e+00
9.974199999999999473e-04 0.000000000000000000e+00
1.017600000000000015e-03 0.000000000000000000e+00
1.038099999999999917e-03 0.000000000000000000e+00
1.059100000000000102e-03 0.000000000000000000e+00
1.080500000000000080e-03 0.000000000000000000e+00
1.102300000000000068e-03 0.000000000000000000e+00
1.124599999999999905e-03 0.000000000000000000e+00
1.147299999999999969e-03 0.000000000000000000e+00
1.170500000000000099e-03 0.000000000000000000e+00
1.194100000000000023e-03 0.000000000000000000e+00
1.218200000000000012e-03 0.000000000000000000e+00
1.242899999999999908e-03 0.000000000000000000e+00
1.268000000000000030e-03 0.000000000000000000e+00
1.293600000000000002e-03 0.000000000000000000e+00
1.319700000000000040e-03 0.000000000000000000e+00
1.346399999999999984e-03 0.000000000000000000e+00
1.373599999999999995e-03 0.000000000000000000e+00
1.401300000000000072e-03 0.000000000000000000e+00
1.429600000000000055e-03 0.000000000000000000e+00
1.458499999999999944e-03 0.000000000000000000e+00
1.487999999999999956e-03 0.000000000000000000e+00
1.518000000000000035e-03 0.000000000000000000e+00
1.548700000000000077e-03 0.000000000000000000e+00
1.580000000000000024e-03 0.000000000000000000e+00
1.611900000000000095e-03 0.000000000000000000e+00
1.644499999999999912e-03 0.000000000000000000e+00
1.677700000000000068e-03 0.000000000000000000e+00
1.711599999999999970e-03 0.000000000000000000e+00
1.746200000000000052e-03 0.000000000000000000e+00
1.781400000000000041e-03 0.000000000000000000e+00
1.817400000000000048e-03 0.000000000000000000e+00
1.854100000000000019e-03 0.000000000000000000e+00
1.891600000000000009e-03 0.000000000000000000e+00
1.929799999999999962e-03 0.000000000000000000e+00
1.968800000000000151e-03 0.000000000000000000e+00
2.008600000000000142e-03 0.000000000000000000e+00
2.049099999999999880e-03 0.000000000000000000e+00
2.090499999999999910e-03 0.000000000000000000e+00
2.132799999999999800e-03 0.000000000000000000e+00
2.175799999999999870e-03 0.000000000000000000e+00
2.219800000000000072e-03 0.000000000000000000e+00
2.264599999999999860e-03 0.000000000000000000e+00
2.310400000000000214e-03 0.000000000000000000e+00
2.357099999999999994e-03 0.000000000000000000e+00
2.404700000000000067e-03 0.000000000000000000e+00
2.453299999999999838e-03 0.000000000000000000e+00
2.502799999999999903e-03 0.000000000000000000e+00
2.553399999999999941e-03 0.000000000000000000e+00
2.605000000000000111e-03 0.000000000000000000e+00
2.657599999999999980e-03 0.000000000000000000e+00
2.711299999999999821e-03 0.000000000000000000e+00
2.765999999999999796e-03 0.000000000000000000e+00
2.821900000000000016e-03 0.000000000000000000e+00
2.878900000000000209e-03 0.000000000000000000e+00
2.937100000000000214e-03 0.000000000000000000e+00
2.996400000000000192e-03 0.000000000000000000e+00
3.056899999999999982e-03 0.000000000000000000e+00
3.118699999999999858e-03 0.000000000000000000e+00
3.181699999999999980e-03 0.000000000000000000e+00
3.246000000000000187e-03 0.000000000000000000e+00
3.311500000000000207e-03 0.000000000000000000e+00
3.378400000000000153e-03 0.000000000000000000e+00
3.446700000000000024e-03 0.000000000000000000e+00
3.516299999999999981e-03 0.000000000000000000e+00
3.587400000000000137e-03 0.000000000000000000e+00
3.659799999999999946e-03 0.000000000000000000e+00
3.733799999999999793e-03 0.000000000000000000e+00
3.809199999999999999e-03 0.000000000000000000e+00
3.886099999999999971e-03 0.000000000000000000e+00
3.964600000000000415e-03 0.000000000000000000e+00
4.044700000000000031e-03 -6.155171885113296429e-05
4.126399999999999686e-03 -6.067040802709290745e-05
4.209799999999999653e-03 -5.981040104652608514e-05
4.294799999999999660e-03 0.000000000000000000e+00
4.381600000000000251e-03 5.814122505193682126e-05
4.470100000000000288e-03 1.720035551641342273e-04
4.560400000000000044e-03 2.827334690440114944e-04
4.652500000000000385e-03 2.231146818716372841e-04
4.746499999999999851e-03 1.100654890770405553e-04
4.842400000000000176e-03 -2.172378219590386818e-04
4.940199999999999626e-03 -6.968828178786084940e-04
5.040000000000000209e-03 -1.270110246949626622e-03
5.141899999999999596e-03 -1.828870529357094852e-03
5.245699999999999842e-03 -2.321922562238519332e-03
5.351700000000000033e-03 -2.598793788547265095e-03
5.459799999999999896e-03 -2.717529728365489228e-03
5.570099999999999704e-03 -2.833215106929269297e-03
5.682600000000000325e-03 -2.749547566163486941e-03
5.797400000000000296e-03 -2.668026516570296512e-03
5.914499999999999619e-03 -2.684308006217347650e-03
6.034000000000000301e-03 -2.700335629538092551e-03
6.155899999999999740e-03 -2.763014846983480582e-03
6.280299999999999945e-03 -2.870638141320377718e-03
6.407200000000000048e-03 -2.930270857313901304e-03
6.536600000000000049e-03 -2.988726582831495015e-03
6.668600000000000222e-03 -3.046051450356459297e-03
6.803299999999999972e-03 -3.146677536035487333e-03
6.940799999999999574e-03 -3.157758862709371915e-03
7.080999999999999621e-03 -3.212226575948264658e-03
7.224000000000000386e-03 -3.265870291381686719e-03
7.369999999999999815e-03 -3.318869525861747275e-03
7.518900000000000236e-03 -3.371121139565850990e-03
7.670800000000000188e-03 -3.422802523539119138e-03
7.825699999999999670e-03 -3.556662144632253154e-03
7.983799999999999231e-03 -3.606561286341419207e-03
8.145100000000000603e-03 -3.656162668850290818e-03
8.309600000000000319e-03 -3.705348796178557346e-03
8.477500000000000660e-03 -3.794313089355309723e-03
8.648799999999999891e-03 -3.882423068609544559e-03
8.823499999999999746e-03 -3.930513667994385563e-03
9.001699999999999632e-03 -4.017557817321481921e-03
9.183600000000000096e-03 -4.104078859527792410e-03
9.369099999999999998e-03 -4.151776232467188979e-03
9.558300000000000476e-03 -4.237860690082519317e-03
9.751400000000000345e-03 -4.285747936276919183e-03
9.948399999999999604e-03 -4.371756416361349991e-03
1.014900000000000004e-02 -4.457687514892000671e-03
1.035400000000000036e-02 -4.506441398573812762e-03
1.056400000000000047e-02 -4.592940883868670311e-03
1.077700000000000012e-02 -4.679707123507311113e-03
1.099499999999999957e-02 -4.766802807250569013e-03
1.121699999999999954e-02 -4.854467056777889145e-03
1.144300000000000005e-02 -4.942948204704544074e-03
1.167499999999999961e-02 -4.995847193371666210e-03
1.191000000000000045e-02 -5.122111981371676136e-03
1.215100000000000034e-02 -5.213120077082885988e-03
1.239700000000000003e-02 -5.269490443320081104e-03
1.264700000000000026e-02 -5.363093408218570259e-03
1.290200000000000027e-02 -5.458158851342701477e-03
1.316299999999999935e-02 -5.554778561534530479e-03
1.342899999999999996e-02 -5.653046892760187937e-03
1.370000000000000037e-02 -5.753265389963803898e-03
1.397699999999999984e-02 -5.855544881791435730e-03
1.425900000000000084e-02 -5.924419123302303476e-03
1.454699999999999917e-02 -6.031167393192069653e-03
1.484100000000000003e-02 -6.104938390250298080e-03
1.514099999999999994e-02 -6.216826715569697195e-03
1.544700000000000066e-02 -6.296152413063912240e-03
1.575899999999999870e-02 -6.378413486258731509e-03
1.607700000000000101e-02 -6.499558628104969843e-03
1.640199999999999991e-02 -6.588393926257337871e-03
1.673399999999999888e-02 -6.680579404018144318e-03
1.707200000000000037e-02 -6.776510090107204162e-03
1.741600000000000092e-02 -6.840293767247076530e-03
1.776799999999999907e-02 -6.944093636109006755e-03
1.812700000000000075e-02 -7.052189636533985617e-03
1.849299999999999902e-02 -7.128190088379012836e-03
1.886699999999999836e-02 -7.245337032976997133e-03
1.924800000000000122e-02 -7.330401761720012864e-03
1.963700000000000168e-02 -7.420210930947948071e-03
2.003399999999999972e-02 -7.514999208715952145e-03
2.043800000000000130e-02 -7.576803366302329625e-03
2.085100000000000148e-02 -7.643447171564861538e-03
2.127199999999999924e-02 -7.714861192262629369e-03
2.170199999999999907e-02 -7.791586176993403091e-03
2.214100000000000096e-02 -7.833867956300828023e-03
2.258800000000000044e-02 -7.880513611412754207e-03
2.304399999999999851e-02 -7.932052919903943150e-03
2.350999999999999965e-02 -7.988080900487018118e-03
2.398499999999999938e-02 -8.007510891647862117e-03
2.446900000000000117e-02 -8.030820801383887347e-03
2.496400000000000008e-02 -8.100662502400445691e-03
2.546800000000000105e-02 -8.088804186991309375e-03
2.598200000000000162e-02 -8.079432726639445769e-03
2.650699999999999931e-02 -8.072652719283092762e-03
2.704300000000000107e-02 -8.022342297420041735e-03
2.758899999999999894e-02 -8.018845678434423363e-03
2.814600000000000088e-02 -7.969663860229710475e-03
2.871500000000000094e-02 -7.920644520256044097e-03
2.929500000000000159e-02 -7.822598984815631873e-03
2.988700000000000037e-02 -7.770969885177586578e-03
3.048999999999999974e-02 -7.667511333830303796e-03
3.110600000000000170e-02 -7.560014406829820149e-03
3.173499999999999932e-02 -7.395591128632294023e-03
3.237600000000000200e-02 -7.224111684929689428e-03
3.302999999999999686e-02 -7.044397731200365866e-03
3.369699999999999779e-02 -6.855640930117459265e-03
3.437799999999999884e-02 -6.657397486634501586e-03
3.507199999999999901e-02 -6.448449451759437345e-03
3.578100000000000031e-02 -6.168831473118126761e-03
3.650400000000000172e-02 -5.874354515660148296e-03
3.724100000000000327e-02 -5.626502616594348735e-03
3.799299999999999899e-02 -5.302373236083921491e-03
3.876099999999999685e-02 -5.026107623001237548e-03
3.954400000000000276e-02 -4.735293294177249195e-03
4.034299999999999692e-02 -4.362276640125906275e-03
4.115800000000000014e-02 -3.970704196939184825e-03
4.198899999999999855e-02 -3.630021438084656427e-03
4.283800000000000108e-02 -3.272626711391685844e-03
4.370299999999999879e-02 -2.971124327757799534e-03
4.458600000000000063e-02 -2.508115802854246623e-03
4.548599999999999866e-02 -2.176606105695447387e-03
4.640500000000000180e-02 -1.831781919619088553e-03
4.734300000000000314e-02 -1.551711072465780661e-03
4.829900000000000165e-02 -1.103665858974450797e-03
4.927499999999999936e-02 -8.007046628451823436e-04
5.027000000000000218e-02 -4.878048877217187190e-04
5.128599999999999826e-02 -1.650573578064544976e-04
5.232200000000000045e-02 1.674901603445456489e-04
5.337900000000000283e-02 4.248629880793347406e-04
5.445699999999999846e-02 7.759624478672089718e-04
5.555700000000000222e-02 1.224847047269671512e-03
5.668000000000000121e-02 1.509702342601903580e-03
5.782500000000000140e-02 1.893683779752626788e-03
5.899299999999999683e-02 2.199011331436809269e-03
6.018400000000000138e-02 2.701823043862302143e-03
6.140000000000000319e-02 3.129002695140932315e-03
6.264100000000000223e-02 3.767574374003139319e-03
6.390600000000000447e-02 4.336263816397600487e-03
6.519700000000000495e-02 5.084202137538031650e-03
6.651400000000000368e-02 5.912788400084269952e-03
6.785800000000000165e-02 6.851764285773596398e-03
6.922899999999999887e-02 7.945023068444131281e-03
7.062699999999999534e-02 9.197235447513860823e-03
7.205400000000000693e-02 1.060240931199411644e-02
7.351000000000000589e-02 1.220040624653475660e-02
7.499400000000000510e-02 1.398727071729242988e-02
7.650899999999999368e-02 1.595687383322090189e-02
7.805499999999999938e-02 1.812643007181116012e-02
7.963199999999999446e-02 2.051360992329460259e-02
8.124099999999999377e-02 2.309204103693057383e-02
8.288199999999999734e-02 2.585657199195973491e-02
8.455600000000000616e-02 2.878051159205474718e-02
8.626399999999999346e-02 3.184300976248795323e-02
8.800700000000000189e-02 3.496436134573634169e-02
8.978500000000000369e-02 3.813561676985455229e-02
9.159799999999999887e-02 4.127020197128157541e-02
9.344900000000000428e-02 4.430812421093684172e-02
9.533700000000000507e-02 4.720516784658224801e-02
9.726300000000000223e-02 4.990204195064511933e-02
9.922699999999999576e-02 5.234162348328327136e-02
1.012300000000000005e-01 5.456461109920605901e-02
1.032799999999999968e-01 5.656059153446114929e-02
1.053599999999999953e-01 5.837885940479960872e-02
1.074900000000000022e-01 6.010166249354530199e-02
1.096599999999999936e-01 6.180479344454021390e-02
1.118799999999999933e-01 6.355036202982967952e-02
1.141400000000000053e-01 6.545555931905282232e-02
1.164400000000000018e-01 6.767315367882374699e-02
1.188000000000000028e-01 7.032211787877817866e-02
1.212000000000000022e-01 7.347539751673100306e-02
1.236499999999999960e-01 7.728789356018757328e-02
1.261400000000000021e-01 8.178914069633141937e-02
1.286899999999999988e-01 8.708162441805768206e-02
1.312899999999999900e-01 9.314306817924153381e-02
1.339400000000000035e-01 9.992583240647802401e-02
1.366499999999999937e-01 1.074335533994340147e-01
1.394100000000000061e-01 1.154349793416272751e-01
1.422299999999999953e-01 1.236946245899580160e-01
1.451000000000000068e-01 1.320058393156855470e-01
1.480299999999999949e-01 1.400506757881977704e-01
1.510199999999999876e-01 1.474969733741169631e-01
1.540700000000000125e-01 1.541506798272583578e-01
1.571799999999999864e-01 1.599154982916075884e-01
1.603600000000000025e-01 1.649684585958346994e-01
1.635999999999999954e-01 1.693958169994305429e-01
1.668999999999999928e-01 1.737202877887776276e-01
1.702799999999999869e-01 1.780749095384596969e-01
1.737100000000000033e-01 1.830960501849343836e-01
1.772199999999999886e-01 1.891097040900806547e-01
1.807999999999999885e-01 1.964854523740280356e-01
1.844600000000000128e-01 2.055162752104578994e-01
1.881799999999999862e-01 2.161495443902739788e-01
1.919800000000000118e-01 2.281876982008877175e-01
1.958600000000000063e-01 2.412713342319682541e-01
1.998199999999999976e-01 2.549097528012406189e-01
2.038600000000000134e-01 2.683548396399412783e-01
2.079699999999999882e-01 2.809998018886883941e-01
2.121800000000000075e-01 2.923246806465070180e-01
2.164600000000000135e-01 3.022844902303080117e-01
2.208299999999999985e-01 3.110375408942341324e-01
2.253000000000000003e-01 3.192276750462346158e-01
2.298499999999999988e-01 3.276726001177907577e-01
2.344900000000000040e-01 3.370942196854661010e-01
2.392299999999999982e-01 3.484976051741471292e-01
2.440599999999999992e-01 3.619374134667291965e-01
2.489899999999999891e-01 3.773894913324599698e-01
2.540200000000000236e-01 3.942591830644376905e-01
2.591499999999999915e-01 4.118089252454654181e-01
2.643900000000000139e-01 4.290187799523240697e-01
2.697300000000000253e-01 4.450073551712684927e-01
2.751799999999999802e-01 4.594266780306446862e-01
2.807399999999999896e-01 4.725597860672693384e-01
2.864099999999999979e-01 4.853112058972077758e-01
2.921900000000000053e-01 4.987172028597536277e-01
2.980999999999999761e-01 5.136611644182330627e-01
3.041200000000000014e-01 5.306156505793779843e-01
3.102599999999999802e-01 5.494592899213881498e-01
3.165299999999999780e-01 5.693783661961677733e-01
3.229199999999999848e-01 5.893291824190476369e-01
3.294500000000000206e-01 6.084274286062200110e-01
3.361000000000000099e-01 6.263021978212822694e-01
3.428899999999999726e-01 6.433439448758567769e-01
3.498200000000000198e-01 6.604528502113774513e-01
3.568899999999999850e-01 6.785149604695527303e-01
3.640900000000000247e-01 6.981780847650911337e-01
3.714500000000000024e-01 7.193349666062162084e-01
3.789500000000000091e-01 7.411043584254853878e-01
3.866100000000000092e-01 7.627473258560724112e-01
3.944199999999999928e-01 7.837199960633922657e-01
4.023900000000000254e-01 8.040422784310090609e-01
4.105199999999999960e-01 8.244059976481931118e-01
4.188100000000000156e-01 8.455019215985585257e-01
4.272699999999999831e-01 8.676182944023309584e-01
4.359000000000000097e-01 8.906539243600134492e-01
4.447099999999999942e-01 9.138440310052062809e-01
4.536899999999999822e-01 9.367790437586575036e-01
4.628599999999999937e-01 9.594080590685195586e-01
4.722100000000000186e-01 9.820376327217700263e-01
4.817400000000000015e-01 1.005195352573178491e+00
4.914799999999999724e-01 1.028979522845094197e+00
5.014100000000000223e-01 1.053242548930264588e+00
5.115300000000000402e-01 1.077430820805754363e+00
5.218699999999999450e-01 1.101591930005204834e+00
5.324100000000000499e-01 1.125712672092966660e+00
5.431700000000000417e-01 1.150133591123694510e+00
5.541399999999999659e-01 1.174824921702155134e+00
5.653299999999999992e-01 1.199775212273366920e+00
5.767499999999999849e-01 1.224874981898339765e+00
5.884000000000000341e-01 1.250117050933514440e+00
6.002899999999999903e-01 1.275452284155390137e+00
6.124199999999999644e-01 1.300792516969831558e+00
6.247899999999999565e-01 1.326242274118884623e+00
6.374100000000000321e-01 1.351717070924758124e+00
6.502900000000000347e-01 1.377279371251995066e+00
6.634200000000000097e-01 1.402817357274655397e+00
6.768300000000000427e-01 1.428505538359853277e+00
6.905000000000000027e-01 1.454178626011648934e+00
7.044500000000000206e-01 1.479912797774258770e+00
7.186799999999999855e-01 1.505684545719162326e+00
7.331999999999999629e-01 1.531471780208923938e+00
7.480099999999999527e-01 1.557254429140559671e+00
7.631200000000000205e-01 1.583043180848296982e+00
7.785400000000000098e-01 1.608809828696872168e+00
7.942599999999999660e-01 1.634570775314759805e+00
8.103099999999999747e-01 1.660245570241374757e+00
8.266799999999999704e-01 1.685856197873946583e+00
8.433800000000000185e-01 1.711396835158212726e+00
8.604100000000000081e-01 1.736839356084018737e+00
8.778000000000000247e-01 1.762182832636260077e+00
8.955300000000000482e-01 1.787401741904016905e+00
9.136199999999999877e-01 1.812453938530546482e+00
9.320800000000000196e-01 1.837386724931955095e+00
9.509100000000000330e-01 1.862132936661352600e+00
9.701100000000000279e-01 1.886742665564681953e+00
9.897099999999999786e-01 1.911130065663650734e+00
1.009700000000000042e+00 1.935304873730626207e+00
1.030100000000000016e+00 1.959258195961686155e+00
1.050899999999999945e+00 1.983013450018219270e+00
1.072100000000000053e+00 2.006477529978592855e+00
1.093800000000000106e+00 2.029752298145306888e+00
1.115899999999999892e+00 2.052710135236635924e+00
1.138400000000000079e+00 2.075448180779808638e+00
1.161399999999999988e+00 2.097951509270196357e+00
1.184900000000000064e+00 2.120175581584615720e+00
1.208800000000000097e+00 2.142167451730295991e+00
1.233300000000000063e+00 2.163892761554778499e+00
1.258199999999999985e+00 2.185414845779850346e+00
1.283600000000000074e+00 2.206577913111091416e+00
1.309500000000000108e+00 2.227546337222608308e+00
1.336000000000000076e+00 2.248262411254887905e+00
1.362999999999999989e+00 2.268728421755162206e+00
1.390500000000000069e+00 2.288940735394983328e+00
1.418600000000000083e+00 2.308854022461719335e+00
1.447200000000000042e+00 2.328588419428489154e+00
1.476499999999999924e+00 2.348054102132459242e+00
1.506299999999999972e+00 2.367275699159138824e+00
1.536699999999999955e+00 2.386222243669928744e+00
1.567800000000000082e+00 2.404991658753986794e+00
1.599399999999999933e+00 2.423431401797895735e+00
1.631799999999999917e+00 2.441732655630877158e+00
1.664700000000000069e+00 2.459804568263397329e+00
1.698399999999999910e+00 2.477577626753881379e+00
1.732699999999999907e+00 2.495194285844320348e+00
1.767700000000000049e+00 2.512556839682006160e+00
1.803399999999999892e+00 2.529789938426622253e+00
1.839800000000000102e+00 2.546627467120975652e+00
1.877000000000000002e+00 2.563418885629954680e+00
1.914900000000000047e+00 2.579946215947880095e+00
1.953600000000000003e+00 2.596311171559127384e+00
1.993000000000000105e+00 2.612440871571217293e+00
2.033300000000000107e+00 2.628420023948765394e+00
2.074399999999999800e+00 2.644193624159502765e+00
2.116299999999999848e+00 2.659837033158970243e+00
2.158999999999999808e+00 2.675275605955826475e+00
2.202599999999999891e+00 2.690527561119512967e+00
2.247100000000000097e+00 2.705703192459491646e+00
2.292499999999999982e+00 2.720656998720154096e+00
2.338799999999999990e+00 2.735462425044210555e+00
2.386099999999999888e+00 2.750152354195558591e+00
2.434299999999999908e+00 2.764686783838906425e+00
2.483499999999999819e+00 2.779083059343181450e+00
2.533599999999999852e+00 2.793364878870539858e+00
2.584799999999999986e+00 2.807538637197111608e+00
2.637000000000000011e+00 2.821590156662233451e+00
2.690300000000000136e+00 2.835545296185263187e+00
2.744699999999999918e+00 2.849391591120808531e+00
2.800100000000000033e+00 2.863141985297683156e+00
2.856700000000000017e+00 2.876815278902070894e+00
2.914400000000000102e+00 2.890413328307539498e+00
2.973300000000000054e+00 2.903949734637802926e+00
3.033300000000000107e+00 2.917417778707654730e+00
3.094599999999999795e+00 2.930809550468612912e+00
3.157099999999999795e+00 2.944170388782895387e+00
3.220899999999999874e+00 2.957469595708990262e+00
3.286000000000000032e+00 2.970763722589865097e+00
3.352300000000000058e+00 2.984046647284605225e+00
3.420100000000000140e+00 2.997276913959962652e+00
3.489199999999999857e+00 3.010548252842601968e+00
3.559600000000000097e+00 3.023763373155722967e+00
3.631600000000000161e+00 3.037008285468240310e+00
3.704899999999999860e+00 3.050295803233614045e+00
3.779799999999999827e+00 3.063617502686339922e+00
3.856100000000000083e+00 3.076916887940490231e+00
3.934000000000000163e+00 3.090287003290010936e+00
4.013499999999999623e+00 3.103759257638309510e+00
4.094599999999999795e+00 3.117254518837572430e+00
4.177299999999999791e+00 3.130831669869813094e+00
4.261700000000000266e+00 3.144440724713645441e+00
4.347800000000000331e+00 3.158221894298704591e+00
4.435599999999999987e+00 3.172097554577591794e+00
4.525199999999999889e+00 3.186051443334530830e+00
4.616600000000000037e+00 3.200146472741214332e+00
4.709900000000000198e+00 3.214377026541968441e+00
4.804999999999999716e+00 3.228684589942065308e+00
4.902099999999999902e+00 3.243242268808242734e+00
5.001100000000000101e+00 3.257967743800376237e+00
5.102100000000000080e+00 3.272823985320650220e+00
5.205199999999999605e+00 3.287907337879557801e+00
5.310399999999999565e+00 3.303169829799665447e+00
5.417600000000000193e+00 3.318645318409428668e+00
5.527099999999999902e+00 3.334354642960120074e+00
5.638700000000000045e+00 3.350298320355580728e+00
5.752600000000000158e+00 3.366528374975092941e+00
5.868900000000000006e+00 3.383040994439328486e+00
5.987400000000000055e+00 3.399795772513563907e+00
6.108399999999999608e+00 3.416881326425954768e+00
6.231799999999999784e+00 3.434264492335056929e+00
6.357700000000000351e+00 3.452052307090561101e+00
6.486100000000000421e+00 3.470121244568641572e+00
6.617099999999999760e+00 3.488588404453889957e+00
6.750799999999999912e+00 3.507457562255497763e+00
6.887199999999999989e+00 3.526735305384328889e+00
7.026299999999999990e+00 3.546479790822196776e+00
7.168199999999999683e+00 3.566684011089431117e+00
7.312999999999999723e+00 3.587341180544642238e+00
7.460799999999999876e+00 3.608497400260992194e+00
7.611500000000000377e+00 3.630185384507065738e+00
7.765299999999999869e+00 3.652346110915845490e+00
7.922100000000000364e+00 3.675167336858367051e+00
8.082200000000000273e+00 3.698543807478432921e+00
8.245400000000000063e+00 3.722596845966168466e+00
8.412000000000000810e+00 3.747357069444506639e+00
8.581899999999999196e+00 3.772896001072742145e+00
8.755300000000000082e+00 3.799227511282801562e+00
8.932199999999999918e+00 3.826378812574344312e+00
9.112600000000000477e+00 3.854510687732964680e+00
9.296699999999999520e+00 3.883612184184670468e+00
9.484500000000000597e+00 3.913690972778345323e+00
9.676099999999999923e+00 3.944822168895080861e+00
9.871600000000000819e+00 3.976941393616818754e+00
1.007099999999999973e+01 4.010055603382630451e+00
