# # k[h/Mpc], logBoost (P^NLCDM_NL/P^NLCDM_L)
1.000000000000000048e-04 0.000000000000000000e+00
1.020200000000000024e-04 0.000000000000000000e+00
1.040800000000000064e-04 0.000000000000000000e+00
1.061800000000000032e-04 0.000000000000000000e+00
1.083300000000000013e-04 0.000000000000000000e+00
1.105200000000000057e-04 0.000000000000000000e+00
1.127500000000000030e-04 0.000000000000000000e+00
1.150300000000000015e-04 0.000000000000000000e+00
1.173500000000000064e-04 0.000000000000000000e+00
1.197199999999999989e-04 0.000000000000000000e+00
1.221399999999999927e-04 0.000000000000000000e+00
1.246099999999999877e-04 0.000000000000000000e+00
1.271199999999999891e-04 0.000000000000000000e+00
1.296899999999999865e-04 0.000000000000000000e+00
1.323100000000000122e-04 0.000000000000000000e+00
1.349900000000000069e-04 0.000000000000000000e+00
1.377100000000000080e-04 0.000000000000000000e+00
1.404900000000000051e-04 0.000000000000000000e+00
1.433299999999999982e-04 0.000000000000000000e+00
1.462299999999999874e-04 0.000000000000000000e+00
1.491800000000000049e-04 0.000000000000000000e+00
1.522000000000000132e-04 0.000000000000000000e+00
1.552699999999999957e-04 0.000000000000000000e+00
1.584099999999999961e-04 0.000000000000000000e+00
1.616099999999999926e-04 0.000000000000000000e+00
1.648700000000000122e-04 0.000000000000000000e+00
1.681999999999999956e-04 0.000000000000000000e+00
1.715999999999999969e-04 0.000000000000000000e+00
1.750699999999999891e-04 0.000000000000000000e+00
1.786000000000000044e-04 0.000000000000000000e+00
1.822100000000000054e-04 0.000000000000000000e+00
1.858899999999999973e-04 0.000000000000000000e+00
1.896500000000000020e-04 0.000000000000000000e+00
1.934799999999999975e-04 0.000000000000000000e+00
1.973900000000000058e-04 0.000000000000000000e+00
2.013799999999999998e-04 0.000000000000000000e+00
2.054400000000000117e-04 0.000000000000000000e+00
2.095900000000000042e-04 0.000000000000000000e+00
2.138300000000000042e-04 0.000000000000000000e+00
2.181499999999999900e-04 0.000000000000000000e+00
2.225499999999999885e-04 0.000000000000000000e+00
2.270499999999999895e-04 0.000000000000000000e+00
2.316399999999999980e-04 0.000000000000000000e+00
2.363199999999999871e-04 0.000000000000000000e+00
2.410900000000000109e-04 0.000000000000000000e+00
2.459599999999999829e-04 0.000000000000000000e+00
2.509300000000000115e-04 0.000000000000000000e+00
2.559999999999999884e-04 0.000000000000000000e+00
2.611700000000000219e-04 0.000000000000000000e+00
2.664499999999999985e-04 0.000000000000000000e+00
2.718299999999999775e-04 0.000000000000000000e+00
2.773200000000000079e-04 0.000000000000000000e+00
2.829199999999999814e-04 0.000000000000000000e+00
2.886400000000000012e-04 0.000000000000000000e+00
2.944700000000000182e-04 0.000000000000000000e+00
3.004199999999999731e-04 0.000000000000000000e+00
3.064899999999999743e-04 0.000000000000000000e+00
3.126800000000000217e-04 0.000000000000000000e+00
3.189900000000000070e-04 0.000000000000000000e+00
3.254399999999999741e-04 0.000000000000000000e+00
3.320099999999999874e-04 0.000000000000000000e+00
3.387199999999999825e-04 0.000000000000000000e+00
3.455600000000000186e-04 0.000000000000000000e+00
3.525399999999999823e-04 0.000000000000000000e+00
3.596599999999999819e-04 0.000000000000000000e+00
3.669300000000000122e-04 0.000000000000000000e+00
3.743400000000000243e-04 0.000000000000000000e+00
3.819000000000000129e-04 0.000000000000000000e+00
3.896200000000000271e-04 0.000000000000000000e+00
3.974900000000000178e-04 0.000000000000000000e+00
4.055199999999999799e-04 0.000000000000000000e+00
4.137100000000000217e-04 0.000000000000000000e+00
4.220699999999999756e-04 0.000000000000000000e+00
4.306000000000000040e-04 0.000000000000000000e+00
4.392900000000000038e-04 0.000000000000000000e+00
4.481700000000000137e-04 0.000000000000000000e+00
4.572199999999999897e-04 0.000000000000000000e+00
4.664599999999999758e-04 0.000000000000000000e+00
4.758799999999999771e-04 0.000000000000000000e+00
4.854999999999999832e-04 0.000000000000000000e+00
4.952999999999999504e-04 0.000000000000000000e+00
5.053100000000000256e-04 0.000000000000000000e+00
5.155199999999999973e-04 0.000000000000000000e+00
5.259299999999999739e-04 0.000000000000000000e+00
5.365600000000000534e-04 0.000000000000000000e+00
5.473900000000000293e-04 0.000000000000000000e+00
5.584500000000000488e-04 0.000000000000000000e+00
5.697299999999999543e-04 0.000000000000000000e+00
5.812400000000000119e-04 0.000000000000000000e+00
5.929900000000000535e-04 0.000000000000000000e+00
6.049599999999999813e-04 0.000000000000000000e+00
6.171899999999999912e-04 0.000000000000000000e+00
6.296500000000000447e-04 0.000000000000000000e+00
6.423699999999999636e-04 0.000000000000000000e+00
6.553499999999999647e-04 0.000000000000000000e+00
6.685900000000000480e-04 0.000000000000000000e+00
6.821000000000000457e-04 0.000000000000000000e+00
6.958799999999999578e-04 0.000000000000000000e+00
7.099300000000000012e-04 0.000000000000000000e+00
7.242699999999999486e-04 0.000000000000000000e+00
7.389099999999999575e-04 0.000000000000000000e+00
7.538300000000000382e-04 0.000000000000000000e+00
7.690600000000000127e-04 0.000000000000000000e+00
7.845999999999999893e-04 0.000000000000000000e+00
8.004499999999999680e-04 0.000000000000000000e+00
8.166199999999999978e-04 0.000000000000000000e+00
8.331099999999999704e-04 0.000000000000000000e+00
8.499399999999999837e-04 0.000000000000000000e+00
8.671100000000000379e-04 0.000000000000000000e+00
8.846299999999999650e-04 0.000000000000000000e+00
9.024999999999999819e-04 0.000000000000000000e+00
9.207300000000000293e-04 0.000000000000000000e+00
9.393300000000000477e-04 0.000000000000000000e+00
9.583099999999999778e-04 0.000000000000000000e+00
9.776699999999999280e-04 0.000000000000000000e+00
9.974199999999999473e-04 0.000000000000000000e+00
1.017600000000000015e-03 0.000000000000000000e+00
1.038099999999999917e-03 0.000000000000000000e+00
1.059100000000000102e-03 0.000000000000000000e+00
1.080500000000000080e-03 0.000000000000000000e+00
1.102300000000000068e-03 0.000000000000000000e+00
1.124599999999999905e-03 0.000000000000000000e+00
1.147299999999999969e-03 0.000000000000000000e+00
1.170500000000000099e-03 0.000000000000000000e+00
1.194100000000000023e-03 0.000000000000000000e+00
1.218200000000000012e-03 0.000000000000000000e+00
1.242899999999999908e-03 0.000000000000000000e+00
1.268000000000000030e-03 0.000000000000000000e+00
1.293600000000000002e-03 0.000000000000000000e+00
1.319700000000000040e-03 0.000000000000000000e+00
1.346399999999999984e-03 0.000000000000000000e+00
1.373599999999999995e-03 0.000000000000000000e+00
1.401300000000000072e-03 0.000000000000000000e+00
1.429600000000000055e-03 0.000000000000000000e+00
1.458499999999999944e-03 0.000000000000000000e+00
1.487999999999999956e-03 0.000000000000000000e+00
1.518000000000000035e-03 0.000000000000000000e+00
1.548700000000000077e-03 0.000000000000000000e+00
1.580000000000000024e-03 0.000000000000000000e+00
1.611900000000000095e-03 0.000000000000000000e+00
1.644499999999999912e-03 0.000000000000000000e+00
1.677700000000000068e-03 0.000000000000000000e+00
1.711599999999999970e-03 0.000000000000000000e+00
1.746200000000000052e-03 0.000000000000000000e+00
1.781400000000000041e-03 0.000000000000000000e+00
1.817400000000000048e-03 0.000000000000000000e+00
1.854100000000000019e-03 0.000000000000000000e+00
1.891600000000000009e-03 0.000000000000000000e+00
1.929799999999999962e-03 0.000000000000000000e+00
1.968800000000000151e-03 0.000000000000000000e+00
2.008600000000000142e-03 0.000000000000000000e+00
2.049099999999999880e-03 0.000000000000000000e+00
2.090499999999999910e-03 0.000000000000000000e+00
2.132799999999999800e-03 0.000000000000000000e+00
2.175799999999999870e-03 0.000000000000000000e+00
2.219800000000000072e-03 0.000000000000000000e+00
2.264599999999999860e-03 0.000000000000000000e+00
2.310400000000000214e-03 0.000000000000000000e+00
2.357099999999999994e-03 0.000000000000000000e+00
2.404700000000000067e-03 0.000000000000000000e+00
2.453299999999999838e-03 0.000000000000000000e+00
2.502799999999999903e-03 0.000000000000000000e+00
2.553399999999999941e-03 0.000000000000000000e+00
2.605000000000000111e-03 0.000000000000000000e+00
2.657599999999999980e-03 0.000000000000000000e+00
2.711299999999999821e-03 0.000000000000000000e+00
2.765999999999999796e-03 0.000000000000000000e+00
2.821900000000000016e-03 0.000000000000000000e+00
2.878900000000000209e-03 1.113467951627213909e-05
2.937100000000000214e-03 0.000000000000000000e+00
2.996400000000000192e-03 0.000000000000000000e+00
3.056899999999999982e-03 0.000000000000000000e+00
3.118699999999999858e-03 0.000000000000000000e+00
3.181699999999999980e-03 0.000000000000000000e+00
3.246000000000000187e-03 -1.010851490763610803e-05
3.311500000000000207e-03 0.000000000000000000e+00
3.378400000000000153e-03 0.000000000000000000e+00
3.446700000000000024e-03 0.000000000000000000e+00
3.516299999999999981e-03 0.000000000000000000e+00
3.587400000000000137e-03 0.000000000000000000e+00
3.659799999999999946e-03 0.000000000000000000e+00
3.733799999999999793e-03 -9.061664633997711896e-05
3.809199999999999999e-03 0.000000000000000000e+00
3.886099999999999971e-03 -8.790049669437197436e-05
3.964600000000000415e-03 -8.658383485218287606e-05
4.044700000000000031e-03 -8.529148369706110358e-05
4.126399999999999686e-03 0.000000000000000000e+00
4.209799999999999653e-03 1.655629142855526603e-04
4.294799999999999660e-03 4.078137163489962145e-04
4.381600000000000251e-03 4.822763536929911975e-04
4.470100000000000288e-03 3.169069904514092476e-04
4.560400000000000044e-03 -2.343292336439874298e-04
4.652500000000000385e-03 -9.243568675423912079e-04
4.746499999999999851e-03 -1.899480113719334996e-03
4.842400000000000176e-03 -2.848150628682103152e-03
4.940199999999999626e-03 -3.770938699019944947e-03
5.040000000000000209e-03 -4.376693834503905291e-03
5.141899999999999596e-03 -4.677445292589382971e-03
5.245699999999999842e-03 -4.827154968506943214e-03
5.351700000000000033e-03 -4.762247252208075439e-03
5.459799999999999896e-03 -4.629477952138643868e-03
5.570099999999999704e-03 -4.568241674401151906e-03
5.682600000000000325e-03 -4.643189930717538452e-03
5.797400000000000296e-03 -4.716206556313856657e-03
5.914499999999999619e-03 -4.852786754679136449e-03
6.034000000000000301e-03 -4.985926733890450047e-03
6.155899999999999740e-03 -5.115427741581768731e-03
6.280299999999999945e-03 -5.241731032901342582e-03
6.407200000000000048e-03 -5.364953604249083491e-03
6.536600000000000049e-03 -5.484868771534046235e-03
6.668600000000000222e-03 -5.541192439928049190e-03
6.803299999999999972e-03 -5.656191744859625017e-03
6.940799999999999574e-03 -5.768846472381940205e-03
7.080999999999999621e-03 -5.878911699775997250e-03
7.224000000000000386e-03 -5.986823659167279411e-03
7.369999999999999815e-03 -6.092322999099126189e-03
7.518900000000000236e-03 -6.252507153982724171e-03
7.670800000000000188e-03 -6.353511575348256071e-03
7.825699999999999670e-03 -6.508158140559131173e-03
7.983799999999999231e-03 -6.659902977072272579e-03
8.145100000000000603e-03 -6.754574106680751207e-03
8.309600000000000319e-03 -6.901413061283296485e-03
8.477500000000000660e-03 -7.099610785443698051e-03
8.648799999999999891e-03 -7.188571576502825015e-03
8.823499999999999746e-03 -7.329108296728311170e-03
9.001699999999999632e-03 -7.467365128494173748e-03
9.183600000000000096e-03 -7.655392281882744156e-03
9.369099999999999998e-03 -7.790065107019935979e-03
9.558300000000000476e-03 -7.923131958251722687e-03
9.751400000000000345e-03 -8.104907284749737414e-03
9.948399999999999604e-03 -8.284804921789469187e-03
1.014900000000000004e-02 -8.413540737684773244e-03
1.035400000000000036e-02 -8.590447205038133360e-03
1.056400000000000047e-02 -8.766250592550504928e-03
1.077700000000000012e-02 -8.940647903947144051e-03
1.099499999999999957e-02 -9.113745534639007898e-03
1.121699999999999954e-02 -9.286525565119259015e-03
1.144300000000000005e-02 -9.458671492956814350e-03
1.167499999999999961e-02 -9.630292743573510422e-03
1.191000000000000045e-02 -9.848177332053079103e-03
1.215100000000000034e-02 -1.006564967192578874e-02
1.239700000000000003e-02 -1.023719547056768653e-02
1.264700000000000026e-02 -1.045456804611988484e-02
1.290200000000000027e-02 -1.067245989077187165e-02
1.316299999999999935e-02 -1.084560316948572460e-02
1.342899999999999996e-02 -1.106524424286148278e-02
1.370000000000000037e-02 -1.128589165626230767e-02
1.397699999999999984e-02 -1.150770950857919056e-02
1.425900000000000084e-02 -1.173190365815440089e-02
1.454699999999999917e-02 -1.195762697747114293e-02
1.484100000000000003e-02 -1.218558124611589591e-02
1.514099999999999994e-02 -1.241650330112781947e-02
1.544700000000000066e-02 -1.269426046516746939e-02
1.575899999999999870e-02 -1.288756714060898881e-02
1.607700000000000101e-02 -1.317219228989543155e-02
1.640199999999999991e-02 -1.337374069482887874e-02
1.673399999999999888e-02 -1.366684300393367427e-02
1.707200000000000037e-02 -1.392154103649273153e-02
1.741600000000000092e-02 -1.422486678900794325e-02
1.776799999999999907e-02 -1.449047701022313471e-02
1.812700000000000075e-02 -1.471867245789701580e-02
1.849299999999999902e-02 -1.499711119729757632e-02
1.886699999999999836e-02 -1.528284951006208224e-02
1.924800000000000122e-02 -1.557629719456407429e-02
1.963700000000000168e-02 -1.587788728239665145e-02
2.003399999999999972e-02 -1.614432312029126862e-02
2.043800000000000130e-02 -1.646419133080410588e-02
2.085100000000000148e-02 -1.679367736583706194e-02
2.127199999999999924e-02 -1.708909406833510405e-02
2.170199999999999907e-02 -1.739564152822752757e-02
2.214100000000000096e-02 -1.766846340877615412e-02
2.258800000000000044e-02 -1.799808312710601821e-02
2.304399999999999851e-02 -1.834076685942539336e-02
2.350999999999999965e-02 -1.865005824528568126e-02
2.398499999999999938e-02 -1.901998612651475615e-02
2.446900000000000117e-02 -1.935739912786672151e-02
2.496400000000000008e-02 -1.970947405903740457e-02
2.546800000000000105e-02 -2.003009677442248171e-02
2.598200000000000162e-02 -2.041376172871075395e-02
2.650699999999999931e-02 -2.071710106303760804e-02
2.704300000000000107e-02 -2.113374810446301197e-02
2.758899999999999894e-02 -2.147003073652584484e-02
2.814600000000000088e-02 -2.182268783159409600e-02
2.871500000000000094e-02 -2.219273327952152666e-02
2.929500000000000159e-02 -2.263201824301374482e-02
2.988700000000000037e-02 -2.293451884043887917e-02
3.048999999999999974e-02 -2.330591618808668455e-02
3.110600000000000170e-02 -2.374824127001679344e-02
3.173499999999999932e-02 -2.410147600251366304e-02
3.237600000000000200e-02 -2.452656768437018464e-02
3.302999999999999686e-02 -2.491381482541606129e-02
3.369699999999999779e-02 -2.531780798428989732e-02
3.437799999999999884e-02 -2.573809696477385306e-02
3.507199999999999901e-02 -2.611605902300179194e-02
3.578100000000000031e-02 -2.650707142508141809e-02
3.650400000000000172e-02 -2.691346074812449654e-02
3.724100000000000327e-02 -2.733104771170631608e-02
3.799299999999999899e-02 -2.776203531603602462e-02
3.876099999999999685e-02 -2.814010681699706529e-02
3.954400000000000276e-02 -2.858926272261758453e-02
4.034299999999999692e-02 -2.898174261015218356e-02
4.115800000000000014e-02 -2.937696412510021338e-02
4.198899999999999855e-02 -2.977664640214010283e-02
4.283800000000000108e-02 -3.017849389893481615e-02
4.370299999999999879e-02 -3.051156975014478884e-02
4.458600000000000063e-02 -3.098705985229307028e-02
4.548599999999999866e-02 -3.131516548652812926e-02
4.640500000000000180e-02 -3.163602320355397152e-02
4.734300000000000314e-02 -3.209981506450573785e-02
4.829900000000000165e-02 -3.239813429484085516e-02
4.927499999999999936e-02 -3.268057328914356768e-02
5.027000000000000218e-02 -3.302490842560876910e-02
5.128599999999999826e-02 -3.335277269510999315e-02
5.232200000000000045e-02 -3.366818830395554990e-02
5.337900000000000283e-02 -3.380177190380911217e-02
5.445699999999999846e-02 -3.408936816507641271e-02
5.555700000000000222e-02 -3.427920347643106935e-02
5.668000000000000121e-02 -3.454499414462285090e-02
5.782500000000000140e-02 -3.453504170138530643e-02
5.899299999999999683e-02 -3.477987908079940849e-02
6.018400000000000138e-02 -3.474745180225243674e-02
6.140000000000000319e-02 -3.479809444291934867e-02
6.264100000000000223e-02 -3.475217315317933459e-02
6.390600000000000447e-02 -3.470513339726136182e-02
6.519700000000000495e-02 -3.475712871769423562e-02
6.651400000000000368e-02 -3.453275230232884935e-02
6.785800000000000165e-02 -3.431925016312208782e-02
6.922899999999999887e-02 -3.409996070495183162e-02
7.062699999999999534e-02 -3.384008697176817820e-02
7.205400000000000693e-02 -3.353115899446062337e-02
7.351000000000000589e-02 -3.317259402276474811e-02
7.499400000000000510e-02 -3.278424881903051202e-02
7.650899999999999368e-02 -3.236479300670875442e-02
7.805499999999999938e-02 -3.190928318191454255e-02
7.963199999999999446e-02 -3.141179405749046361e-02
8.124099999999999377e-02 -3.089971417630181169e-02
8.288199999999999734e-02 -3.034038156010871942e-02
8.455600000000000616e-02 -2.973481889762042210e-02
8.626399999999999346e-02 -2.910908808790116375e-02
8.800700000000000189e-02 -2.842538154204166806e-02
8.978500000000000369e-02 -2.769734938154429227e-02
9.159799999999999887e-02 -2.688333939344052931e-02
9.344900000000000428e-02 -2.601009720108056478e-02
9.533700000000000507e-02 -2.503445271463175872e-02
9.726300000000000223e-02 -2.395454008916923436e-02
9.922699999999999576e-02 -2.275609624640756098e-02
1.012300000000000005e-01 -2.142655703832242048e-02
1.032799999999999968e-01 -1.992141883539201574e-02
1.053599999999999953e-01 -1.826614847353683069e-02
1.074900000000000022e-01 -1.644335973376829380e-02
1.096599999999999936e-01 -1.442027216300782733e-02
1.118799999999999933e-01 -1.222233258790143308e-02
1.141400000000000053e-01 -9.806253407861698426e-03
1.164400000000000018e-01 -7.203099261685276880e-03
1.188000000000000028e-01 -4.365999606023623393e-03
1.212000000000000022e-01 -1.361852329360742873e-03
1.236499999999999960e-01 1.867110986053181331e-03
1.261400000000000021e-01 5.245792262255695448e-03
1.286899999999999988e-01 8.766676196705487992e-03
1.312899999999999900e-01 1.245256282539957716e-02
1.339400000000000035e-01 1.622854480533630558e-02
1.366499999999999937e-01 2.006446227126591070e-02
1.394100000000000061e-01 2.399888997003860741e-02
1.422299999999999953e-01 2.797759308940981487e-02
1.451000000000000068e-01 3.205341100334589688e-02
1.480299999999999949e-01 3.621956477837994653e-02
1.510199999999999876e-01 4.052973549257478381e-02
1.540700000000000125e-01 4.507737586470683677e-02
1.571799999999999864e-01 4.986643494793431552e-02
1.603600000000000025e-01 5.496428555491807144e-02
1.635999999999999954e-01 6.033923290849176058e-02
1.668999999999999928e-01 6.606570194492378256e-02
1.702799999999999869e-01 7.206872845382593373e-02
1.737100000000000033e-01 7.831269200268820008e-02
1.772199999999999886e-01 8.476242504174176517e-02
1.807999999999999885e-01 9.145640980200765713e-02
1.844600000000000128e-01 9.834668969070362032e-02
1.881799999999999862e-01 1.053902130414889476e-01
1.919800000000000118e-01 1.126582773062016485e-01
1.958600000000000063e-01 1.200940155495090755e-01
1.998199999999999976e-01 1.277510440491972377e-01
2.038600000000000134e-01 1.356263583560058106e-01
2.079699999999999882e-01 1.437852622061565055e-01
2.121800000000000075e-01 1.522642757399084723e-01
2.164600000000000135e-01 1.611171834575600703e-01
2.208299999999999985e-01 1.704013650752616016e-01
2.253000000000000003e-01 1.800848533057645695e-01
2.298499999999999988e-01 1.900941150665104995e-01
2.344900000000000040e-01 2.001992758729839728e-01
2.392299999999999982e-01 2.103801645661130815e-01
2.440599999999999992e-01 2.204338002510179140e-01
2.489899999999999891e-01 2.304087019820968973e-01
2.540200000000000236e-01 2.404318383380980029e-01
2.591499999999999915e-01 2.504975015138004024e-01
2.643900000000000139e-01 2.610325290196373604e-01
2.697300000000000253e-01 2.721036256324747549e-01
2.751799999999999802e-01 2.837602677735793222e-01
2.807399999999999896e-01 2.961673090626724125e-01
2.864099999999999979e-01 3.092378108994883190e-01
2.921900000000000053e-01 3.226688381470523836e-01
2.980999999999999761e-01 3.362807056686622498e-01
3.041200000000000014e-01 3.496241351619151505e-01
3.102599999999999802e-01 3.626260880862036684e-01
3.165299999999999780e-01 3.752925029548027647e-01
3.229199999999999848e-01 3.878328657860791728e-01
3.294500000000000206e-01 4.007321402454991355e-01
3.361000000000000099e-01 4.143585729003639861e-01
3.428899999999999726e-01 4.287809134217813178e-01
3.498200000000000198e-01 4.442349762636089161e-01
3.568899999999999850e-01 4.603273188383563697e-01
3.640900000000000247e-01 4.764600916038774225e-01
3.714500000000000024e-01 4.923642101557010320e-01
3.789500000000000091e-01 5.078961990566611684e-01
3.866100000000000092e-01 5.231327856813944299e-01
3.944199999999999928e-01 5.383925314974132847e-01
4.023900000000000254e-01 5.543835104888445997e-01
4.105199999999999960e-01 5.711980044924841460e-01
4.188100000000000156e-01 5.888910874327114575e-01
4.272699999999999831e-01 6.071174801587521097e-01
4.359000000000000097e-01 6.254197464035303744e-01
4.447099999999999942e-01 6.433737361373880193e-01
4.536899999999999822e-01 6.611356739440071850e-01
4.628599999999999937e-01 6.789525406405620966e-01
4.722100000000000186e-01 6.974313194848978936e-01
4.817400000000000015e-01 7.166772378274540722e-01
4.914799999999999724e-01 7.365119529575379076e-01
5.014100000000000223e-01 7.566321724377812474e-01
5.115300000000000402e-01 7.767210006756001262e-01
5.218699999999999450e-01 7.968240949157932018e-01
5.324100000000000499e-01 8.170794008709232337e-01
5.431700000000000417e-01 8.377663619849047283e-01
5.541399999999999659e-01 8.591234683592107180e-01
5.653299999999999992e-01 8.808805653444357064e-01
5.767499999999999849e-01 9.028073568921856085e-01
5.884000000000000341e-01 9.248122906404618870e-01
6.002899999999999903e-01 9.470620321159783916e-01
6.124199999999999644e-01 9.697204600933925223e-01
6.247899999999999565e-01 9.927361289171243719e-01
6.374100000000000321e-01 1.016080689494634148e+00
6.502900000000000347e-01 1.039709602732597382e+00
6.634200000000000097e-01 1.063626545864611472e+00
6.768300000000000427e-01 1.087787710476579406e+00
6.905000000000000027e-01 1.112194840433978538e+00
7.044500000000000206e-01 1.136866354277555446e+00
7.186799999999999855e-01 1.161768789397377377e+00
7.331999999999999629e-01 1.186911055881446853e+00
7.480099999999999527e-01 1.212302068263453769e+00
7.631200000000000205e-01 1.237943462114080573e+00
7.785400000000000098e-01 1.263782848187686270e+00
7.942599999999999660e-01 1.289836994123445546e+00
8.103099999999999747e-01 1.316145146145592637e+00
8.266799999999999704e-01 1.342638485660712977e+00
8.433800000000000185e-01 1.369315075926426095e+00
8.604100000000000081e-01 1.396126148376600318e+00
8.778000000000000247e-01 1.423136720695782120e+00
8.955300000000000482e-01 1.450197911643409387e+00
9.136199999999999877e-01 1.477414236892564681e+00
9.320800000000000196e-01 1.504736465630026832e+00
9.509100000000000330e-01 1.532053658318113243e+00
9.701100000000000279e-01 1.559427059208950750e+00
9.897099999999999786e-01 1.586864719247840227e+00
1.009700000000000042e+00 1.614342232895039642e+00
1.030100000000000016e+00 1.641778305463567289e+00
1.050899999999999945e+00 1.669241381599320118e+00
1.072100000000000053e+00 1.696631261953447156e+00
1.093800000000000106e+00 1.724004248138495843e+00
1.115899999999999892e+00 1.751302879526816403e+00
1.138400000000000079e+00 1.778506669150644370e+00
1.161399999999999988e+00 1.805641841587396712e+00
1.184900000000000064e+00 1.832650885385994632e+00
1.208800000000000097e+00 1.859545842894583023e+00
1.233300000000000063e+00 1.886279610668433415e+00
1.258199999999999985e+00 1.912879132541657201e+00
1.283600000000000074e+00 1.939332830607480185e+00
1.309500000000000108e+00 1.965607295189162773e+00
1.336000000000000076e+00 1.991702858652572905e+00
1.362999999999999989e+00 2.017606681983803441e+00
1.390500000000000069e+00 2.043302960423635906e+00
1.418600000000000083e+00 2.068811919515081588e+00
1.447200000000000042e+00 2.094086652620060995e+00
1.476499999999999924e+00 2.119132852775980513e+00
1.506299999999999972e+00 2.143928843992282562e+00
1.536699999999999955e+00 2.168492438638450981e+00
1.567800000000000082e+00 2.192807458360757078e+00
1.599399999999999933e+00 2.216846472208024998e+00
1.631799999999999917e+00 2.240664515016243641e+00
1.664700000000000069e+00 2.264179937447772240e+00
1.698399999999999910e+00 2.287460863694354529e+00
1.732699999999999907e+00 2.310426994402382306e+00
1.767700000000000049e+00 2.333161497175038068e+00
1.803399999999999892e+00 2.355556050255978029e+00
1.839800000000000102e+00 2.377705723462153919e+00
1.877000000000000002e+00 2.399578024277733146e+00
1.914900000000000047e+00 2.421175530958247002e+00
1.953600000000000003e+00 2.442472128478442972e+00
1.993000000000000105e+00 2.463478359561817044e+00
2.033300000000000107e+00 2.484210028373552426e+00
2.074399999999999800e+00 2.504707629503364341e+00
2.116299999999999848e+00 2.524902644324830803e+00
2.158999999999999808e+00 2.544838066943976518e+00
2.202599999999999891e+00 2.564455563543124317e+00
2.247100000000000097e+00 2.583859989640090671e+00
2.292499999999999982e+00 2.603020850325826530e+00
2.338799999999999990e+00 2.621873856211595744e+00
2.386099999999999888e+00 2.640506039959456430e+00
2.434299999999999908e+00 2.658879793199422359e+00
2.483499999999999819e+00 2.677033798314212287e+00
2.533599999999999852e+00 2.694911728918425009e+00
2.584799999999999986e+00 2.712534513549538673e+00
2.637000000000000011e+00 2.730056747782843907e+00
2.690300000000000136e+00 2.747290491101956000e+00
2.744699999999999918e+00 2.764252413748952808e+00
2.800100000000000033e+00 2.781017138889052998e+00
2.856700000000000017e+00 2.797553675551690766e+00
2.914400000000000102e+00 2.813934633574032063e+00
2.973300000000000054e+00 2.830103973814405816e+00
3.033300000000000107e+00 2.846065594240875907e+00
3.094599999999999795e+00 2.861920521100294934e+00
3.157099999999999795e+00 2.877522252408626802e+00
3.220899999999999874e+00 2.892957186791191404e+00
3.286000000000000032e+00 2.908244369791497252e+00
3.352300000000000058e+00 2.923322640044949683e+00
3.420100000000000140e+00 2.938295249974829826e+00
3.489199999999999857e+00 2.953095413138111969e+00
3.559600000000000097e+00 2.967732046460959783e+00
3.631600000000000161e+00 2.982241034034396332e+00
3.704899999999999860e+00 2.996627834192122641e+00
3.779799999999999827e+00 3.010882053125500502e+00
3.856100000000000083e+00 3.024985050513256724e+00
3.934000000000000163e+00 3.038982191565463786e+00
4.013499999999999623e+00 3.052880508603485143e+00
4.094599999999999795e+00 3.066668534140348346e+00
4.177299999999999791e+00 3.080336700815135220e+00
4.261700000000000266e+00 3.093892658794573425e+00
4.347800000000000331e+00 3.107386060046805731e+00
4.435599999999999987e+00 3.120796794673341701e+00
4.525199999999999889e+00 3.134105235209764473e+00
4.616600000000000037e+00 3.147330307051952047e+00
4.709900000000000198e+00 3.160483749431723943e+00
4.804999999999999716e+00 3.173579238348158249e+00
4.902099999999999902e+00 3.186619427359725254e+00
5.001100000000000101e+00 3.199593682323129240e+00
5.102100000000000080e+00 3.212514791529349267e+00
5.205199999999999605e+00 3.225352186323840353e+00
5.310399999999999565e+00 3.238182210362243296e+00
5.417600000000000193e+00 3.250989269037126927e+00
5.527099999999999902e+00 3.263721743362901773e+00
5.638700000000000045e+00 3.276439017929180242e+00
5.752600000000000158e+00 3.289187860683383313e+00
5.868900000000000006e+00 3.301853003596451508e+00
5.987400000000000055e+00 3.314483756647332413e+00
6.108399999999999608e+00 3.327165922913418061e+00
6.231799999999999784e+00 3.339844164879468558e+00
6.357700000000000351e+00 3.352424696801592052e+00
6.486100000000000421e+00 3.365080171768390471e+00
6.617099999999999760e+00 3.377730985949712661e+00
6.750799999999999912e+00 3.390379544448208993e+00
6.887199999999999989e+00 3.403005984387210248e+00
7.026299999999999990e+00 3.415692364634675737e+00
7.168199999999999683e+00 3.428370732442206581e+00
7.312999999999999723e+00 3.441098092291648758e+00
7.460799999999999876e+00 3.453825344997627500e+00
7.611500000000000377e+00 3.466555175114962584e+00
7.765299999999999869e+00 3.479391747632064824e+00
7.922100000000000364e+00 3.492236775405958227e+00
8.082200000000000273e+00 3.505131758474372194e+00
8.245400000000000063e+00 3.518112610720605993e+00
8.412000000000000810e+00 3.531099346649405391e+00
8.581899999999999196e+00 3.544192676050811119e+00
8.755300000000000082e+00 3.557378276553506247e+00
8.932199999999999918e+00 3.570579241678048188e+00
9.112600000000000477e+00 3.583926893321692564e+00
9.296699999999999520e+00 3.597260750460594458e+00
9.484500000000000597e+00 3.610659051053807467e+00
9.676099999999999923e+00 3.624137941621254466e+00
9.871600000000000819e+00 3.637652422804699803e+00
1.007099999999999973e+01 3.651175463892371464e+00
