# # k[h/Mpc], logBoost (P^NLCDM_NL/P^NLCDM_L)
1.000000000000000048e-04 0.000000000000000000e+00
1.020200000000000024e-04 0.000000000000000000e+00
1.040800000000000064e-04 0.000000000000000000e+00
1.061800000000000032e-04 0.000000000000000000e+00
1.083300000000000013e-04 0.000000000000000000e+00
1.105200000000000057e-04 0.000000000000000000e+00
1.127500000000000030e-04 0.000000000000000000e+00
1.150300000000000015e-04 0.000000000000000000e+00
1.173500000000000064e-04 0.000000000000000000e+00
1.197199999999999989e-04 0.000000000000000000e+00
1.221399999999999927e-04 0.000000000000000000e+00
1.246099999999999877e-04 0.000000000000000000e+00
1.271199999999999891e-04 0.000000000000000000e+00
1.296899999999999865e-04 0.000000000000000000e+00
1.323100000000000122e-04 0.000000000000000000e+00
1.349900000000000069e-04 0.000000000000000000e+00
1.377100000000000080e-04 0.000000000000000000e+00
1.404900000000000051e-04 0.000000000000000000e+00
1.433299999999999982e-04 0.000000000000000000e+00
1.462299999999999874e-04 0.000000000000000000e+00
1.491800000000000049e-04 0.000000000000000000e+00
1.522000000000000132e-04 0.000000000000000000e+00
1.552699999999999957e-04 0.000000000000000000e+00
1.584099999999999961e-04 0.000000000000000000e+00
1.616099999999999926e-04 0.000000000000000000e+00
1.648700000000000122e-04 0.000000000000000000e+00
1.681999999999999956e-04 0.000000000000000000e+00
1.715999999999999969e-04 0.000000000000000000e+00
1.750699999999999891e-04 0.000000000000000000e+00
1.786000000000000044e-04 0.000000000000000000e+00
1.822100000000000054e-04 0.000000000000000000e+00
1.858899999999999973e-04 0.000000000000000000e+00
1.896500000000000020e-04 0.000000000000000000e+00
1.934799999999999975e-04 0.000000000000000000e+00
1.973900000000000058e-04 0.000000000000000000e+00
2.013799999999999998e-04 0.000000000000000000e+00
2.054400000000000117e-04 0.000000000000000000e+00
2.095900000000000042e-04 0.000000000000000000e+00
2.138300000000000042e-04 0.000000000000000000e+00
2.181499999999999900e-04 0.000000000000000000e+00
2.225499999999999885e-04 0.000000000000000000e+00
2.270499999999999895e-04 0.000000000000000000e+00
2.316399999999999980e-04 0.000000000000000000e+00
2.363199999999999871e-04 0.000000000000000000e+00
2.410900000000000109e-04 0.000000000000000000e+00
2.459599999999999829e-04 0.000000000000000000e+00
2.509300000000000115e-04 0.000000000000000000e+00
2.559999999999999884e-04 0.000000000000000000e+00
2.611700000000000219e-04 0.000000000000000000e+00
2.664499999999999985e-04 0.000000000000000000e+00
2.718299999999999775e-04 0.000000000000000000e+00
2.773200000000000079e-04 0.000000000000000000e+00
2.829199999999999814e-04 0.000000000000000000e+00
2.886400000000000012e-04 0.000000000000000000e+00
2.944700000000000182e-04 0.000000000000000000e+00
3.004199999999999731e-04 0.000000000000000000e+00
3.064899999999999743e-04 0.000000000000000000e+00
3.126800000000000217e-04 0.000000000000000000e+00
3.189900000000000070e-04 0.000000000000000000e+00
3.254399999999999741e-04 0.000000000000000000e+00
3.320099999999999874e-04 0.000000000000000000e+00
3.387199999999999825e-04 0.000000000000000000e+00
3.455600000000000186e-04 0.000000000000000000e+00
3.525399999999999823e-04 0.000000000000000000e+00
3.596599999999999819e-04 0.000000000000000000e+00
3.669300000000000122e-04 0.000000000000000000e+00
3.743400000000000243e-04 0.000000000000000000e+00
3.819000000000000129e-04 0.000000000000000000e+00
3.896200000000000271e-04 0.000000000000000000e+00
3.974900000000000178e-04 0.000000000000000000e+00
4.055199999999999799e-04 0.000000000000000000e+00
4.137100000000000217e-04 0.000000000000000000e+00
4.220699999999999756e-04 0.000000000000000000e+00
4.306000000000000040e-04 0.000000000000000000e+00
4.392900000000000038e-04 0.000000000000000000e+00
4.481700000000000137e-04 0.000000000000000000e+00
4.572199999999999897e-04 0.000000000000000000e+00
4.664599999999999758e-04 0.000000000000000000e+00
4.758799999999999771e-04 0.000000000000000000e+00
4.854999999999999832e-04 0.000000000000000000e+00
4.952999999999999504e-04 0.000000000000000000e+00
5.053100000000000256e-04 0.000000000000000000e+00
5.155199999999999973e-04 0.000000000000000000e+00
5.259299999999999739e-04 0.000000000000000000e+00
5.365600000000000534e-04 0.000000000000000000e+00
5.473900000000000293e-04 0.000000000000000000e+00
5.584500000000000488e-04 0.000000000000000000e+00
5.697299999999999543e-04 0.000000000000000000e+00
5.812400000000000119e-04 0.000000000000000000e+00
5.929900000000000535e-04 0.000000000000000000e+00
6.049599999999999813e-04 0.000000000000000000e+00
6.171899999999999912e-04 0.000000000000000000e+00
6.296500000000000447e-04 0.000000000000000000e+00
6.423699999999999636e-04 0.000000000000000000e+00
6.553499999999999647e-04 0.000000000000000000e+00
6.685900000000000480e-04 0.000000000000000000e+00
6.821000000000000457e-04 0.000000000000000000e+00
6.958799999999999578e-04 0.000000000000000000e+00
7.099300000000000012e-04 0.000000000000000000e+00
7.242699999999999486e-04 0.000000000000000000e+00
7.389099999999999575e-04 0.000000000000000000e+00
7.538300000000000382e-04 0.000000000000000000e+00
7.690600000000000127e-04 0.000000000000000000e+00
7.845999999999999893e-04 0.000000000000000000e+00
8.004499999999999680e-04 0.000000000000000000e+00
8.166199999999999978e-04 0.000000000000000000e+00
8.331099999999999704e-04 0.000000000000000000e+00
8.499399999999999837e-04 0.000000000000000000e+00
8.671100000000000379e-04 0.000000000000000000e+00
8.846299999999999650e-04 0.000000000000000000e+00
9.024999999999999819e-04 0.000000000000000000e+00
9.207300000000000293e-04 0.000000000000000000e+00
9.393300000000000477e-04 0.000000000000000000e+00
9.583099999999999778e-04 0.000000000000000000e+00
9.776699999999999280e-04 0.000000000000000000e+00
9.974199999999999473e-04 0.000000000000000000e+00
1.017600000000000015e-03 0.000000000000000000e+00
1.038099999999999917e-03 0.000000000000000000e+00
1.059100000000000102e-03 0.000000000000000000e+00
1.080500000000000080e-03 0.000000000000000000e+00
1.102300000000000068e-03 0.000000000000000000e+00
1.124599999999999905e-03 0.000000000000000000e+00
1.147299999999999969e-03 0.000000000000000000e+00
1.170500000000000099e-03 0.000000000000000000e+00
1.194100000000000023e-03 0.000000000000000000e+00
1.218200000000000012e-03 0.000000000000000000e+00
1.242899999999999908e-03 0.000000000000000000e+00
1.268000000000000030e-03 0.000000000000000000e+00
1.293600000000000002e-03 0.000000000000000000e+00
1.319700000000000040e-03 0.000000000000000000e+00
1.346399999999999984e-03 0.000000000000000000e+00
1.373599999999999995e-03 0.000000000000000000e+00
1.401300000000000072e-03 0.000000000000000000e+00
1.429600000000000055e-03 0.000000000000000000e+00
1.458499999999999944e-03 0.000000000000000000e+00
1.487999999999999956e-03 0.000000000000000000e+00
1.518000000000000035e-03 0.000000000000000000e+00
1.548700000000000077e-03 0.000000000000000000e+00
1.580000000000000024e-03 0.000000000000000000e+00
1.611900000000000095e-03 0.000000000000000000e+00
1.644499999999999912e-03 0.000000000000000000e+00
1.677700000000000068e-03 0.000000000000000000e+00
1.711599999999999970e-03 0.000000000000000000e+00
1.746200000000000052e-03 0.000000000000000000e+00
1.781400000000000041e-03 0.000000000000000000e+00
1.817400000000000048e-03 0.000000000000000000e+00
1.854100000000000019e-03 0.000000000000000000e+00
1.891600000000000009e-03 0.000000000000000000e+00
1.929799999999999962e-03 0.000000000000000000e+00
1.968800000000000151e-03 0.000000000000000000e+00
2.008600000000000142e-03 0.000000000000000000e+00
2.049099999999999880e-03 0.000000000000000000e+00
2.090499999999999910e-03 0.000000000000000000e+00
2.132799999999999800e-03 0.000000000000000000e+00
2.175799999999999870e-03 0.000000000000000000e+00
2.219800000000000072e-03 0.000000000000000000e+00
2.264599999999999860e-03 0.000000000000000000e+00
2.310400000000000214e-03 0.000000000000000000e+00
2.357099999999999994e-03 0.000000000000000000e+00
2.404700000000000067e-03 0.000000000000000000e+00
2.453299999999999838e-03 0.000000000000000000e+00
2.502799999999999903e-03 0.000000000000000000e+00
2.553399999999999941e-03 0.000000000000000000e+00
2.605000000000000111e-03 0.000000000000000000e+00
2.657599999999999980e-03 0.000000000000000000e+00
2.711299999999999821e-03 0.000000000000000000e+00
2.765999999999999796e-03 0.000000000000000000e+00
2.821900000000000016e-03 0.000000000000000000e+00
2.878900000000000209e-03 0.000000000000000000e+00
2.937100000000000214e-03 0.000000000000000000e+00
2.996400000000000192e-03 0.000000000000000000e+00
3.056899999999999982e-03 0.000000000000000000e+00
3.118699999999999858e-03 0.000000000000000000e+00
3.181699999999999980e-03 0.000000000000000000e+00
3.246000000000000187e-03 0.000000000000000000e+00
3.311500000000000207e-03 0.000000000000000000e+00
3.378400000000000153e-03 0.000000000000000000e+00
3.446700000000000024e-03 -5.134392730833005082e-05
3.516299999999999981e-03 0.000000000000000000e+00
3.587400000000000137e-03 0.000000000000000000e+00
3.659799999999999946e-03 4.920170238890766865e-05
3.733799999999999793e-03 4.851660481756037477e-05
3.809199999999999999e-03 0.000000000000000000e+00
3.886099999999999971e-03 -4.719095822114130300e-05
3.964600000000000415e-03 -4.654951705711322116e-05
4.044700000000000031e-03 -1.377631853027741038e-04
4.126399999999999686e-03 -9.060843570736673536e-05
4.209799999999999653e-03 -4.469972957404091751e-05
4.294799999999999660e-03 1.323188887144974497e-04
4.381600000000000251e-03 3.046723707491408870e-04
4.470100000000000288e-03 4.295717236040167233e-04
4.560400000000000044e-03 3.816551156306385861e-04
4.652500000000000385e-03 8.374157355321265161e-05
4.746499999999999851e-03 -4.962574023518916610e-04
4.842400000000000176e-03 -1.389059340069339439e-03
4.940199999999999626e-03 -2.300939555879762902e-03
5.040000000000000209e-03 -3.231149469341824520e-03
5.141899999999999596e-03 -3.942134643572906688e-03
5.245699999999999842e-03 -4.402118564140591883e-03
5.351700000000000033e-03 -4.619834973192575751e-03
5.459799999999999896e-03 -4.641791996853101947e-03
5.570099999999999704e-03 -4.550162969449638578e-03
5.682600000000000325e-03 -4.497898035303656006e-03
5.797400000000000296e-03 -4.483818015985231893e-03
5.914499999999999619e-03 -4.542901818198654025e-03
6.034000000000000301e-03 -4.636876804214541160e-03
6.155899999999999740e-03 -4.764622866642425833e-03
6.280299999999999945e-03 -4.889813271438977864e-03
6.407200000000000048e-03 -5.047439138199470883e-03
6.536600000000000049e-03 -5.133074744978229770e-03
6.668600000000000222e-03 -5.251324895899164673e-03
6.803299999999999972e-03 -5.333886118289805391e-03
6.940799999999999574e-03 -5.448511799122489167e-03
7.080999999999999621e-03 -5.528259440757157979e-03
7.224000000000000386e-03 -5.639913956239834582e-03
7.369999999999999815e-03 -5.749849355857980689e-03
7.518900000000000236e-03 -5.858511573824417944e-03
7.670800000000000188e-03 -5.965786304890697590e-03
7.825699999999999670e-03 -6.103461225425830909e-03
7.983799999999999231e-03 -6.208278805837214032e-03
8.145100000000000603e-03 -6.312111876562310174e-03
8.309600000000000319e-03 -6.445964305825642796e-03
8.477500000000000660e-03 -6.578669137366475496e-03
8.648799999999999891e-03 -6.710313782531188154e-03
8.823499999999999746e-03 -6.841188172156493705e-03
9.001699999999999632e-03 -6.971171289524899679e-03
9.183600000000000096e-03 -7.100762191241245976e-03
9.369099999999999998e-03 -7.229835992298826002e-03
9.558300000000000476e-03 -7.358686953552619377e-03
9.751400000000000345e-03 -7.516641846719727439e-03
9.948399999999999604e-03 -7.645341459157324951e-03
1.014900000000000004e-02 -7.803204051242376010e-03
1.035400000000000036e-02 -7.932344967861566093e-03
1.056400000000000047e-02 -8.119124438504241731e-03
1.077700000000000012e-02 -8.249398315346699942e-03
1.099499999999999957e-02 -8.408864695342204224e-03
1.121699999999999954e-02 -8.541297149910039022e-03
1.144300000000000005e-02 -8.702885448123899581e-03
1.167499999999999961e-02 -8.865899492803573992e-03
1.191000000000000045e-02 -9.030473016511631271e-03
1.215100000000000034e-02 -9.196995489462903711e-03
1.239700000000000003e-02 -9.365356110253833868e-03
1.264700000000000026e-02 -9.536218672215048334e-03
1.290200000000000027e-02 -9.709481749440359438e-03
1.316299999999999935e-02 -9.885573543459164753e-03
1.342899999999999996e-02 -1.006494434657635717e-02
1.370000000000000037e-02 -1.024778805976257930e-02
1.397699999999999984e-02 -1.040677610639802533e-02
1.425900000000000084e-02 -1.059717744420640186e-02
1.454699999999999917e-02 -1.076472040858020805e-02
1.484100000000000003e-02 -1.099168196520817521e-02
1.514099999999999994e-02 -1.114141213904641138e-02
1.544700000000000066e-02 -1.135142124155027500e-02
1.575899999999999870e-02 -1.153948994056847900e-02
1.607700000000000101e-02 -1.176126861800565540e-02
1.640199999999999991e-02 -1.193440628004276485e-02
1.673399999999999888e-02 -1.211395120649571590e-02
1.707200000000000037e-02 -1.232861760742493505e-02
1.741600000000000092e-02 -1.252275052886060898e-02
1.776799999999999907e-02 -1.272468044805360327e-02
1.812700000000000075e-02 -1.296330174020547676e-02
1.849299999999999902e-02 -1.315396354271923876e-02
1.886699999999999836e-02 -1.335339917697451334e-02
1.924800000000000122e-02 -1.356207305794338534e-02
1.963700000000000168e-02 -1.378048960959002943e-02
2.003399999999999972e-02 -1.397968343650684078e-02
2.043800000000000130e-02 -1.418924749069590263e-02
2.085100000000000148e-02 -1.440891238594688671e-02
2.127199999999999924e-02 -1.460979371181761986e-02
2.170199999999999907e-02 -1.482184936793670867e-02
2.214100000000000096e-02 -1.501428075551091736e-02
2.258800000000000044e-02 -1.524894177342994706e-02
2.304399999999999851e-02 -1.543289110279818729e-02
2.350999999999999965e-02 -1.565995420509345981e-02
2.398499999999999938e-02 -1.583436431138719735e-02
2.446900000000000117e-02 -1.608525942413558535e-02
2.496400000000000008e-02 -1.628267514821853806e-02
2.546800000000000105e-02 -1.649139474136615199e-02
2.598200000000000162e-02 -1.667761203730413685e-02
2.650699999999999931e-02 -1.687378042198115977e-02
2.704300000000000107e-02 -1.704606822184901241e-02
2.758899999999999894e-02 -1.722723368805315763e-02
2.814600000000000088e-02 -1.741783578075609476e-02
2.871500000000000094e-02 -1.761782723022114333e-02
2.929500000000000159e-02 -1.778886679989331865e-02
2.988700000000000037e-02 -1.796698448383175772e-02
3.048999999999999974e-02 -1.811215746085316491e-02
3.110600000000000170e-02 -1.830273849319331847e-02
3.173499999999999932e-02 -1.841748056244264450e-02
3.237600000000000200e-02 -1.857509318336528908e-02
3.302999999999999686e-02 -1.869292895950699918e-02
3.369699999999999779e-02 -1.880987670214035248e-02
3.437799999999999884e-02 -1.892493381814797440e-02
3.507199999999999901e-02 -1.903785821646967677e-02
3.578100000000000031e-02 -1.910092674001577159e-02
3.650400000000000172e-02 -1.915668211753958697e-02
3.724100000000000327e-02 -1.920550676848912022e-02
3.799299999999999899e-02 -1.929446270974611438e-02
3.876099999999999685e-02 -1.932596165227438295e-02
3.954400000000000276e-02 -1.929549491720937079e-02
4.034299999999999692e-02 -1.930121140229872426e-02
4.115800000000000014e-02 -1.923847718798598477e-02
4.198899999999999855e-02 -1.915684928709403614e-02
4.283800000000000108e-02 -1.916396800352966959e-02
4.370299999999999879e-02 -1.904289170053895947e-02
4.458600000000000063e-02 -1.895979146252698561e-02
4.548599999999999866e-02 -1.874479907012635560e-02
4.640500000000000180e-02 -1.862773198804480029e-02
4.734300000000000314e-02 -1.843616045633168776e-02
4.829900000000000165e-02 -1.822880976168099118e-02
4.927499999999999936e-02 -1.794372220923120057e-02
5.027000000000000218e-02 -1.770286389715605355e-02
5.128599999999999826e-02 -1.738519325858478917e-02
5.232200000000000045e-02 -1.699000494162205416e-02
5.337900000000000283e-02 -1.664554561726143411e-02
5.445699999999999846e-02 -1.622541320027171691e-02
5.555700000000000222e-02 -1.579539078075570258e-02
5.668000000000000121e-02 -1.528906697147331024e-02
5.782500000000000140e-02 -1.477354001918014699e-02
5.899299999999999683e-02 -1.417970515584887625e-02
6.018400000000000138e-02 -1.350464190609671454e-02
6.140000000000000319e-02 -1.281699573335197059e-02
6.264100000000000223e-02 -1.204126149429148550e-02
6.390600000000000447e-02 -1.124533928460632985e-02
6.519700000000000495e-02 -1.035007514420765995e-02
6.651400000000000368e-02 -9.344761550699073188e-03
6.785800000000000165e-02 -8.298802814695065838e-03
6.922899999999999887e-02 -7.121003843008354844e-03
7.062699999999999534e-02 -5.966604813221910303e-03
7.205400000000000693e-02 -4.657915878609785072e-03
7.351000000000000589e-02 -3.175902129533924798e-03
7.499400000000000510e-02 -1.688714164333666263e-03
7.650899999999999368e-02 -9.710151971504120297e-05
7.805499999999999938e-02 1.790510773788293788e-03
7.963199999999999446e-02 3.722224492467639256e-03
8.124099999999999377e-02 5.794109693598639872e-03
8.288199999999999734e-02 7.989688458335884869e-03
8.455600000000000616e-02 1.033210955957859258e-02
8.626399999999999346e-02 1.277132016758335611e-02
8.800700000000000189e-02 1.532073768356059795e-02
8.978500000000000369e-02 1.794028486298046912e-02
9.159799999999999887e-02 2.060923373595379554e-02
9.344900000000000428e-02 2.330704247124452955e-02
9.533700000000000507e-02 2.602585901668894378e-02
9.726300000000000223e-02 2.874964573603610088e-02
9.922699999999999576e-02 3.148356104725174437e-02
1.012300000000000005e-01 3.423991905631388472e-02
1.032799999999999968e-01 3.702635032006231647e-02
1.053599999999999953e-01 3.987405325132536982e-02
1.074900000000000022e-01 4.282442513967160691e-02
1.096599999999999936e-01 4.591237198388606333e-02
1.118799999999999933e-01 4.918082899721216289e-02
1.141400000000000053e-01 5.263430659332675454e-02
1.164400000000000018e-01 5.639377460431701378e-02
1.188000000000000028e-01 6.041830403344277539e-02
1.212000000000000022e-01 6.484885826507824635e-02
1.236499999999999960e-01 6.962701677769872477e-02
1.261400000000000021e-01 7.483913649205628515e-02
1.286899999999999988e-01 8.051809687797563397e-02
1.312899999999999900e-01 8.661903040586776958e-02
1.339400000000000035e-01 9.308151830686323125e-02
1.366499999999999937e-01 9.989176296456311888e-02
1.394100000000000061e-01 1.068967876252295973e-01
1.422299999999999953e-01 1.139283053248245636e-01
1.451000000000000068e-01 1.208260168040913157e-01
1.480299999999999949e-01 1.274600176811677144e-01
1.510199999999999876e-01 1.337791907994133334e-01
1.540700000000000125e-01 1.397270754795292835e-01
1.571799999999999864e-01 1.454654644133002162e-01
1.603600000000000025e-01 1.511269804756878998e-01
1.635999999999999954e-01 1.568429648108555230e-01
1.668999999999999928e-01 1.628944693407062549e-01
1.702799999999999869e-01 1.694903318771657508e-01
1.737100000000000033e-01 1.768653779573950702e-01
1.772199999999999886e-01 1.851231185988471695e-01
1.807999999999999885e-01 1.943887898483432630e-01
1.844600000000000128e-01 2.046041924448814830e-01
1.881799999999999862e-01 2.155946942861660942e-01
1.919800000000000118e-01 2.271115523574170070e-01
1.958600000000000063e-01 2.387231908827938121e-01
1.998199999999999976e-01 2.501157865978060890e-01
2.038600000000000134e-01 2.608576127595835792e-01
2.079699999999999882e-01 2.708338086947322809e-01
2.121800000000000075e-01 2.801526945911800848e-01
2.164600000000000135e-01 2.890416919678205354e-01
2.208299999999999985e-01 2.979466303870911270e-01
2.253000000000000003e-01 3.074502040669732095e-01
2.298499999999999988e-01 3.181181429972079755e-01
2.344900000000000040e-01 3.302291803604915921e-01
2.392299999999999982e-01 3.436784057390290803e-01
2.440599999999999992e-01 3.583158985467064794e-01
2.489899999999999891e-01 3.735954286151006443e-01
2.540200000000000236e-01 3.889848556346809927e-01
2.591499999999999915e-01 4.037896112618782340e-01
2.643900000000000139e-01 4.176259739980600072e-01
2.697300000000000253e-01 4.305967709861084902e-01
2.751799999999999802e-01 4.433178747103060924e-01
2.807399999999999896e-01 4.562711917674415751e-01
2.864099999999999979e-01 4.701928619078575289e-01
2.921900000000000053e-01 4.856288624318826908e-01
2.980999999999999761e-01 5.026434853698740213e-01
3.041200000000000014e-01 5.206751209508057032e-01
3.102599999999999802e-01 5.388640196938419002e-01
3.165299999999999780e-01 5.568153919757705683e-01
3.229199999999999848e-01 5.739667089773944353e-01
3.294500000000000206e-01 5.904664220633891736e-01
3.361000000000000099e-01 6.069839961482108581e-01
3.428899999999999726e-01 6.242249494626135320e-01
3.498200000000000198e-01 6.425790929508468086e-01
3.568899999999999850e-01 6.622495058889923403e-01
3.640900000000000247e-01 6.826658114667215616e-01
3.714500000000000024e-01 7.032203309257590851e-01
3.789500000000000091e-01 7.234376658030573504e-01
3.866100000000000092e-01 7.432247917116441283e-01
3.944199999999999928e-01 7.630417653631793584e-01
4.023900000000000254e-01 7.834110922966458501e-01
4.105199999999999960e-01 8.046204565240746565e-01
4.188100000000000156e-01 8.267082428131546923e-01
4.272699999999999831e-01 8.492456727073131040e-01
4.359000000000000097e-01 8.716888684370658336e-01
4.447099999999999942e-01 8.940517420933450365e-01
4.536899999999999822e-01 9.163556409473844200e-01
4.628599999999999937e-01 9.392761456572322754e-01
4.722100000000000186e-01 9.627507595066303603e-01
4.817400000000000015e-01 9.867068950776975989e-01
4.914799999999999724e-01 1.010831724932756748e+00
5.014100000000000223e-01 1.035096389018679730e+00
5.115300000000000402e-01 1.059419609099064186e+00
5.218699999999999450e-01 1.084042767965722298e+00
5.324100000000000499e-01 1.108999357762795013e+00
5.431700000000000417e-01 1.134270738464314032e+00
5.541399999999999659e-01 1.159810595641440623e+00
5.653299999999999992e-01 1.185578070025987252e+00
5.767499999999999849e-01 1.211560143812935308e+00
5.884000000000000341e-01 1.237685759809556085e+00
6.002899999999999903e-01 1.264001781470952546e+00
6.124199999999999644e-01 1.290459122808542025e+00
6.247899999999999565e-01 1.317079273907338255e+00
6.374100000000000321e-01 1.343849898493122863e+00
6.502900000000000347e-01 1.370803797472692764e+00
6.634200000000000097e-01 1.397848289358426532e+00
6.768300000000000427e-01 1.425059849174108439e+00
6.905000000000000027e-01 1.452409532779227019e+00
7.044500000000000206e-01 1.479840111306207850e+00
7.186799999999999855e-01 1.507403327443381125e+00
7.331999999999999629e-01 1.535044981512949658e+00
7.480099999999999527e-01 1.562814596349758833e+00
7.631200000000000205e-01 1.590636160746764283e+00
7.785400000000000098e-01 1.618465018991376958e+00
7.942599999999999660e-01 1.646420154951967030e+00
8.103099999999999747e-01 1.674332242150411876e+00
8.266799999999999704e-01 1.702282353058630626e+00
8.433800000000000185e-01 1.730221322017660546e+00
8.604100000000000081e-01 1.758162029492992051e+00
8.778000000000000247e-01 1.786185230009873948e+00
8.955300000000000482e-01 1.814093250840876914e+00
9.136199999999999877e-01 1.841943700555403574e+00
9.320800000000000196e-01 1.869771739930498056e+00
9.509100000000000330e-01 1.897533806534658973e+00
9.701100000000000279e-01 1.925243152707604377e+00
9.897099999999999786e-01 1.952869617583553374e+00
1.009700000000000042e+00 1.980396934566897471e+00
1.030100000000000016e+00 2.007835951828766508e+00
1.050899999999999945e+00 2.035159907198652363e+00
1.072100000000000053e+00 2.062373704874124414e+00
1.093800000000000106e+00 2.089466248911290958e+00
1.115899999999999892e+00 2.116422485474288795e+00
1.138400000000000079e+00 2.143228705767392661e+00
1.161399999999999988e+00 2.169916760273788547e+00
1.184900000000000064e+00 2.196416365864115594e+00
1.208800000000000097e+00 2.222755942109630123e+00
1.233300000000000063e+00 2.248929186805807223e+00
1.258199999999999985e+00 2.274934189445590782e+00
1.283600000000000074e+00 2.300750834178570070e+00
1.309500000000000108e+00 2.326386750106639312e+00
1.336000000000000076e+00 2.351805141920336517e+00
1.362999999999999989e+00 2.377020781096601976e+00
1.390500000000000069e+00 2.402057690421487646e+00
1.418600000000000083e+00 2.426890967553836820e+00
1.447200000000000042e+00 2.451496520953670100e+00
1.476499999999999924e+00 2.475851570824353143e+00
1.506299999999999972e+00 2.500039029565134019e+00
1.536699999999999955e+00 2.523947117177791633e+00
1.567800000000000082e+00 2.547637903790256786e+00
1.599399999999999933e+00 2.571063405763363896e+00
1.631799999999999917e+00 2.594274598187429781e+00
1.664700000000000069e+00 2.617262723240693756e+00
1.698399999999999910e+00 2.640023948246950081e+00
1.732699999999999907e+00 2.662473449485453170e+00
1.767700000000000049e+00 2.684768069228922194e+00
1.803399999999999892e+00 2.706724439939145022e+00
1.839800000000000102e+00 2.728507130921444812e+00
1.877000000000000002e+00 2.750002223566985649e+00
1.914900000000000047e+00 2.771226138570725972e+00
1.953600000000000003e+00 2.792224015616889155e+00
1.993000000000000105e+00 2.813012203621006346e+00
2.033300000000000107e+00 2.833501985997894046e+00
2.074399999999999800e+00 2.853803137680083868e+00
2.116299999999999848e+00 2.873832866162645772e+00
2.158999999999999808e+00 2.893547424947425561e+00
2.202599999999999891e+00 2.913117139318182947e+00
2.247100000000000097e+00 2.932351430785058888e+00
2.292499999999999982e+00 2.951499018577165234e+00
2.338799999999999990e+00 2.970252200559177158e+00
2.386099999999999888e+00 2.988811681739739878e+00
2.434299999999999908e+00 3.007186716015709305e+00
2.483499999999999819e+00 3.025264621119008179e+00
2.533599999999999852e+00 3.043186276815114777e+00
2.584799999999999986e+00 3.060821937754937050e+00
2.637000000000000011e+00 3.078233140410952640e+00
2.690300000000000136e+00 3.095459706686860102e+00
2.744699999999999918e+00 3.112479602585997984e+00
2.800100000000000033e+00 3.129249687105185807e+00
2.856700000000000017e+00 3.145856287844751353e+00
2.914400000000000102e+00 3.162162826603668986e+00
2.973300000000000054e+00 3.178329090493715814e+00
3.033300000000000107e+00 3.194304175850382066e+00
3.094599999999999795e+00 3.209995668440776218e+00
3.157099999999999795e+00 3.225603054580016504e+00
3.220899999999999874e+00 3.240918805873740371e+00
3.286000000000000032e+00 3.256077447761386967e+00
3.352300000000000058e+00 3.271050957946448179e+00
3.420100000000000140e+00 3.285835782152330964e+00
3.489199999999999857e+00 3.300429764414944511e+00
3.559600000000000097e+00 3.314837299740145848e+00
3.631600000000000161e+00 3.329092656331636757e+00
3.704899999999999860e+00 3.343134806057828978e+00
3.779799999999999827e+00 3.357031407483126451e+00
3.856100000000000083e+00 3.370728383741723455e+00
3.934000000000000163e+00 3.384265853498955146e+00
4.013499999999999623e+00 3.397660254615510578e+00
4.094599999999999795e+00 3.410867521026527793e+00
4.177299999999999791e+00 3.423913401589564920e+00
4.261700000000000266e+00 3.436850124862168787e+00
4.347800000000000331e+00 3.449571679294287652e+00
4.435599999999999987e+00 3.462172418992578660e+00
4.525199999999999889e+00 3.474615425723656781e+00
4.616600000000000037e+00 3.486862437135225257e+00
4.709900000000000198e+00 3.499045353453654528e+00
4.804999999999999716e+00 3.511024962514116776e+00
4.902099999999999902e+00 3.522899291157706614e+00
5.001100000000000101e+00 3.534648873363779753e+00
5.102100000000000080e+00 3.546170461364476001e+00
5.205199999999999605e+00 3.557660700981260415e+00
5.310399999999999565e+00 3.568953713545192308e+00
5.417600000000000193e+00 3.580116544178540305e+00
5.527099999999999902e+00 3.591274297227614376e+00
5.638700000000000045e+00 3.602188009772794075e+00
5.752600000000000158e+00 3.613016582416536338e+00
5.868900000000000006e+00 3.623678294489713458e+00
5.987400000000000055e+00 3.634280953578068019e+00
6.108399999999999608e+00 3.644741489477571150e+00
6.231799999999999784e+00 3.655095383641397522e+00
6.357700000000000351e+00 3.665340306467255171e+00
6.486100000000000421e+00 3.675450647727388276e+00
6.617099999999999760e+00 3.685479388388290367e+00
6.750799999999999912e+00 3.695392384964305332e+00
6.887199999999999989e+00 3.705200020598161004e+00
7.026299999999999990e+00 3.714918968739206573e+00
7.168199999999999683e+00 3.724517432024044616e+00
7.312999999999999723e+00 3.734038924770023193e+00
7.460799999999999876e+00 3.743469107960400333e+00
7.611500000000000377e+00 3.752757224934117453e+00
7.765299999999999869e+00 3.761965269961957681e+00
7.922100000000000364e+00 3.771121278006792199e+00
8.082200000000000273e+00 3.780135981702306580e+00
8.245400000000000063e+00 3.789103380428782586e+00
8.412000000000000810e+00 3.797961733088606628e+00
8.581899999999999196e+00 3.806774902170117603e+00
8.755300000000000082e+00 3.815424165651672972e+00
8.932199999999999918e+00 3.824074534165199157e+00
9.112600000000000477e+00 3.832619809272139744e+00
9.296699999999999520e+00 3.841084671420015528e+00
9.484500000000000597e+00 3.849497128382205258e+00
9.676099999999999923e+00 3.857823824009643410e+00
9.871600000000000819e+00 3.866104669109133418e+00
1.007099999999999973e+01 3.874316345263306260e+00
