# # k[h/Mpc], logBoost (P^NLCDM_NL/P^NLCDM_L)
1.000000000000000048e-04 0.000000000000000000e+00
1.020200000000000024e-04 0.000000000000000000e+00
1.040800000000000064e-04 0.000000000000000000e+00
1.061800000000000032e-04 0.000000000000000000e+00
1.083300000000000013e-04 0.000000000000000000e+00
1.105200000000000057e-04 0.000000000000000000e+00
1.127500000000000030e-04 0.000000000000000000e+00
1.150300000000000015e-04 0.000000000000000000e+00
1.173500000000000064e-04 0.000000000000000000e+00
1.197199999999999989e-04 0.000000000000000000e+00
1.221399999999999927e-04 0.000000000000000000e+00
1.246099999999999877e-04 0.000000000000000000e+00
1.271199999999999891e-04 0.000000000000000000e+00
1.296899999999999865e-04 0.000000000000000000e+00
1.323100000000000122e-04 0.000000000000000000e+00
1.349900000000000069e-04 0.000000000000000000e+00
1.377100000000000080e-04 0.000000000000000000e+00
1.404900000000000051e-04 0.000000000000000000e+00
1.433299999999999982e-04 0.000000000000000000e+00
1.462299999999999874e-04 0.000000000000000000e+00
1.491800000000000049e-04 0.000000000000000000e+00
1.522000000000000132e-04 0.000000000000000000e+00
1.552699999999999957e-04 0.000000000000000000e+00
1.584099999999999961e-04 0.000000000000000000e+00
1.616099999999999926e-04 0.000000000000000000e+00
1.648700000000000122e-04 0.000000000000000000e+00
1.681999999999999956e-04 0.000000000000000000e+00
1.715999999999999969e-04 0.000000000000000000e+00
1.750699999999999891e-04 0.000000000000000000e+00
1.786000000000000044e-04 0.000000000000000000e+00
1.822100000000000054e-04 0.000000000000000000e+00
1.858899999999999973e-04 0.000000000000000000e+00
1.896500000000000020e-04 0.000000000000000000e+00
1.934799999999999975e-04 0.000000000000000000e+00
1.973900000000000058e-04 0.000000000000000000e+00
2.013799999999999998e-04 0.000000000000000000e+00
2.054400000000000117e-04 0.000000000000000000e+00
2.095900000000000042e-04 0.000000000000000000e+00
2.138300000000000042e-04 0.000000000000000000e+00
2.181499999999999900e-04 0.000000000000000000e+00
2.225499999999999885e-04 0.000000000000000000e+00
2.270499999999999895e-04 0.000000000000000000e+00
2.316399999999999980e-04 0.000000000000000000e+00
2.363199999999999871e-04 0.000000000000000000e+00
2.410900000000000109e-04 0.000000000000000000e+00
2.459599999999999829e-04 0.000000000000000000e+00
2.509300000000000115e-04 0.000000000000000000e+00
2.559999999999999884e-04 0.000000000000000000e+00
2.611700000000000219e-04 0.000000000000000000e+00
2.664499999999999985e-04 0.000000000000000000e+00
2.718299999999999775e-04 0.000000000000000000e+00
2.773200000000000079e-04 0.000000000000000000e+00
2.829199999999999814e-04 0.000000000000000000e+00
2.886400000000000012e-04 0.000000000000000000e+00
2.944700000000000182e-04 0.000000000000000000e+00
3.004199999999999731e-04 0.000000000000000000e+00
3.064899999999999743e-04 0.000000000000000000e+00
3.126800000000000217e-04 0.000000000000000000e+00
3.189900000000000070e-04 0.000000000000000000e+00
3.254399999999999741e-04 0.000000000000000000e+00
3.320099999999999874e-04 0.000000000000000000e+00
3.387199999999999825e-04 0.000000000000000000e+00
3.455600000000000186e-04 0.000000000000000000e+00
3.525399999999999823e-04 0.000000000000000000e+00
3.596599999999999819e-04 0.000000000000000000e+00
3.669300000000000122e-04 0.000000000000000000e+00
3.743400000000000243e-04 0.000000000000000000e+00
3.819000000000000129e-04 0.000000000000000000e+00
3.896200000000000271e-04 0.000000000000000000e+00
3.974900000000000178e-04 0.000000000000000000e+00
4.055199999999999799e-04 0.000000000000000000e+00
4.137100000000000217e-04 0.000000000000000000e+00
4.220699999999999756e-04 0.000000000000000000e+00
4.306000000000000040e-04 0.000000000000000000e+00
4.392900000000000038e-04 0.000000000000000000e+00
4.481700000000000137e-04 0.000000000000000000e+00
4.572199999999999897e-04 0.000000000000000000e+00
4.664599999999999758e-04 0.000000000000000000e+00
4.758799999999999771e-04 0.000000000000000000e+00
4.854999999999999832e-04 0.000000000000000000e+00
4.952999999999999504e-04 0.000000000000000000e+00
5.053100000000000256e-04 0.000000000000000000e+00
5.155199999999999973e-04 0.000000000000000000e+00
5.259299999999999739e-04 0.000000000000000000e+00
5.365600000000000534e-04 0.000000000000000000e+00
5.473900000000000293e-04 0.000000000000000000e+00
5.584500000000000488e-04 0.000000000000000000e+00
5.697299999999999543e-04 0.000000000000000000e+00
5.812400000000000119e-04 0.000000000000000000e+00
5.929900000000000535e-04 0.000000000000000000e+00
6.049599999999999813e-04 0.000000000000000000e+00
6.171899999999999912e-04 0.000000000000000000e+00
6.296500000000000447e-04 0.000000000000000000e+00
6.423699999999999636e-04 0.000000000000000000e+00
6.553499999999999647e-04 0.000000000000000000e+00
6.685900000000000480e-04 0.000000000000000000e+00
6.821000000000000457e-04 0.000000000000000000e+00
6.958799999999999578e-04 0.000000000000000000e+00
7.099300000000000012e-04 0.000000000000000000e+00
7.242699999999999486e-04 0.000000000000000000e+00
7.389099999999999575e-04 0.000000000000000000e+00
7.538300000000000382e-04 0.000000000000000000e+00
7.690600000000000127e-04 0.000000000000000000e+00
7.845999999999999893e-04 0.000000000000000000e+00
8.004499999999999680e-04 0.000000000000000000e+00
8.166199999999999978e-04 0.000000000000000000e+00
8.331099999999999704e-04 0.000000000000000000e+00
8.499399999999999837e-04 0.000000000000000000e+00
8.671100000000000379e-04 0.000000000000000000e+00
8.846299999999999650e-04 0.000000000000000000e+00
9.024999999999999819e-04 0.000000000000000000e+00
9.207300000000000293e-04 0.000000000000000000e+00
9.393300000000000477e-04 0.000000000000000000e+00
9.583099999999999778e-04 0.000000000000000000e+00
9.776699999999999280e-04 0.000000000000000000e+00
9.974199999999999473e-04 0.000000000000000000e+00
1.017600000000000015e-03 0.000000000000000000e+00
1.038099999999999917e-03 0.000000000000000000e+00
1.059100000000000102e-03 0.000000000000000000e+00
1.080500000000000080e-03 0.000000000000000000e+00
1.102300000000000068e-03 0.000000000000000000e+00
1.124599999999999905e-03 0.000000000000000000e+00
1.147299999999999969e-03 0.000000000000000000e+00
1.170500000000000099e-03 0.000000000000000000e+00
1.194100000000000023e-03 0.000000000000000000e+00
1.218200000000000012e-03 0.000000000000000000e+00
1.242899999999999908e-03 0.000000000000000000e+00
1.268000000000000030e-03 0.000000000000000000e+00
1.293600000000000002e-03 0.000000000000000000e+00
1.319700000000000040e-03 0.000000000000000000e+00
1.346399999999999984e-03 0.000000000000000000e+00
1.373599999999999995e-03 0.000000000000000000e+00
1.401300000000000072e-03 0.000000000000000000e+00
1.429600000000000055e-03 0.000000000000000000e+00
1.458499999999999944e-03 0.000000000000000000e+00
1.487999999999999956e-03 0.000000000000000000e+00
1.518000000000000035e-03 0.000000000000000000e+00
1.548700000000000077e-03 0.000000000000000000e+00
1.580000000000000024e-03 0.000000000000000000e+00
1.611900000000000095e-03 0.000000000000000000e+00
1.644499999999999912e-03 0.000000000000000000e+00
1.677700000000000068e-03 0.000000000000000000e+00
1.711599999999999970e-03 0.000000000000000000e+00
1.746200000000000052e-03 0.000000000000000000e+00
1.781400000000000041e-03 0.000000000000000000e+00
1.817400000000000048e-03 0.000000000000000000e+00
1.854100000000000019e-03 0.000000000000000000e+00
1.891600000000000009e-03 0.000000000000000000e+00
1.929799999999999962e-03 0.000000000000000000e+00
1.968800000000000151e-03 0.000000000000000000e+00
2.008600000000000142e-03 0.000000000000000000e+00
2.049099999999999880e-03 0.000000000000000000e+00
2.090499999999999910e-03 0.000000000000000000e+00
2.132799999999999800e-03 0.000000000000000000e+00
2.175799999999999870e-03 0.000000000000000000e+00
2.219800000000000072e-03 0.000000000000000000e+00
2.264599999999999860e-03 0.000000000000000000e+00
2.310400000000000214e-03 0.000000000000000000e+00
2.357099999999999994e-03 0.000000000000000000e+00
2.404700000000000067e-03 0.000000000000000000e+00
2.453299999999999838e-03 0.000000000000000000e+00
2.502799999999999903e-03 0.000000000000000000e+00
2.553399999999999941e-03 0.000000000000000000e+00
2.605000000000000111e-03 0.000000000000000000e+00
2.657599999999999980e-03 0.000000000000000000e+00
2.711299999999999821e-03 0.000000000000000000e+00
2.765999999999999796e-03 0.000000000000000000e+00
2.821900000000000016e-03 0.000000000000000000e+00
2.878900000000000209e-03 0.000000000000000000e+00
2.937100000000000214e-03 0.000000000000000000e+00
2.996400000000000192e-03 0.000000000000000000e+00
3.056899999999999982e-03 0.000000000000000000e+00
3.118699999999999858e-03 0.000000000000000000e+00
3.181699999999999980e-03 0.000000000000000000e+00
3.246000000000000187e-03 0.000000000000000000e+00
3.311500000000000207e-03 0.000000000000000000e+00
3.378400000000000153e-03 0.000000000000000000e+00
3.446700000000000024e-03 0.000000000000000000e+00
3.516299999999999981e-03 0.000000000000000000e+00
3.587400000000000137e-03 0.000000000000000000e+00
3.659799999999999946e-03 0.000000000000000000e+00
3.733799999999999793e-03 6.931207765719316560e-05
3.809199999999999999e-03 0.000000000000000000e+00
3.886099999999999971e-03 0.000000000000000000e+00
3.964600000000000415e-03 -6.615287932816395276e-05
4.044700000000000031e-03 -6.514445785830584633e-05
4.126399999999999686e-03 -1.283202876135519979e-04
4.209799999999999653e-03 -1.263823066453190517e-04
4.294799999999999660e-03 0.000000000000000000e+00
4.381600000000000251e-03 1.226241571126017340e-04
4.470100000000000288e-03 3.019961971430987343e-04
4.560400000000000044e-03 4.760771334860950505e-04
4.652500000000000385e-03 4.691531871179654761e-04
4.746499999999999851e-03 2.312138738624844325e-04
4.842400000000000176e-03 -3.989399648271251052e-04
4.940199999999999626e-03 -1.292752336967121184e-03
5.040000000000000209e-03 -2.384055685230856373e-03
5.141899999999999596e-03 -3.445733165621575785e-03
5.245699999999999842e-03 -4.370707079225725523e-03
5.351700000000000033e-03 -5.004002988924362988e-03
5.459799999999999896e-03 -5.303937864015173531e-03
5.570099999999999704e-03 -5.387776593123435286e-03
5.682600000000000325e-03 -5.264380561490280414e-03
5.797400000000000296e-03 -5.194292926400449067e-03
5.914499999999999619e-03 -5.175685884352309446e-03
6.034000000000000301e-03 -5.206810073644456069e-03
6.155899999999999740e-03 -5.334121851310383126e-03
6.280299999999999945e-03 -5.505962728298067349e-03
6.407200000000000048e-03 -5.626093368855973088e-03
6.536600000000000049e-03 -5.790079679914075621e-03
6.668600000000000222e-03 -5.949790399641977437e-03
6.803299999999999972e-03 -6.014507582679928278e-03
6.940799999999999574e-03 -6.167717920009991445e-03
7.080999999999999621e-03 -6.272960176289266339e-03
7.224000000000000386e-03 -6.376030219317822996e-03
7.369999999999999815e-03 -6.476734731047866823e-03
7.518900000000000236e-03 -6.618556049828180909e-03
7.670800000000000188e-03 -6.714857359773116104e-03
7.825699999999999670e-03 -6.893390333466437730e-03
7.983799999999999231e-03 -7.027202039814421479e-03
8.145100000000000603e-03 -7.158167803611062245e-03
8.309600000000000319e-03 -7.287267373864907832e-03
8.477500000000000660e-03 -7.454451765313265844e-03
8.648799999999999891e-03 -7.579118014829815467e-03
8.823499999999999746e-03 -7.741260666242593888e-03
9.001699999999999632e-03 -7.862198485701328912e-03
9.183600000000000096e-03 -8.020345594503352701e-03
9.369099999999999998e-03 -8.176472108770852301e-03
9.558300000000000476e-03 -8.330687051557268685e-03
9.751400000000000345e-03 -8.483414059921581471e-03
9.948399999999999604e-03 -8.671978990284816280e-03
1.014900000000000004e-02 -8.821733329147875627e-03
1.035400000000000036e-02 -8.970318596828270527e-03
1.056400000000000047e-02 -9.154800876495493636e-03
1.077700000000000012e-02 -9.338082261122414643e-03
1.099499999999999957e-02 -9.520288895108131727e-03
1.121699999999999954e-02 -9.666046404256875557e-03
1.144300000000000005e-02 -9.812161400804257638e-03
1.167499999999999961e-02 -1.002876255530225393e-02
1.191000000000000045e-02 -1.020987890006484246e-02
1.215100000000000034e-02 -1.039159958398971559e-02
1.239700000000000003e-02 -1.060807100489088127e-02
1.264700000000000026e-02 -1.079085353127918687e-02
1.290200000000000027e-02 -1.097465672391651284e-02
1.316299999999999935e-02 -1.115999470028585829e-02
1.342899999999999996e-02 -1.134701489984736751e-02
1.370000000000000037e-02 -1.156979158277274961e-02
1.397699999999999984e-02 -1.176128346218632825e-02
1.425900000000000084e-02 -1.195533553769207759e-02
1.454699999999999917e-02 -1.215252160819762887e-02
1.484100000000000003e-02 -1.235302970979699003e-02
1.514099999999999994e-02 -1.259048273681070973e-02
1.544700000000000066e-02 -1.279900757170596148e-02
1.575899999999999870e-02 -1.301192063467571623e-02
1.607700000000000101e-02 -1.322945607663888329e-02
1.640199999999999991e-02 -1.341947092258501117e-02
1.673399999999999888e-02 -1.364836704764561641e-02
1.707200000000000037e-02 -1.385031643953191748e-02
1.741600000000000092e-02 -1.409219483691962448e-02
1.776799999999999907e-02 -1.430772238086924601e-02
1.812700000000000075e-02 -1.453099250036486538e-02
1.849299999999999902e-02 -1.476188785039015024e-02
1.886699999999999836e-02 -1.496819345124419942e-02
1.924800000000000122e-02 -1.521641264647815087e-02
1.963700000000000168e-02 -1.544069344810327857e-02
2.003399999999999972e-02 -1.567456627937580810e-02
2.043800000000000130e-02 -1.588490836288245639e-02
2.085100000000000148e-02 -1.613981713563164902e-02
2.127199999999999924e-02 -1.633737852976485661e-02
2.170199999999999907e-02 -1.658058356419951293e-02
2.214100000000000096e-02 -1.680070063438382846e-02
2.258800000000000044e-02 -1.703285035929772567e-02
2.304399999999999851e-02 -1.727706750473786967e-02
2.350999999999999965e-02 -1.749875713634039057e-02
2.398499999999999938e-02 -1.769767091602801948e-02
2.446900000000000117e-02 -1.794469133862125823e-02
2.496400000000000008e-02 -1.816899796975824169e-02
2.546800000000000105e-02 -1.840622281023739093e-02
2.598200000000000162e-02 -1.862000034684374583e-02
2.650699999999999931e-02 -1.884594596102519629e-02
2.704300000000000107e-02 -1.904673199959032795e-02
2.758899999999999894e-02 -1.929870804204229795e-02
2.814600000000000088e-02 -1.948472150375046494e-02
2.871500000000000094e-02 -1.972261148311104870e-02
2.929500000000000159e-02 -1.989105564314977773e-02
2.988700000000000037e-02 -2.011029160828170861e-02
3.048999999999999974e-02 -2.029910451463422597e-02
3.110600000000000170e-02 -2.049565748672927193e-02
3.173499999999999932e-02 -2.065849862538463727e-02
3.237600000000000200e-02 -2.087116336435110645e-02
3.302999999999999686e-02 -2.104682349454741613e-02
3.369699999999999779e-02 -2.122758737872323942e-02
3.437799999999999884e-02 -2.136497450444047735e-02
3.507199999999999901e-02 -2.150418118963972128e-02
3.578100000000000031e-02 -2.164317184302983615e-02
3.650400000000000172e-02 -2.173151199280437540e-02
3.724100000000000327e-02 -2.186556782009001568e-02
3.799299999999999899e-02 -2.199664916936300285e-02
3.876099999999999685e-02 -2.207255198493449783e-02
3.954400000000000276e-02 -2.214074046766285886e-02
4.034299999999999692e-02 -2.214818207473067541e-02
4.115800000000000014e-02 -2.219613196975006933e-02
4.198899999999999855e-02 -2.217556153651703554e-02
4.283800000000000108e-02 -2.219339444630344035e-02
4.370299999999999879e-02 -2.213694721604816951e-02
4.458600000000000063e-02 -2.200416243288191853e-02
4.548599999999999866e-02 -2.190846817477488592e-02
4.640500000000000180e-02 -2.173613422980751747e-02
4.734300000000000314e-02 -2.154481898677591475e-02
4.829900000000000165e-02 -2.133543562978947733e-02
4.927499999999999936e-02 -2.104824122582212367e-02
5.027000000000000218e-02 -2.074350865773361141e-02
5.128599999999999826e-02 -2.042105458193715223e-02
5.232200000000000045e-02 -1.995617545459575648e-02
5.337900000000000283e-02 -1.953789655634036171e-02
5.445699999999999846e-02 -1.904200509374300715e-02
5.555700000000000222e-02 -1.839978311884165121e-02
5.668000000000000121e-02 -1.781014647297339895e-02
5.782500000000000140e-02 -1.714270073297831029e-02
5.899299999999999683e-02 -1.639659824802015137e-02
6.018400000000000138e-02 -1.564092932299632199e-02
6.140000000000000319e-02 -1.480577363728850099e-02
6.264100000000000223e-02 -1.388812799297277356e-02
6.390600000000000447e-02 -1.295541367742269502e-02
6.519700000000000495e-02 -1.200600072942888813e-02
6.651400000000000368e-02 -1.096248720344467770e-02
6.785800000000000165e-02 -9.967744693461675839e-03
6.922899999999999887e-02 -8.865444176217169431e-03
7.062699999999999534e-02 -7.723275780260381411e-03
7.205400000000000693e-02 -6.532768619432453676e-03
7.351000000000000589e-02 -5.285468909340528855e-03
7.499400000000000510e-02 -4.057851456286310290e-03
7.650899999999999368e-02 -2.758376976968443962e-03
7.805499999999999938e-02 -1.285583280824491347e-03
7.963199999999999446e-02 9.487215983579062178e-05
8.124099999999999377e-02 1.667893445276425043e-03
8.288199999999999734e-02 3.258836505894375200e-03
8.455600000000000616e-02 4.980676066339431197e-03
8.626399999999999346e-02 6.839771126048054505e-03
8.800700000000000189e-02 8.828366409373478510e-03
8.978500000000000369e-02 1.096830915310634605e-02
9.159799999999999887e-02 1.326761035112872418e-02
9.344900000000000428e-02 1.573048123479653740e-02
9.533700000000000507e-02 1.835960116276926998e-02
9.726300000000000223e-02 2.112882608108498581e-02
9.922699999999999576e-02 2.408956413277006312e-02
1.012300000000000005e-01 2.722166288953320468e-02
1.032799999999999968e-01 3.050536970615439977e-02
1.053599999999999953e-01 3.394361565594671004e-02
1.074900000000000022e-01 3.756111077751565080e-02
1.096599999999999936e-01 4.130836902885409029e-02
1.118799999999999933e-01 4.521560597879308030e-02
1.141400000000000053e-01 4.926568115944839760e-02
1.164400000000000018e-01 5.342019401432667597e-02
1.188000000000000028e-01 5.770611977996666780e-02
1.212000000000000022e-01 6.209233891243731707e-02
1.236499999999999960e-01 6.658929521807249730e-02
1.261400000000000021e-01 7.119300528736005607e-02
1.286899999999999988e-01 7.595247868824321624e-02
1.312899999999999900e-01 8.090928437142258511e-02
1.339400000000000035e-01 8.604760386221853297e-02
1.366499999999999937e-01 9.146572733901001118e-02
1.394100000000000061e-01 9.718939439157180116e-02
1.422299999999999953e-01 1.032197769877845894e-01
1.451000000000000068e-01 1.095358870683069558e-01
1.480299999999999949e-01 1.160612784148908616e-01
1.510199999999999876e-01 1.227588583186755566e-01
1.540700000000000125e-01 1.295464318884059773e-01
1.571799999999999864e-01 1.363613639860954962e-01
1.603600000000000025e-01 1.432024644933597990e-01
1.635999999999999954e-01 1.500675128732726626e-01
1.668999999999999928e-01 1.569880815486160430e-01
1.702799999999999869e-01 1.640299375605403787e-01
1.737100000000000033e-01 1.713115701239885658e-01
1.772199999999999886e-01 1.788877755815483916e-01
1.807999999999999885e-01 1.868630178645699358e-01
1.844600000000000128e-01 1.953212993312776202e-01
1.881799999999999862e-01 2.043212020470890899e-01
1.919800000000000118e-01 2.139268962092856774e-01
1.958600000000000063e-01 2.240667985316429911e-01
1.998199999999999976e-01 2.346603873673190344e-01
2.038600000000000134e-01 2.455407847656453924e-01
2.079699999999999882e-01 2.563985264829780619e-01
2.121800000000000075e-01 2.669810469477942871e-01
2.164600000000000135e-01 2.771877802389067225e-01
2.208299999999999985e-01 2.870104548741959638e-01
2.253000000000000003e-01 2.966861294390759074e-01
2.298499999999999988e-01 3.064224720654817880e-01
2.344900000000000040e-01 3.166069925140325148e-01
2.392299999999999982e-01 3.275810938311540799e-01
2.440599999999999992e-01 3.395565932433720624e-01
2.489899999999999891e-01 3.526304490422259574e-01
2.540200000000000236e-01 3.665511587288568518e-01
2.591499999999999915e-01 3.810128651669246191e-01
2.643900000000000139e-01 3.955643378279992683e-01
2.697300000000000253e-01 4.098151233330302734e-01
2.751799999999999802e-01 4.232454589899635189e-01
2.807399999999999896e-01 4.361096207175834127e-01
2.864099999999999979e-01 4.487285642784042961e-01
2.921900000000000053e-01 4.616962367149101132e-01
2.980999999999999761e-01 4.755179749301570724e-01
3.041200000000000014e-01 4.905945975970817940e-01
3.102599999999999802e-01 5.069946948300498857e-01
3.165299999999999780e-01 5.241822490698203607e-01
3.229199999999999848e-01 5.416020524654906465e-01
3.294500000000000206e-01 5.587047921540985174e-01
3.361000000000000099e-01 5.751158166833311158e-01
3.428899999999999726e-01 5.910614503712140477e-01
3.498200000000000198e-01 6.069079886892561060e-01
3.568899999999999850e-01 6.234903131878322124e-01
3.640900000000000247e-01 6.412393659177826333e-01
3.714500000000000024e-01 6.600829559882080977e-01
3.789500000000000091e-01 6.796896752853934798e-01
3.866100000000000092e-01 6.993068426026269879e-01
3.944199999999999928e-01 7.186041230308833905e-01
4.023900000000000254e-01 7.374333057469210084e-01
4.105199999999999960e-01 7.563020944631876352e-01
4.188100000000000156e-01 7.757453106674567778e-01
4.272699999999999831e-01 7.961315777363241475e-01
4.359000000000000097e-01 8.172986604519735243e-01
4.447099999999999942e-01 8.388123041621696752e-01
4.536899999999999822e-01 8.602806187563691864e-01
4.628599999999999937e-01 8.814987508334561905e-01
4.722100000000000186e-01 9.028798135742482911e-01
4.817400000000000015e-01 9.246738869777996195e-01
4.914799999999999724e-01 9.471367337022168487e-01
5.014100000000000223e-01 9.700728878892821427e-01
5.115300000000000402e-01 9.931945523797780506e-01
5.218699999999999450e-01 1.016208661546791570e+00
5.324100000000000499e-01 1.039457962110095224e+00
5.431700000000000417e-01 1.062932906505285269e+00
5.541399999999999659e-01 1.086784052460810113e+00
5.653299999999999992e-01 1.110953551305479570e+00
5.767499999999999849e-01 1.135309295525170015e+00
5.884000000000000341e-01 1.159891126487117896e+00
6.002899999999999903e-01 1.184737224866190264e+00
6.124199999999999644e-01 1.209594063555076371e+00
6.247899999999999565e-01 1.234652202707908986e+00
6.374100000000000321e-01 1.259832836483181895e+00
6.502900000000000347e-01 1.285152721704651446e+00
6.634200000000000097e-01 1.310639678531018371e+00
6.768300000000000427e-01 1.336199072175632496e+00
6.905000000000000027e-01 1.361882540090386451e+00
7.044500000000000206e-01 1.387676561671235209e+00
7.186799999999999855e-01 1.413547024812073838e+00
7.331999999999999629e-01 1.439541360985365337e+00
7.480099999999999527e-01 1.465581653664618456e+00
7.631200000000000205e-01 1.491683663131940119e+00
7.785400000000000098e-01 1.517803279991383647e+00
7.942599999999999660e-01 1.543975113379995268e+00
8.103099999999999747e-01 1.570145968778644985e+00
8.266799999999999704e-01 1.596310271941479675e+00
8.433800000000000185e-01 1.622424518233781088e+00
8.604100000000000081e-01 1.648524732352596889e+00
8.778000000000000247e-01 1.674587243136233194e+00
8.955300000000000482e-01 1.700527744745068404e+00
9.136199999999999877e-01 1.726378290861650511e+00
9.320800000000000196e-01 1.752130975618118036e+00
9.509100000000000330e-01 1.777766022875935326e+00
9.701100000000000279e-01 1.803280333984229378e+00
9.897099999999999786e-01 1.828752724887990677e+00
1.009700000000000042e+00 1.853989876033006023e+00
1.030100000000000016e+00 1.879053305631588566e+00
1.050899999999999945e+00 1.903969435834745427e+00
1.072100000000000053e+00 1.928695610372063163e+00
1.093800000000000106e+00 1.953234026412759228e+00
1.115899999999999892e+00 1.977566586249969616e+00
1.138400000000000079e+00 2.001691433227451355e+00
1.161399999999999988e+00 2.025603980226273748e+00
1.184900000000000064e+00 2.049289747821861685e+00
1.208800000000000097e+00 2.072718169815647382e+00
1.233300000000000063e+00 2.095931360450876024e+00
1.258199999999999985e+00 2.118888338358530632e+00
1.283600000000000074e+00 2.141591202456864185e+00
1.309500000000000108e+00 2.164005764332721071e+00
1.336000000000000076e+00 2.186176092396903137e+00
1.362999999999999989e+00 2.208060728876281686e+00
1.390500000000000069e+00 2.229676980438076495e+00
1.418600000000000083e+00 2.251004969815490142e+00
1.447200000000000042e+00 2.272029069517060851e+00
1.476499999999999924e+00 2.292805176204059769e+00
1.506299999999999972e+00 2.313258770689487154e+00
1.536699999999999955e+00 2.333432513943038078e+00
1.567800000000000082e+00 2.353328929630230437e+00
1.599399999999999933e+00 2.372903449630259232e+00
1.631799999999999917e+00 2.392191525110428429e+00
1.664700000000000069e+00 2.411178842261658684e+00
1.698399999999999910e+00 2.429859095497702182e+00
1.732699999999999907e+00 2.448256320560818100e+00
1.767700000000000049e+00 2.466367981733203152e+00
1.803399999999999892e+00 2.484170107372078107e+00
1.839800000000000102e+00 2.501665742830549988e+00
1.877000000000000002e+00 2.518908713858473813e+00
1.914900000000000047e+00 2.535844840587074600e+00
1.953600000000000003e+00 2.552534294111886926e+00
1.993000000000000105e+00 2.568937398639492109e+00
2.033300000000000107e+00 2.585038055136040569e+00
2.074399999999999800e+00 2.600882037339053987e+00
2.116299999999999848e+00 2.616477339943721780e+00
2.158999999999999808e+00 2.631823014390615167e+00
2.202599999999999891e+00 2.646856290845498449e+00
2.247100000000000097e+00 2.661778817989731927e+00
2.292499999999999982e+00 2.676322879672804689e+00
2.338799999999999990e+00 2.690661882021958107e+00
2.386099999999999888e+00 2.704798091757902867e+00
2.434299999999999908e+00 2.718692373198355217e+00
2.483499999999999819e+00 2.732351657700174297e+00
2.533599999999999852e+00 2.745841714584698945e+00
2.584799999999999986e+00 2.759133177047745633e+00
2.637000000000000011e+00 2.772170287501447561e+00
2.690300000000000136e+00 2.784983498754587394e+00
2.744699999999999918e+00 2.797694643370857825e+00
2.800100000000000033e+00 2.810209386067700432e+00
2.856700000000000017e+00 2.822494907725023428e+00
2.914400000000000102e+00 2.834623828208250540e+00
2.973300000000000054e+00 2.846574516502544672e+00
3.033300000000000107e+00 2.858440230551149153e+00
3.094599999999999795e+00 2.870095563132696537e+00
3.157099999999999795e+00 2.881559703033218511e+00
3.220899999999999874e+00 2.892949018240059011e+00
3.286000000000000032e+00 2.904187875446308187e+00
3.352300000000000058e+00 2.915222031027744354e+00
3.420100000000000140e+00 2.926178464272495727e+00
3.489199999999999857e+00 2.937071566098997444e+00
3.559600000000000097e+00 2.947756293556409890e+00
3.631600000000000161e+00 2.958446846931428897e+00
3.704899999999999860e+00 2.968905376765926363e+00
3.779799999999999827e+00 2.979380335254937950e+00
3.856100000000000083e+00 2.989697835923784464e+00
3.934000000000000163e+00 2.999934260043390477e+00
4.013499999999999623e+00 3.010103051548165709e+00
4.094599999999999795e+00 3.020175770297712337e+00
4.177299999999999791e+00 3.030197361408630830e+00
4.261700000000000266e+00 3.040145807145979706e+00
4.347800000000000331e+00 3.050012853270943847e+00
4.435599999999999987e+00 3.059863545653150219e+00
4.525199999999999889e+00 3.069612516044939898e+00
4.616600000000000037e+00 3.079352465042280773e+00
4.709900000000000198e+00 3.089013130971164145e+00
4.804999999999999716e+00 3.098671914641888403e+00
4.902099999999999902e+00 3.108296238628429187e+00
5.001100000000000101e+00 3.117850100794524071e+00
5.102100000000000080e+00 3.127435823607557008e+00
5.205199999999999605e+00 3.136963142746953093e+00
5.310399999999999565e+00 3.146488227253671610e+00
5.417600000000000193e+00 3.155987221465661463e+00
5.527099999999999902e+00 3.165477380826815956e+00
5.638700000000000045e+00 3.174990433314311300e+00
5.752600000000000158e+00 3.184480392138898441e+00
5.868900000000000006e+00 3.193952784424790803e+00
5.987400000000000055e+00 3.203454023043978971e+00
6.108399999999999608e+00 3.212967330889806572e+00
6.231799999999999784e+00 3.222514922763405565e+00
6.357700000000000351e+00 3.232027296637419500e+00
6.486100000000000421e+00 3.241603739186969424e+00
6.617099999999999760e+00 3.251162203665820982e+00
6.750799999999999912e+00 3.260738968046320352e+00
6.887199999999999989e+00 3.270381844034282004e+00
7.026299999999999990e+00 3.280094926669733013e+00
7.168199999999999683e+00 3.289812751400948088e+00
7.312999999999999723e+00 3.299566074735645671e+00
7.460799999999999876e+00 3.309384075846654394e+00
7.611500000000000377e+00 3.319252354964328688e+00
7.765299999999999869e+00 3.329168891470763558e+00
7.922100000000000364e+00 3.339142033949160204e+00
8.082200000000000273e+00 3.349197364178980063e+00
8.245400000000000063e+00 3.359320124136464969e+00
8.412000000000000810e+00 3.369438187362955084e+00
8.581899999999999196e+00 3.379665152403654282e+00
8.755300000000000082e+00 3.389972666168796778e+00
8.932199999999999918e+00 3.400282663442356856e+00
9.112600000000000477e+00 3.410649703872821625e+00
9.296699999999999520e+00 3.421079646109751238e+00
9.484500000000000597e+00 3.431602740622749170e+00
9.676099999999999923e+00 3.442128691991687361e+00
9.871600000000000819e+00 3.452715985712934366e+00
1.007099999999999973e+01 3.463364074664492254e+00
