# # k[h/Mpc], logBoost (P^NLCDM_NL/P^NLCDM_L)
1.000000000000000048e-04 0.000000000000000000e+00
1.020200000000000024e-04 0.000000000000000000e+00
1.040800000000000064e-04 0.000000000000000000e+00
1.061800000000000032e-04 0.000000000000000000e+00
1.083300000000000013e-04 0.000000000000000000e+00
1.105200000000000057e-04 0.000000000000000000e+00
1.127500000000000030e-04 0.000000000000000000e+00
1.150300000000000015e-04 0.000000000000000000e+00
1.173500000000000064e-04 0.000000000000000000e+00
1.197199999999999989e-04 0.000000000000000000e+00
1.221399999999999927e-04 0.000000000000000000e+00
1.246099999999999877e-04 0.000000000000000000e+00
1.271199999999999891e-04 0.000000000000000000e+00
1.296899999999999865e-04 0.000000000000000000e+00
1.323100000000000122e-04 0.000000000000000000e+00
1.349900000000000069e-04 0.000000000000000000e+00
1.377100000000000080e-04 0.000000000000000000e+00
1.404900000000000051e-04 0.000000000000000000e+00
1.433299999999999982e-04 0.000000000000000000e+00
1.462299999999999874e-04 0.000000000000000000e+00
1.491800000000000049e-04 0.000000000000000000e+00
1.522000000000000132e-04 0.000000000000000000e+00
1.552699999999999957e-04 0.000000000000000000e+00
1.584099999999999961e-04 0.000000000000000000e+00
1.616099999999999926e-04 0.000000000000000000e+00
1.648700000000000122e-04 0.000000000000000000e+00
1.681999999999999956e-04 0.000000000000000000e+00
1.715999999999999969e-04 0.000000000000000000e+00
1.750699999999999891e-04 0.000000000000000000e+00
1.786000000000000044e-04 0.000000000000000000e+00
1.822100000000000054e-04 0.000000000000000000e+00
1.858899999999999973e-04 0.000000000000000000e+00
1.896500000000000020e-04 0.000000000000000000e+00
1.934799999999999975e-04 0.000000000000000000e+00
1.973900000000000058e-04 0.000000000000000000e+00
2.013799999999999998e-04 0.000000000000000000e+00
2.054400000000000117e-04 0.000000000000000000e+00
2.095900000000000042e-04 0.000000000000000000e+00
2.138300000000000042e-04 0.000000000000000000e+00
2.181499999999999900e-04 0.000000000000000000e+00
2.225499999999999885e-04 0.000000000000000000e+00
2.270499999999999895e-04 0.000000000000000000e+00
2.316399999999999980e-04 0.000000000000000000e+00
2.363199999999999871e-04 0.000000000000000000e+00
2.410900000000000109e-04 0.000000000000000000e+00
2.459599999999999829e-04 0.000000000000000000e+00
2.509300000000000115e-04 0.000000000000000000e+00
2.559999999999999884e-04 0.000000000000000000e+00
2.611700000000000219e-04 0.000000000000000000e+00
2.664499999999999985e-04 0.000000000000000000e+00
2.718299999999999775e-04 0.000000000000000000e+00
2.773200000000000079e-04 0.000000000000000000e+00
2.829199999999999814e-04 0.000000000000000000e+00
2.886400000000000012e-04 0.000000000000000000e+00
2.944700000000000182e-04 0.000000000000000000e+00
3.004199999999999731e-04 0.000000000000000000e+00
3.064899999999999743e-04 0.000000000000000000e+00
3.126800000000000217e-04 0.000000000000000000e+00
3.189900000000000070e-04 0.000000000000000000e+00
3.254399999999999741e-04 0.000000000000000000e+00
3.320099999999999874e-04 0.000000000000000000e+00
3.387199999999999825e-04 0.000000000000000000e+00
3.455600000000000186e-04 0.000000000000000000e+00
3.525399999999999823e-04 0.000000000000000000e+00
3.596599999999999819e-04 0.000000000000000000e+00
3.669300000000000122e-04 0.000000000000000000e+00
3.743400000000000243e-04 0.000000000000000000e+00
3.819000000000000129e-04 0.000000000000000000e+00
3.896200000000000271e-04 0.000000000000000000e+00
3.974900000000000178e-04 0.000000000000000000e+00
4.055199999999999799e-04 0.000000000000000000e+00
4.137100000000000217e-04 0.000000000000000000e+00
4.220699999999999756e-04 0.000000000000000000e+00
4.306000000000000040e-04 0.000000000000000000e+00
4.392900000000000038e-04 0.000000000000000000e+00
4.481700000000000137e-04 0.000000000000000000e+00
4.572199999999999897e-04 0.000000000000000000e+00
4.664599999999999758e-04 0.000000000000000000e+00
4.758799999999999771e-04 0.000000000000000000e+00
4.854999999999999832e-04 0.000000000000000000e+00
4.952999999999999504e-04 0.000000000000000000e+00
5.053100000000000256e-04 0.000000000000000000e+00
5.155199999999999973e-04 0.000000000000000000e+00
5.259299999999999739e-04 0.000000000000000000e+00
5.365600000000000534e-04 0.000000000000000000e+00
5.473900000000000293e-04 0.000000000000000000e+00
5.584500000000000488e-04 0.000000000000000000e+00
5.697299999999999543e-04 0.000000000000000000e+00
5.812400000000000119e-04 0.000000000000000000e+00
5.929900000000000535e-04 0.000000000000000000e+00
6.049599999999999813e-04 0.000000000000000000e+00
6.171899999999999912e-04 0.000000000000000000e+00
6.296500000000000447e-04 0.000000000000000000e+00
6.423699999999999636e-04 0.000000000000000000e+00
6.553499999999999647e-04 0.000000000000000000e+00
6.685900000000000480e-04 0.000000000000000000e+00
6.821000000000000457e-04 0.000000000000000000e+00
6.958799999999999578e-04 0.000000000000000000e+00
7.099300000000000012e-04 0.000000000000000000e+00
7.242699999999999486e-04 0.000000000000000000e+00
7.389099999999999575e-04 0.000000000000000000e+00
7.538300000000000382e-04 0.000000000000000000e+00
7.690600000000000127e-04 0.000000000000000000e+00
7.845999999999999893e-04 0.000000000000000000e+00
8.004499999999999680e-04 0.000000000000000000e+00
8.166199999999999978e-04 0.000000000000000000e+00
8.331099999999999704e-04 0.000000000000000000e+00
8.499399999999999837e-04 0.000000000000000000e+00
8.671100000000000379e-04 0.000000000000000000e+00
8.846299999999999650e-04 0.000000000000000000e+00
9.024999999999999819e-04 0.000000000000000000e+00
9.207300000000000293e-04 0.000000000000000000e+00
9.393300000000000477e-04 0.000000000000000000e+00
9.583099999999999778e-04 0.000000000000000000e+00
9.776699999999999280e-04 0.000000000000000000e+00
9.974199999999999473e-04 0.000000000000000000e+00
1.017600000000000015e-03 0.000000000000000000e+00
1.038099999999999917e-03 0.000000000000000000e+00
1.059100000000000102e-03 0.000000000000000000e+00
1.080500000000000080e-03 0.000000000000000000e+00
1.102300000000000068e-03 0.000000000000000000e+00
1.124599999999999905e-03 0.000000000000000000e+00
1.147299999999999969e-03 0.000000000000000000e+00
1.170500000000000099e-03 0.000000000000000000e+00
1.194100000000000023e-03 0.000000000000000000e+00
1.218200000000000012e-03 0.000000000000000000e+00
1.242899999999999908e-03 0.000000000000000000e+00
1.268000000000000030e-03 0.000000000000000000e+00
1.293600000000000002e-03 0.000000000000000000e+00
1.319700000000000040e-03 0.000000000000000000e+00
1.346399999999999984e-03 0.000000000000000000e+00
1.373599999999999995e-03 0.000000000000000000e+00
1.401300000000000072e-03 0.000000000000000000e+00
1.429600000000000055e-03 0.000000000000000000e+00
1.458499999999999944e-03 0.000000000000000000e+00
1.487999999999999956e-03 0.000000000000000000e+00
1.518000000000000035e-03 0.000000000000000000e+00
1.548700000000000077e-03 0.000000000000000000e+00
1.580000000000000024e-03 0.000000000000000000e+00
1.611900000000000095e-03 0.000000000000000000e+00
1.644499999999999912e-03 0.000000000000000000e+00
1.677700000000000068e-03 0.000000000000000000e+00
1.711599999999999970e-03 0.000000000000000000e+00
1.746200000000000052e-03 0.000000000000000000e+00
1.781400000000000041e-03 0.000000000000000000e+00
1.817400000000000048e-03 0.000000000000000000e+00
1.854100000000000019e-03 0.000000000000000000e+00
1.891600000000000009e-03 0.000000000000000000e+00
1.929799999999999962e-03 0.000000000000000000e+00
1.968800000000000151e-03 0.000000000000000000e+00
2.008600000000000142e-03 0.000000000000000000e+00
2.049099999999999880e-03 0.000000000000000000e+00
2.090499999999999910e-03 0.000000000000000000e+00
2.132799999999999800e-03 0.000000000000000000e+00
2.175799999999999870e-03 0.000000000000000000e+00
2.219800000000000072e-03 0.000000000000000000e+00
2.264599999999999860e-03 0.000000000000000000e+00
2.310400000000000214e-03 0.000000000000000000e+00
2.357099999999999994e-03 0.000000000000000000e+00
2.404700000000000067e-03 0.000000000000000000e+00
2.453299999999999838e-03 0.000000000000000000e+00
2.502799999999999903e-03 0.000000000000000000e+00
2.553399999999999941e-03 0.000000000000000000e+00
2.605000000000000111e-03 0.000000000000000000e+00
2.657599999999999980e-03 0.000000000000000000e+00
2.711299999999999821e-03 0.000000000000000000e+00
2.765999999999999796e-03 0.000000000000000000e+00
2.821900000000000016e-03 0.000000000000000000e+00
2.878900000000000209e-03 0.000000000000000000e+00
2.937100000000000214e-03 0.000000000000000000e+00
2.996400000000000192e-03 0.000000000000000000e+00
3.056899999999999982e-03 0.000000000000000000e+00
3.118699999999999858e-03 0.000000000000000000e+00
3.181699999999999980e-03 0.000000000000000000e+00
3.246000000000000187e-03 0.000000000000000000e+00
3.311500000000000207e-03 0.000000000000000000e+00
3.378400000000000153e-03 0.000000000000000000e+00
3.446700000000000024e-03 0.000000000000000000e+00
3.516299999999999981e-03 0.000000000000000000e+00
3.587400000000000137e-03 0.000000000000000000e+00
3.659799999999999946e-03 0.000000000000000000e+00
3.733799999999999793e-03 0.000000000000000000e+00
3.809199999999999999e-03 0.000000000000000000e+00
3.886099999999999971e-03 -5.303492350958197924e-05
3.964600000000000415e-03 -1.046682018958424869e-04
4.044700000000000031e-03 -1.032951142328935635e-04
4.126399999999999686e-03 0.000000000000000000e+00
4.209799999999999653e-03 1.006289309024546215e-04
4.294799999999999660e-03 2.483423163234696170e-04
4.381600000000000251e-03 2.451881831579957936e-04
4.470100000000000288e-03 2.905428328996057007e-04
4.560400000000000044e-03 4.782743861067757107e-05
4.652500000000000385e-03 -3.307425199655263906e-04
4.746499999999999851e-03 -8.870836541285131733e-04
4.842400000000000176e-03 -1.522667268470110410e-03
4.940199999999999626e-03 -2.143525779121943902e-03
5.040000000000000209e-03 -2.659875787711046911e-03
5.141899999999999596e-03 -2.985941563836236583e-03
5.245699999999999842e-03 -3.128100358834357605e-03
5.351700000000000033e-03 -3.136300867634629359e-03
5.459799999999999896e-03 -3.101044779863153938e-03
5.570099999999999704e-03 -3.024174384480464526e-03
5.682600000000000325e-03 -3.033369363328660296e-03
5.797400000000000296e-03 -3.084235346161522898e-03
5.914499999999999619e-03 -3.134152427389308264e-03
6.034000000000000301e-03 -3.264909238223998120e-03
6.155899999999999740e-03 -3.352793429814960712e-03
6.280299999999999945e-03 -3.439040459077274438e-03
6.407200000000000048e-03 -3.484186127543718002e-03
6.536600000000000049e-03 -3.568001589548127229e-03
6.668600000000000222e-03 -3.611584283311855027e-03
6.803299999999999972e-03 -3.693164157715921134e-03
6.940799999999999574e-03 -3.773517465849870068e-03
7.080999999999999621e-03 -3.815140518142895194e-03
7.224000000000000386e-03 -3.893823482824698007e-03
7.369999999999999815e-03 -4.008765251169226114e-03
7.518900000000000236e-03 -4.085469161826501411e-03
7.670800000000000188e-03 -4.161349315926962493e-03
7.825699999999999670e-03 -4.236604022989221355e-03
7.983799999999999231e-03 -4.347286204172057418e-03
8.145100000000000603e-03 -4.421157413691536968e-03
8.309600000000000319e-03 -4.494707713848115731e-03
8.477500000000000660e-03 -4.603040506757165827e-03
8.648799999999999891e-03 -4.710653022322912158e-03
8.823499999999999746e-03 -4.817616110992157565e-03
9.001699999999999632e-03 -4.889648528599685635e-03
9.183600000000000096e-03 -4.995904176992123011e-03
9.369099999999999998e-03 -5.101878349865428090e-03
9.558300000000000476e-03 -5.207816714254875391e-03
9.751400000000000345e-03 -5.347156726638055760e-03
9.948399999999999604e-03 -5.419342203356934326e-03
1.014900000000000004e-02 -5.525427631604696785e-03
1.035400000000000036e-02 -5.631764702866308599e-03
1.056400000000000047e-02 -5.771498302306022135e-03
1.077700000000000012e-02 -5.878795852777449378e-03
1.099499999999999957e-02 -6.019581758386039275e-03
1.121699999999999954e-02 -6.128388968771492085e-03
1.144300000000000005e-02 -6.270631525559582434e-03
1.167499999999999961e-02 -6.414016158179100709e-03
1.191000000000000045e-02 -6.526257332818826036e-03
1.215100000000000034e-02 -6.672386029368518670e-03
1.239700000000000003e-02 -6.787756675220230247e-03
1.264700000000000026e-02 -6.969340752419853069e-03
1.290200000000000027e-02 -7.088702241469996453e-03
1.316299999999999935e-02 -7.242460755277933121e-03
1.342899999999999996e-02 -7.398781409666164814e-03
1.370000000000000037e-02 -7.557840369488118618e-03
1.397699999999999984e-02 -7.719819878517232212e-03
1.425900000000000084e-02 -7.885161696328852124e-03
1.454699999999999917e-02 -8.054079379580532383e-03
1.484100000000000003e-02 -8.227060575727701205e-03
1.514099999999999994e-02 -8.404087265855533090e-03
1.544700000000000066e-02 -8.553267669784335447e-03
1.575899999999999870e-02 -8.739616707712371743e-03
1.607700000000000101e-02 -8.931095527443574933e-03
1.640199999999999991e-02 -9.128315324832604952e-03
1.673399999999999888e-02 -9.331327428884305178e-03
1.707200000000000037e-02 -9.508058008794988830e-03
1.741600000000000092e-02 -9.690991850222379841e-03
1.776799999999999907e-02 -9.914247152883337230e-03
1.812700000000000075e-02 -1.007826654433523379e-02
1.849299999999999902e-02 -1.031701666339927131e-02
1.886699999999999836e-02 -1.053034629594618715e-02
1.924800000000000122e-02 -1.071836303514531533e-02
1.963700000000000168e-02 -1.094945571397582321e-02
2.003399999999999972e-02 -1.115538306008790302e-02
2.043800000000000130e-02 -1.137075951492191178e-02
2.085100000000000148e-02 -1.159618870759945505e-02
2.127199999999999924e-02 -1.179657628758534749e-02
2.170199999999999907e-02 -1.204329715675214046e-02
2.214100000000000096e-02 -1.226512125046734514e-02
2.258800000000000044e-02 -1.249806415403609955e-02
2.304399999999999851e-02 -1.270530590192031455e-02
2.350999999999999965e-02 -1.296179515342428187e-02
2.398499999999999938e-02 -1.315347601711017167e-02
2.446900000000000117e-02 -1.335565924513002801e-02
2.496400000000000008e-02 -1.356960080400429654e-02
2.546800000000000105e-02 -1.379444801566160651e-02
2.598200000000000162e-02 -1.399030644065313994e-02
2.650699999999999931e-02 -1.419662173461919488e-02
2.704300000000000107e-02 -1.437016510817637829e-02
2.758899999999999894e-02 -1.459687959501216117e-02
2.814600000000000088e-02 -1.478993023446779562e-02
2.871500000000000094e-02 -1.494605421586018591e-02
2.929500000000000159e-02 -1.515603162730273443e-02
2.988700000000000037e-02 -1.532687954905374850e-02
3.048999999999999974e-02 -1.550343537043809977e-02
3.110600000000000170e-02 -1.563691616705284795e-02
3.173499999999999932e-02 -1.577303819221762340e-02
3.237600000000000200e-02 -1.591107024492524960e-02
3.302999999999999686e-02 -1.605018351994194278e-02
3.369699999999999779e-02 -1.613503962250688317e-02
3.437799999999999884e-02 -1.621657158924528011e-02
3.507199999999999901e-02 -1.634944524899011389e-02
3.578100000000000031e-02 -1.642167639470403298e-02
3.650400000000000172e-02 -1.648744879058522059e-02
3.724100000000000327e-02 -1.660588065351741721e-02
3.799299999999999899e-02 -1.665629607663304118e-02
3.876099999999999685e-02 -1.669634567710981399e-02
3.954400000000000276e-02 -1.678880904806753088e-02
4.034299999999999692e-02 -1.686865758944606705e-02
4.115800000000000014e-02 -1.693486701469488348e-02
4.198899999999999855e-02 -1.698641195701924150e-02
4.283800000000000108e-02 -1.702109867752204728e-02
4.370299999999999879e-02 -1.718231131733775896e-02
4.458600000000000063e-02 -1.726218418237663796e-02
4.548599999999999866e-02 -1.732968955001903261e-02
4.640500000000000180e-02 -1.753457421147602488e-02
4.734300000000000314e-02 -1.765834664977702570e-02
4.829900000000000165e-02 -1.784944414331093507e-02
4.927499999999999936e-02 -1.795852892142305035e-02
5.027000000000000218e-02 -1.814019667045522338e-02
5.128599999999999826e-02 -1.840029610522008266e-02
5.232200000000000045e-02 -1.858339008033596876e-02
5.337900000000000283e-02 -1.877027363313448285e-02
5.445699999999999846e-02 -1.896422133836564786e-02
5.555700000000000222e-02 -1.908358175630735232e-02
5.668000000000000121e-02 -1.921321646062487329e-02
5.782500000000000140e-02 -1.935713068960838792e-02
5.899299999999999683e-02 -1.951973962617494646e-02
6.018400000000000138e-02 -1.952339668209855314e-02
6.140000000000000319e-02 -1.945389337023778129e-02
6.264100000000000223e-02 -1.940345324539967733e-02
6.390600000000000447e-02 -1.918038656056430744e-02
6.519700000000000495e-02 -1.877154506749833043e-02
6.651400000000000368e-02 -1.830556838513355128e-02
6.785800000000000165e-02 -1.767795314604783327e-02
6.922899999999999887e-02 -1.688149042177306686e-02
7.062699999999999534e-02 -1.591580934181736906e-02
7.205400000000000693e-02 -1.473424910843904728e-02
7.351000000000000589e-02 -1.337816586086335371e-02
7.499400000000000510e-02 -1.179647646000399341e-02
7.650899999999999368e-02 -1.002236995325398762e-02
7.805499999999999938e-02 -8.056505838183566220e-03
7.963199999999999446e-02 -5.917920323747418755e-03
8.124099999999999377e-02 -3.619005890207980039e-03
8.288199999999999734e-02 -1.195204196896652036e-03
8.455600000000000616e-02 1.290261850360554120e-03
8.626399999999999346e-02 3.807722992857083370e-03
8.800700000000000189e-02 6.268126029959677700e-03
8.978500000000000369e-02 8.619987849186784221e-03
9.159799999999999887e-02 1.080720389463127144e-02
9.344900000000000428e-02 1.277075846506075044e-02
9.533700000000000507e-02 1.449079657734400964e-02
9.726300000000000223e-02 1.597506105116612563e-02
9.922699999999999576e-02 1.718053506384362855e-02
1.012300000000000005e-01 1.819319835617489584e-02
1.032799999999999968e-01 1.907021097633151974e-02
1.053599999999999953e-01 1.990073653174647891e-02
1.074900000000000022e-01 2.078313108630797101e-02
1.096599999999999936e-01 2.182490317638939928e-02
1.118799999999999933e-01 2.318867228021035190e-02
1.141400000000000053e-01 2.498510226058214129e-02
1.164400000000000018e-01 2.731517288415541422e-02
1.188000000000000028e-01 3.031847638642198514e-02
1.212000000000000022e-01 3.402899552776404712e-02
1.236499999999999960e-01 3.851102589279579991e-02
1.261400000000000021e-01 4.380537489768367154e-02
1.286899999999999988e-01 4.986201020071468620e-02
1.312899999999999900e-01 5.659639202745925940e-02
1.339400000000000035e-01 6.384195517944125930e-02
1.366499999999999937e-01 7.141397793646284131e-02
1.394100000000000061e-01 7.896265399788769679e-02
1.422299999999999953e-01 8.608519202573733375e-02
1.451000000000000068e-01 9.257747753932904500e-02
1.480299999999999949e-01 9.814515981353419405e-02
1.510199999999999876e-01 1.028356731371953825e-01
1.540700000000000125e-01 1.067368061472010743e-01
1.571799999999999864e-01 1.100044538762006419e-01
1.603600000000000025e-01 1.130636958660612562e-01
1.635999999999999954e-01 1.162402197366647766e-01
1.668999999999999928e-01 1.200356316592700312e-01
1.702799999999999869e-01 1.248698537410727616e-01
1.737100000000000033e-01 1.312424491652759984e-01
1.772199999999999886e-01 1.392580193568887514e-01
1.807999999999999885e-01 1.489908152190560497e-01
1.844600000000000128e-01 1.600259561921275886e-01
1.881799999999999862e-01 1.721605473579179146e-01
1.919800000000000118e-01 1.848051159972060042e-01
1.958600000000000063e-01 1.972026568833766813e-01
1.998199999999999976e-01 2.087753125963139889e-01
2.038600000000000134e-01 2.188767584048451620e-01
2.079699999999999882e-01 2.274512235963792040e-01
2.121800000000000075e-01 2.347302725395578882e-01
2.164600000000000135e-01 2.414304874579399629e-01
2.208299999999999985e-01 2.484171733767581713e-01
2.253000000000000003e-01 2.565370788022245940e-01
2.298499999999999988e-01 2.666250734726199889e-01
2.344900000000000040e-01 2.789200569826035814e-01
2.392299999999999982e-01 2.933462508700124816e-01
2.440599999999999992e-01 3.091441216005328951e-01
2.489899999999999891e-01 3.256689358533910728e-01
2.540200000000000236e-01 3.417342086042793325e-01
2.591499999999999915e-01 3.565309227562911687e-01
2.643900000000000139e-01 3.695053086244372009e-01
2.697300000000000253e-01 3.812649479008489162e-01
2.751799999999999802e-01 3.926265281909779303e-01
2.807399999999999896e-01 4.046522573619523166e-01
2.864099999999999979e-01 4.183454010184535776e-01
2.921900000000000053e-01 4.342393672574664243e-01
2.980999999999999761e-01 4.521297264473797539e-01
3.041200000000000014e-01 4.711581780117122253e-01
3.102599999999999802e-01 4.899942077507078997e-01
3.165299999999999780e-01 5.079895893253767447e-01
3.229199999999999848e-01 5.247257735836943215e-01
3.294500000000000206e-01 5.404903870468562577e-01
3.361000000000000099e-01 5.563756414258972383e-01
3.428899999999999726e-01 5.734192747932028711e-01
3.498200000000000198e-01 5.921427003385681953e-01
3.568899999999999850e-01 6.124012361178018393e-01
3.640900000000000247e-01 6.333620927581878890e-01
3.714500000000000024e-01 6.541003492451441526e-01
3.789500000000000091e-01 6.741170873755959470e-01
3.866100000000000092e-01 6.934364250678883845e-01
3.944199999999999928e-01 7.128084569265072945e-01
4.023900000000000254e-01 7.330511872143591345e-01
4.105199999999999960e-01 7.544015501706142768e-01
4.188100000000000156e-01 7.767186845735812861e-01
4.272699999999999831e-01 7.991958549989401916e-01
4.359000000000000097e-01 8.213927575313886287e-01
4.447099999999999942e-01 8.432325763607558811e-01
4.536899999999999822e-01 8.651433450600276576e-01
4.628599999999999937e-01 8.876481671445484167e-01
4.722100000000000186e-01 9.108748819829222132e-01
4.817400000000000015e-01 9.345424948180426350e-01
4.914799999999999724e-01 9.582189088183962200e-01
5.014100000000000223e-01 9.818038687801858844e-01
5.115300000000000402e-01 1.005359205567987191e+00
5.218699999999999450e-01 1.029311681782762333e+00
5.324100000000000499e-01 1.053574625726521052e+00
5.431700000000000417e-01 1.078086687004969235e+00
5.541399999999999659e-01 1.102845138170462480e+00
5.653299999999999992e-01 1.127636192123121939e+00
5.767499999999999849e-01 1.152571234855879201e+00
5.884000000000000341e-01 1.177598297283217965e+00
6.002899999999999903e-01 1.202661901800431865e+00
6.124199999999999644e-01 1.227902297815816723e+00
6.247899999999999565e-01 1.253114364263631542e+00
6.374100000000000321e-01 1.278429345526203020e+00
6.502900000000000347e-01 1.303826733535792481e+00
6.634200000000000097e-01 1.329369636503550556e+00
6.768300000000000427e-01 1.354877934640232207e+00
6.905000000000000027e-01 1.380414194789476579e+00
7.044500000000000206e-01 1.406082131065210072e+00
7.186799999999999855e-01 1.431809575704193094e+00
7.331999999999999629e-01 1.457485433866418933e+00
7.480099999999999527e-01 1.483187135280754632e+00
7.631200000000000205e-01 1.508883378859114721e+00
7.785400000000000098e-01 1.534582214577780546e+00
7.942599999999999660e-01 1.560240576069896523e+00
8.103099999999999747e-01 1.585856716371737418e+00
8.266799999999999704e-01 1.611418890273550675e+00
8.433800000000000185e-01 1.636903697431307148e+00
8.604100000000000081e-01 1.662318639561048306e+00
8.778000000000000247e-01 1.687632606674334790e+00
8.955300000000000482e-01 1.712874627554256568e+00
9.136199999999999877e-01 1.737990777418996657e+00
9.320800000000000196e-01 1.763019197228181456e+00
9.509100000000000330e-01 1.787938224073121196e+00
9.701100000000000279e-01 1.812701937359735282e+00
9.897099999999999786e-01 1.837364277505539434e+00
1.009700000000000042e+00 1.861839405228258970e+00
1.030100000000000016e+00 1.886212189333911660e+00
1.050899999999999945e+00 1.910388481249278403e+00
1.072100000000000053e+00 1.934457400537270333e+00
1.093800000000000106e+00 1.958328092282090926e+00
1.115899999999999892e+00 1.982031027746204543e+00
1.138400000000000079e+00 2.005589191198875909e+00
1.161399999999999988e+00 2.028954413358725173e+00
1.184900000000000064e+00 2.052147476992597142e+00
1.208800000000000097e+00 2.075197955418078166e+00
1.233300000000000063e+00 2.098079071257111128e+00
1.258199999999999985e+00 2.120721859993035086e+00
1.283600000000000074e+00 2.143211138663252857e+00
1.309500000000000108e+00 2.165567010872488041e+00
1.336000000000000076e+00 2.187693778341014639e+00
1.362999999999999989e+00 2.209615015938127147e+00
1.390500000000000069e+00 2.231363692637532647e+00
1.418600000000000083e+00 2.252940540742230713e+00
1.447200000000000042e+00 2.274343853905956614e+00
1.476499999999999924e+00 2.295531266120842684e+00
1.506299999999999972e+00 2.316560555517437781e+00
1.536699999999999955e+00 2.337396632524270323e+00
1.567800000000000082e+00 2.358058681801799228e+00
1.599399999999999933e+00 2.378460017699470352e+00
1.631799999999999917e+00 2.398737189049375385e+00
1.664700000000000069e+00 2.418817340022237694e+00
1.698399999999999910e+00 2.438736901918718392e+00
1.732699999999999907e+00 2.458407458289302294e+00
1.767700000000000049e+00 2.477961706279965259e+00
1.803399999999999892e+00 2.497230805645601404e+00
1.839800000000000102e+00 2.516366887591642509e+00
1.877000000000000002e+00 2.535272574046279814e+00
1.914900000000000047e+00 2.554114867640835396e+00
1.953600000000000003e+00 2.572657231922804044e+00
1.993000000000000105e+00 2.591061417987670534e+00
2.033300000000000107e+00 2.609320110877197063e+00
2.074399999999999800e+00 2.627330935094777775e+00
2.116299999999999848e+00 2.645197634434885536e+00
2.158999999999999808e+00 2.662869817138385997e+00
2.202599999999999891e+00 2.680331764179873844e+00
2.247100000000000097e+00 2.697679015504497180e+00
2.292499999999999982e+00 2.714835230086832141e+00
2.338799999999999990e+00 2.731809226827912607e+00
2.386099999999999888e+00 2.748586650683972010e+00
2.434299999999999908e+00 2.765279569954754990e+00
2.483499999999999819e+00 2.781693584600227531e+00
2.533599999999999852e+00 2.798029869052761409e+00
2.584799999999999986e+00 2.814188100126904679e+00
2.637000000000000011e+00 2.830183109739361047e+00
2.690300000000000136e+00 2.846043599774617405e+00
2.744699999999999918e+00 2.861736583680298818e+00
2.800100000000000033e+00 2.877268474872147319e+00
2.856700000000000017e+00 2.892675473292975585e+00
2.914400000000000102e+00 2.907943523055150692e+00
2.973300000000000054e+00 2.923075317960948993e+00
3.033300000000000107e+00 2.938075168767415146e+00
3.094599999999999795e+00 2.952926309115983639e+00
3.157099999999999795e+00 2.967681713129323384e+00
3.220899999999999874e+00 2.982307511189543181e+00
3.286000000000000032e+00 2.996812122480088103e+00
3.352300000000000058e+00 3.011209367318499641e+00
3.420100000000000140e+00 3.025502850129341503e+00
3.489199999999999857e+00 3.039683884792339530e+00
3.559600000000000097e+00 3.053745023199855080e+00
3.631600000000000161e+00 3.067738713421136243e+00
3.704899999999999860e+00 3.081670490631871484e+00
3.779799999999999827e+00 3.095470002170297885e+00
3.856100000000000083e+00 3.109184389514606739e+00
3.934000000000000163e+00 3.122853203378673115e+00
4.013499999999999623e+00 3.136404176926375076e+00
4.094599999999999795e+00 3.149911810078890984e+00
4.177299999999999791e+00 3.163409831390314508e+00
4.261700000000000266e+00 3.176806435687256958e+00
4.347800000000000331e+00 3.190087402280339823e+00
4.435599999999999987e+00 3.203377382449063226e+00
4.525199999999999889e+00 3.216647548026403403e+00
4.616600000000000037e+00 3.229839550533363024e+00
4.709900000000000198e+00 3.242986889139057194e+00
4.804999999999999716e+00 3.256117049460034441e+00
4.902099999999999902e+00 3.269223000932925505e+00
5.001100000000000101e+00 3.282344431085388869e+00
5.102100000000000080e+00 3.295433372901468871e+00
5.205199999999999605e+00 3.308470330693165096e+00
5.310399999999999565e+00 3.321470341023532225e+00
5.417600000000000193e+00 3.334568916234789793e+00
5.527099999999999902e+00 3.347600991918758595e+00
5.638700000000000045e+00 3.360676184256516041e+00
5.752600000000000158e+00 3.373749067974125548e+00
5.868900000000000006e+00 3.386824205852602798e+00
5.987400000000000055e+00 3.399941531111604576e+00
6.108399999999999608e+00 3.413047861278482920e+00
6.231799999999999784e+00 3.426224820750441769e+00
6.357700000000000351e+00 3.439377079173576934e+00
6.486100000000000421e+00 3.452599309925829640e+00
6.617099999999999760e+00 3.465884519357768312e+00
6.750799999999999912e+00 3.479228025789773859e+00
6.887199999999999989e+00 3.492591032942069518e+00
7.026299999999999990e+00 3.506067878983490704e+00
7.168199999999999683e+00 3.519590004840948083e+00
7.312999999999999723e+00 3.533144747913496531e+00
7.460799999999999876e+00 3.546786156557033998e+00
7.611500000000000377e+00 3.560537121237773217e+00
7.765299999999999869e+00 3.574353672389809944e+00
7.922100000000000364e+00 3.588240688920403709e+00
8.082200000000000273e+00 3.602336504240049919e+00
8.245400000000000063e+00 3.616423506065005622e+00
8.412000000000000810e+00 3.630564516107035011e+00
8.581899999999999196e+00 3.644926690698301552e+00
8.755300000000000082e+00 3.659275487733949728e+00
8.932199999999999918e+00 3.673793367509944119e+00
9.112600000000000477e+00 3.688483727951273217e+00
9.296699999999999520e+00 3.703238760386328376e+00
9.484500000000000597e+00 3.718074869586835529e+00
9.676099999999999923e+00 3.733073849549132461e+00
9.871600000000000819e+00 3.748093926115952268e+00
1.007099999999999973e+01 3.763238021432483205e+00
