# # k[h/Mpc], logBoost (P^NLCDM_NL/P^NLCDM_L)
1.000000000000000048e-04 0.000000000000000000e+00
1.020200000000000024e-04 0.000000000000000000e+00
1.040800000000000064e-04 0.000000000000000000e+00
1.061800000000000032e-04 0.000000000000000000e+00
1.083300000000000013e-04 0.000000000000000000e+00
1.105200000000000057e-04 0.000000000000000000e+00
1.127500000000000030e-04 0.000000000000000000e+00
1.150300000000000015e-04 0.000000000000000000e+00
1.173500000000000064e-04 0.000000000000000000e+00
1.197199999999999989e-04 0.000000000000000000e+00
1.221399999999999927e-04 0.000000000000000000e+00
1.246099999999999877e-04 0.000000000000000000e+00
1.271199999999999891e-04 0.000000000000000000e+00
1.296899999999999865e-04 0.000000000000000000e+00
1.323100000000000122e-04 0.000000000000000000e+00
1.349900000000000069e-04 0.000000000000000000e+00
1.377100000000000080e-04 0.000000000000000000e+00
1.404900000000000051e-04 0.000000000000000000e+00
1.433299999999999982e-04 0.000000000000000000e+00
1.462299999999999874e-04 0.000000000000000000e+00
1.491800000000000049e-04 0.000000000000000000e+00
1.522000000000000132e-04 0.000000000000000000e+00
1.552699999999999957e-04 0.000000000000000000e+00
1.584099999999999961e-04 0.000000000000000000e+00
1.616099999999999926e-04 0.000000000000000000e+00
1.648700000000000122e-04 0.000000000000000000e+00
1.681999999999999956e-04 0.000000000000000000e+00
1.715999999999999969e-04 0.000000000000000000e+00
1.750699999999999891e-04 0.000000000000000000e+00
1.786000000000000044e-04 0.000000000000000000e+00
1.822100000000000054e-04 0.000000000000000000e+00
1.858899999999999973e-04 0.000000000000000000e+00
1.896500000000000020e-04 0.000000000000000000e+00
1.934799999999999975e-04 0.000000000000000000e+00
1.973900000000000058e-04 0.000000000000000000e+00
2.013799999999999998e-04 0.000000000000000000e+00
2.054400000000000117e-04 0.000000000000000000e+00
2.095900000000000042e-04 0.000000000000000000e+00
2.138300000000000042e-04 0.000000000000000000e+00
2.181499999999999900e-04 0.000000000000000000e+00
2.225499999999999885e-04 0.000000000000000000e+00
2.270499999999999895e-04 0.000000000000000000e+00
2.316399999999999980e-04 0.000000000000000000e+00
2.363199999999999871e-04 0.000000000000000000e+00
2.410900000000000109e-04 0.000000000000000000e+00
2.459599999999999829e-04 0.000000000000000000e+00
2.509300000000000115e-04 0.000000000000000000e+00
2.559999999999999884e-04 0.000000000000000000e+00
2.611700000000000219e-04 0.000000000000000000e+00
2.664499999999999985e-04 0.000000000000000000e+00
2.718299999999999775e-04 0.000000000000000000e+00
2.773200000000000079e-04 0.000000000000000000e+00
2.829199999999999814e-04 0.000000000000000000e+00
2.886400000000000012e-04 0.000000000000000000e+00
2.944700000000000182e-04 0.000000000000000000e+00
3.004199999999999731e-04 0.000000000000000000e+00
3.064899999999999743e-04 0.000000000000000000e+00
3.126800000000000217e-04 0.000000000000000000e+00
3.189900000000000070e-04 0.000000000000000000e+00
3.254399999999999741e-04 0.000000000000000000e+00
3.320099999999999874e-04 0.000000000000000000e+00
3.387199999999999825e-04 0.000000000000000000e+00
3.455600000000000186e-04 0.000000000000000000e+00
3.525399999999999823e-04 0.000000000000000000e+00
3.596599999999999819e-04 0.000000000000000000e+00
3.669300000000000122e-04 0.000000000000000000e+00
3.743400000000000243e-04 0.000000000000000000e+00
3.819000000000000129e-04 0.000000000000000000e+00
3.896200000000000271e-04 0.000000000000000000e+00
3.974900000000000178e-04 0.000000000000000000e+00
4.055199999999999799e-04 0.000000000000000000e+00
4.137100000000000217e-04 0.000000000000000000e+00
4.220699999999999756e-04 0.000000000000000000e+00
4.306000000000000040e-04 0.000000000000000000e+00
4.392900000000000038e-04 0.000000000000000000e+00
4.481700000000000137e-04 0.000000000000000000e+00
4.572199999999999897e-04 0.000000000000000000e+00
4.664599999999999758e-04 0.000000000000000000e+00
4.758799999999999771e-04 0.000000000000000000e+00
4.854999999999999832e-04 0.000000000000000000e+00
4.952999999999999504e-04 0.000000000000000000e+00
5.053100000000000256e-04 0.000000000000000000e+00
5.155199999999999973e-04 0.000000000000000000e+00
5.259299999999999739e-04 0.000000000000000000e+00
5.365600000000000534e-04 0.000000000000000000e+00
5.473900000000000293e-04 0.000000000000000000e+00
5.584500000000000488e-04 0.000000000000000000e+00
5.697299999999999543e-04 0.000000000000000000e+00
5.812400000000000119e-04 0.000000000000000000e+00
5.929900000000000535e-04 0.000000000000000000e+00
6.049599999999999813e-04 0.000000000000000000e+00
6.171899999999999912e-04 0.000000000000000000e+00
6.296500000000000447e-04 0.000000000000000000e+00
6.423699999999999636e-04 0.000000000000000000e+00
6.553499999999999647e-04 0.000000000000000000e+00
6.685900000000000480e-04 0.000000000000000000e+00
6.821000000000000457e-04 0.000000000000000000e+00
6.958799999999999578e-04 0.000000000000000000e+00
7.099300000000000012e-04 0.000000000000000000e+00
7.242699999999999486e-04 0.000000000000000000e+00
7.389099999999999575e-04 0.000000000000000000e+00
7.538300000000000382e-04 0.000000000000000000e+00
7.690600000000000127e-04 0.000000000000000000e+00
7.845999999999999893e-04 0.000000000000000000e+00
8.004499999999999680e-04 0.000000000000000000e+00
8.166199999999999978e-04 0.000000000000000000e+00
8.331099999999999704e-04 0.000000000000000000e+00
8.499399999999999837e-04 0.000000000000000000e+00
8.671100000000000379e-04 0.000000000000000000e+00
8.846299999999999650e-04 0.000000000000000000e+00
9.024999999999999819e-04 0.000000000000000000e+00
9.207300000000000293e-04 0.000000000000000000e+00
9.393300000000000477e-04 0.000000000000000000e+00
9.583099999999999778e-04 0.000000000000000000e+00
9.776699999999999280e-04 0.000000000000000000e+00
9.974199999999999473e-04 0.000000000000000000e+00
1.017600000000000015e-03 0.000000000000000000e+00
1.038099999999999917e-03 0.000000000000000000e+00
1.059100000000000102e-03 0.000000000000000000e+00
1.080500000000000080e-03 0.000000000000000000e+00
1.102300000000000068e-03 0.000000000000000000e+00
1.124599999999999905e-03 0.000000000000000000e+00
1.147299999999999969e-03 0.000000000000000000e+00
1.170500000000000099e-03 0.000000000000000000e+00
1.194100000000000023e-03 0.000000000000000000e+00
1.218200000000000012e-03 0.000000000000000000e+00
1.242899999999999908e-03 0.000000000000000000e+00
1.268000000000000030e-03 0.000000000000000000e+00
1.293600000000000002e-03 0.000000000000000000e+00
1.319700000000000040e-03 0.000000000000000000e+00
1.346399999999999984e-03 0.000000000000000000e+00
1.373599999999999995e-03 0.000000000000000000e+00
1.401300000000000072e-03 0.000000000000000000e+00
1.429600000000000055e-03 0.000000000000000000e+00
1.458499999999999944e-03 0.000000000000000000e+00
1.487999999999999956e-03 0.000000000000000000e+00
1.518000000000000035e-03 0.000000000000000000e+00
1.548700000000000077e-03 0.000000000000000000e+00
1.580000000000000024e-03 0.000000000000000000e+00
1.611900000000000095e-03 0.000000000000000000e+00
1.644499999999999912e-03 0.000000000000000000e+00
1.677700000000000068e-03 0.000000000000000000e+00
1.711599999999999970e-03 0.000000000000000000e+00
1.746200000000000052e-03 0.000000000000000000e+00
1.781400000000000041e-03 0.000000000000000000e+00
1.817400000000000048e-03 0.000000000000000000e+00
1.854100000000000019e-03 0.000000000000000000e+00
1.891600000000000009e-03 0.000000000000000000e+00
1.929799999999999962e-03 0.000000000000000000e+00
1.968800000000000151e-03 0.000000000000000000e+00
2.008600000000000142e-03 0.000000000000000000e+00
2.049099999999999880e-03 0.000000000000000000e+00
2.090499999999999910e-03 0.000000000000000000e+00
2.132799999999999800e-03 0.000000000000000000e+00
2.175799999999999870e-03 0.000000000000000000e+00
2.219800000000000072e-03 0.000000000000000000e+00
2.264599999999999860e-03 0.000000000000000000e+00
2.310400000000000214e-03 0.000000000000000000e+00
2.357099999999999994e-03 0.000000000000000000e+00
2.404700000000000067e-03 0.000000000000000000e+00
2.453299999999999838e-03 0.000000000000000000e+00
2.502799999999999903e-03 0.000000000000000000e+00
2.553399999999999941e-03 0.000000000000000000e+00
2.605000000000000111e-03 0.000000000000000000e+00
2.657599999999999980e-03 0.000000000000000000e+00
2.711299999999999821e-03 0.000000000000000000e+00
2.765999999999999796e-03 0.000000000000000000e+00
2.821900000000000016e-03 0.000000000000000000e+00
2.878900000000000209e-03 0.000000000000000000e+00
2.937100000000000214e-03 0.000000000000000000e+00
2.996400000000000192e-03 0.000000000000000000e+00
3.056899999999999982e-03 0.000000000000000000e+00
3.118699999999999858e-03 0.000000000000000000e+00
3.181699999999999980e-03 0.000000000000000000e+00
3.246000000000000187e-03 0.000000000000000000e+00
3.311500000000000207e-03 0.000000000000000000e+00
3.378400000000000153e-03 0.000000000000000000e+00
3.446700000000000024e-03 0.000000000000000000e+00
3.516299999999999981e-03 0.000000000000000000e+00
3.587400000000000137e-03 0.000000000000000000e+00
3.659799999999999946e-03 0.000000000000000000e+00
3.733799999999999793e-03 0.000000000000000000e+00
3.809199999999999999e-03 0.000000000000000000e+00
3.886099999999999971e-03 0.000000000000000000e+00
3.964600000000000415e-03 -6.526350141005781693e-05
4.044700000000000031e-03 -1.285429656631611594e-04
4.126399999999999686e-03 -1.265983037518521044e-04
4.209799999999999653e-03 -6.234997040392943537e-05
4.294799999999999660e-03 6.141563029720968256e-05
4.381600000000000251e-03 1.815046742435810539e-04
4.470100000000000288e-03 3.576537949426716249e-04
4.560400000000000044e-03 4.111721400698700496e-04
4.652500000000000385e-03 2.894607366724964519e-04
4.746499999999999851e-03 -1.712182180366277875e-04
4.842400000000000176e-03 -8.441906120844679421e-04
4.940199999999999626e-03 -1.665279319061208855e-03
5.040000000000000209e-03 -2.518755096049434157e-03
5.141899999999999596e-03 -3.349182041626714255e-03
5.245699999999999842e-03 -3.890329722038524986e-03
5.351700000000000033e-03 -4.206105044274200538e-03
5.459799999999999896e-03 -4.305320860327532806e-03
5.570099999999999704e-03 -4.247812114110315063e-03
5.682600000000000325e-03 -4.191607783393417816e-03
5.797400000000000296e-03 -4.136871351945434899e-03
5.914499999999999619e-03 -4.181945038400212110e-03
6.034000000000000301e-03 -4.274548695434716300e-03
6.155899999999999740e-03 -4.412688823633060739e-03
6.280299999999999945e-03 -4.547615606177404790e-03
6.407200000000000048e-03 -4.632345742395661825e-03
6.536600000000000049e-03 -4.761363438765170257e-03
6.668600000000000222e-03 -4.887305044017231474e-03
6.803299999999999972e-03 -4.965253497903064465e-03
6.940799999999999574e-03 -5.041615069115721118e-03
7.080999999999999621e-03 -5.116454351398505226e-03
7.224000000000000386e-03 -5.233558982130536753e-03
7.369999999999999815e-03 -5.348298278092213781e-03
7.518900000000000236e-03 -5.460764423177839888e-03
7.670800000000000188e-03 -5.571515341019660401e-03
7.825699999999999670e-03 -5.680172311845724416e-03
7.983799999999999231e-03 -5.787292412408377718e-03
8.145100000000000603e-03 -5.892720738619741487e-03
8.309600000000000319e-03 -6.037173175409193092e-03
8.477500000000000660e-03 -6.139542970568121101e-03
8.648799999999999891e-03 -6.320203886339817445e-03
8.823499999999999746e-03 -6.419493128303408770e-03
9.001699999999999632e-03 -6.556888685450758952e-03
9.183600000000000096e-03 -6.692869829467336558e-03
9.369099999999999998e-03 -6.827797909935670248e-03
9.558300000000000476e-03 -6.999419933361394029e-03
9.751400000000000345e-03 -7.131702019236911723e-03
9.948399999999999604e-03 -7.263229234880118346e-03
1.014900000000000004e-02 -7.431387077783436178e-03
1.035400000000000036e-02 -7.561681887370210950e-03
1.056400000000000047e-02 -7.728268480303010848e-03
1.077700000000000012e-02 -7.930774979304430761e-03
1.099499999999999957e-02 -8.060041827106014314e-03
1.121699999999999954e-02 -8.261541242177870489e-03
1.144300000000000005e-02 -8.426815559249740961e-03
1.167499999999999961e-02 -8.592582337487743999e-03
1.191000000000000045e-02 -8.794137446807832534e-03
1.215100000000000034e-02 -8.960790873509458937e-03
1.239700000000000003e-02 -9.163466470452318047e-03
1.264700000000000026e-02 -9.366852961998507060e-03
1.290200000000000027e-02 -9.571774136659095406e-03
1.316299999999999935e-02 -9.777748187533982435e-03
1.342899999999999996e-02 -9.985621159626912463e-03
1.370000000000000037e-02 -1.023009265097468180e-02
1.397699999999999984e-02 -1.044226069290933763e-02
1.425900000000000084e-02 -1.062295440427434186e-02
1.454699999999999917e-02 -1.087504538887540222e-02
1.484100000000000003e-02 -1.109609751003941616e-02
1.514099999999999994e-02 -1.135487297743873435e-02
1.544700000000000066e-02 -1.161776773926125224e-02
1.575899999999999870e-02 -1.188509354955637025e-02
1.607700000000000101e-02 -1.212341871341902737e-02
1.640199999999999991e-02 -1.240057338453898900e-02
1.673399999999999888e-02 -1.268400920854797359e-02
1.707200000000000037e-02 -1.293943414267720131e-02
1.741600000000000092e-02 -1.323573816445008412e-02
1.776799999999999907e-02 -1.350517132985107512e-02
1.812700000000000075e-02 -1.381649419364067849e-02
1.849299999999999902e-02 -1.413633405073732967e-02
1.886699999999999836e-02 -1.439618876707045476e-02
1.924800000000000122e-02 -1.473444466249034315e-02
1.963700000000000168e-02 -1.504835419659799993e-02
2.003399999999999972e-02 -1.540808575712209784e-02
2.043800000000000130e-02 -1.570897336042368156e-02
2.085100000000000148e-02 -1.605705743930733662e-02
2.127199999999999924e-02 -1.641838579545083429e-02
2.170199999999999907e-02 -1.675695448310446714e-02
2.214100000000000096e-02 -1.710930527492706549e-02
2.258800000000000044e-02 -1.747631492753041679e-02
2.304399999999999851e-02 -1.785893527814351109e-02
2.350999999999999965e-02 -1.822059833917512653e-02
2.398499999999999938e-02 -1.859853323137514863e-02
2.446900000000000117e-02 -1.903151872727171234e-02
2.496400000000000008e-02 -1.940612263205521854e-02
2.546800000000000105e-02 -1.979876823674821262e-02
2.598200000000000162e-02 -2.021068240335137378e-02
2.650699999999999931e-02 -2.060114058299673118e-02
2.704300000000000107e-02 -2.101156231556837450e-02
2.758899999999999894e-02 -2.139999361193489422e-02
2.814600000000000088e-02 -2.184943316632223173e-02
2.871500000000000094e-02 -2.223539649440045216e-02
2.929500000000000159e-02 -2.264052376144362957e-02
2.988700000000000037e-02 -2.306411702933785363e-02
3.048999999999999974e-02 -2.350740507338511254e-02
3.110600000000000170e-02 -2.387983455453445911e-02
3.173499999999999932e-02 -2.426910893032383637e-02
3.237600000000000200e-02 -2.472168278034719141e-02
3.302999999999999686e-02 -2.514407210976401033e-02
3.369699999999999779e-02 -2.553330200516476176e-02
3.437799999999999884e-02 -2.593661597781893313e-02
3.507199999999999901e-02 -2.635212005616301492e-02
3.578100000000000031e-02 -2.677897433889599166e-02
3.650400000000000172e-02 -2.716392894082238912e-02
3.724100000000000327e-02 -2.755441747938398508e-02
3.799299999999999899e-02 -2.789596543755185065e-02
3.876099999999999685e-02 -2.829448812418699361e-02
3.954400000000000276e-02 -2.863815120615654033e-02
4.034299999999999692e-02 -2.903845293813032968e-02
4.115800000000000014e-02 -2.943759746592785817e-02
4.198899999999999855e-02 -2.983478513235705495e-02
4.283800000000000108e-02 -3.016614040964199495e-02
4.370299999999999879e-02 -3.054976215137035142e-02
4.458600000000000063e-02 -3.098775978705791204e-02
4.548599999999999866e-02 -3.134888488885066021e-02
4.640500000000000180e-02 -3.175929076068334522e-02
4.734300000000000314e-02 -3.208468653230834439e-02
4.829900000000000165e-02 -3.252767474398415848e-02
4.927499999999999936e-02 -3.295732950930859578e-02
5.027000000000000218e-02 -3.337429883128859021e-02
5.128599999999999826e-02 -3.377702004265428770e-02
5.232200000000000045e-02 -3.424067024294979306e-02
5.337900000000000283e-02 -3.462652659044140185e-02
5.445699999999999846e-02 -3.515445378157601442e-02
5.555700000000000222e-02 -3.553095228560841645e-02
5.668000000000000121e-02 -3.606280150508424376e-02
5.782500000000000140e-02 -3.644695574644089137e-02
5.899299999999999683e-02 -3.691853249220242855e-02
6.018400000000000138e-02 -3.732999482277420816e-02
6.140000000000000319e-02 -3.776173821357368260e-02
6.264100000000000223e-02 -3.805678073629999159e-02
6.390600000000000447e-02 -3.838281935966037645e-02
6.519700000000000495e-02 -3.866198703426449584e-02
6.651400000000000368e-02 -3.881135612565415199e-02
6.785800000000000165e-02 -3.891746773582138025e-02
6.922899999999999887e-02 -3.889379112127350907e-02
7.062699999999999534e-02 -3.882560530165865553e-02
7.205400000000000693e-02 -3.861773205538138187e-02
7.351000000000000589e-02 -3.825918368185302759e-02
7.499400000000000510e-02 -3.770267247444762659e-02
7.650899999999999368e-02 -3.693954266375489709e-02
7.805499999999999938e-02 -3.606196558780505601e-02
7.963199999999999446e-02 -3.497257991543897132e-02
8.124099999999999377e-02 -3.368153310644472764e-02
8.288199999999999734e-02 -3.217523102047031153e-02
8.455600000000000616e-02 -3.044067925102363764e-02
8.626399999999999346e-02 -2.851506800354643503e-02
8.800700000000000189e-02 -2.638000405369747906e-02
8.978500000000000369e-02 -2.406092338725288743e-02
9.159799999999999887e-02 -2.159234894271689839e-02
9.344900000000000428e-02 -1.902253158615011333e-02
9.533700000000000507e-02 -1.638397680853813723e-02
9.726300000000000223e-02 -1.371983520695991936e-02
9.922699999999999576e-02 -1.110022594961948550e-02
1.012300000000000005e-01 -8.591204290104657165e-03
1.032799999999999968e-01 -6.197710726619652839e-03
1.053599999999999953e-01 -3.991740474224111934e-03
1.074900000000000022e-01 -1.958160673841802257e-03
1.096599999999999936e-01 -1.098679754266978386e-04
1.118799999999999933e-01 1.639527885240153965e-03
1.141400000000000053e-01 3.332642118031211784e-03
1.164400000000000018e-01 5.040216895254055057e-03
1.188000000000000028e-01 6.863069162731915904e-03
1.212000000000000022e-01 8.914772296617858374e-03
1.236499999999999960e-01 1.134381108243903875e-02
1.261400000000000021e-01 1.419434900693995229e-02
1.286899999999999988e-01 1.760650089498146109e-02
1.312899999999999900e-01 2.165611548722189139e-02
1.339400000000000035e-01 2.640851011572155696e-02
1.366499999999999937e-01 3.191647848268704818e-02
1.394100000000000061e-01 3.820782776660232999e-02
1.422299999999999953e-01 4.530249336133290033e-02
1.451000000000000068e-01 5.308531165088005432e-02
1.480299999999999949e-01 6.149403955549331835e-02
1.510199999999999876e-01 7.022162445744445369e-02
1.540700000000000125e-01 7.901997548068336041e-02
1.571799999999999864e-01 8.745054170541216587e-02
1.603600000000000025e-01 9.536308137784779704e-02
1.635999999999999954e-01 1.024538459994318029e-01
1.668999999999999928e-01 1.087795711108936331e-01
1.702799999999999869e-01 1.144477168947033024e-01
1.737100000000000033e-01 1.195989808285012196e-01
1.772199999999999886e-01 1.245497073162162849e-01
1.807999999999999885e-01 1.296880693455409461e-01
1.844600000000000128e-01 1.354458746017927762e-01
1.881799999999999862e-01 1.423548407510728253e-01
1.919800000000000118e-01 1.507533160473239209e-01
1.958600000000000063e-01 1.607544227623910194e-01
1.998199999999999976e-01 1.723645369025658958e-01
2.038600000000000134e-01 1.853689585675293017e-01
2.079699999999999882e-01 1.994224506441227285e-01
2.121800000000000075e-01 2.140841871183369327e-01
2.164600000000000135e-01 2.285411668790990891e-01
2.208299999999999985e-01 2.420957457872505159e-01
2.253000000000000003e-01 2.542796969320447187e-01
2.298499999999999988e-01 2.649339349258444387e-01
2.344900000000000040e-01 2.745001765898387736e-01
2.392299999999999982e-01 2.835041482006906977e-01
2.440599999999999992e-01 2.928266889154612085e-01
2.489899999999999891e-01 3.032802317412447435e-01
2.540200000000000236e-01 3.156280761026255544e-01
2.591499999999999915e-01 3.302102112067101247e-01
2.643900000000000139e-01 3.468053320364301029e-01
2.697300000000000253e-01 3.647326241301908634e-01
2.751799999999999802e-01 3.833032044386079917e-01
2.807399999999999896e-01 4.014304668385411112e-01
2.864099999999999979e-01 4.180963150603227430e-01
2.921900000000000053e-01 4.331747519002997482e-01
2.980999999999999761e-01 4.469660491869421048e-01
3.041200000000000014e-01 4.604106801226323098e-01
3.102599999999999802e-01 4.745159349904404245e-01
3.165299999999999780e-01 4.902854801434208820e-01
3.229199999999999848e-01 5.081971228377396566e-01
3.294500000000000206e-01 5.278642633974459653e-01
3.361000000000000099e-01 5.485819423870462730e-01
3.428899999999999726e-01 5.690994308293589876e-01
3.498200000000000198e-01 5.886518612109136184e-01
3.568899999999999850e-01 6.069872469392350034e-01
3.640900000000000247e-01 6.244120813189318886e-01
3.714500000000000024e-01 6.419360698428810963e-01
3.789500000000000091e-01 6.605366925707434334e-01
3.866100000000000092e-01 6.807257381284358422e-01
3.944199999999999928e-01 7.022608594542630867e-01
4.023900000000000254e-01 7.244199428311098865e-01
4.105199999999999960e-01 7.462698362085867787e-01
4.188100000000000156e-01 7.673746010953566010e-01
4.272699999999999831e-01 7.878322542302227394e-01
4.359000000000000097e-01 8.083671320432720409e-01
4.447099999999999942e-01 8.295787693998472045e-01
4.536899999999999822e-01 8.519153402440566847e-01
4.628599999999999937e-01 8.749482239076961099e-01
4.722100000000000186e-01 8.981326516704296603e-01
4.817400000000000015e-01 9.210113391970775609e-01
4.914799999999999724e-01 9.435414697641606452e-01
5.014100000000000223e-01 9.661879639214100424e-01
5.115300000000000402e-01 9.892900710729689573e-01
5.218699999999999450e-01 1.013053864937317972e+00
5.324100000000000499e-01 1.037112958786331474e+00
5.431700000000000417e-01 1.061210026949469754e+00
5.541399999999999659e-01 1.085181893278658549e+00
5.653299999999999992e-01 1.109345124013656259e+00
5.767499999999999849e-01 1.133727728052391637e+00
5.884000000000000341e-01 1.158323539999092988e+00
6.002899999999999903e-01 1.183082666874107236e+00
6.124199999999999644e-01 1.207965184148596993e+00
6.247899999999999565e-01 1.233002479477969260e+00
6.374100000000000321e-01 1.258170086353348704e+00
6.502900000000000347e-01 1.283427803596209671e+00
6.634200000000000097e-01 1.308815225565106655e+00
6.768300000000000427e-01 1.334310433600052193e+00
6.905000000000000027e-01 1.359964032643521392e+00
7.044500000000000206e-01 1.385670003540694140e+00
7.186799999999999855e-01 1.411419732804375160e+00
7.331999999999999629e-01 1.437354193020935700e+00
7.480099999999999527e-01 1.463298479612348935e+00
7.631200000000000205e-01 1.489408160314600549e+00
7.785400000000000098e-01 1.515514711172058160e+00
7.942599999999999660e-01 1.541695702517642763e+00
8.103099999999999747e-01 1.567963044470375378e+00
8.266799999999999704e-01 1.594333072058720324e+00
8.433800000000000185e-01 1.620592286615114563e+00
8.604100000000000081e-01 1.647061012183621775e+00
8.778000000000000247e-01 1.673449783518451195e+00
8.955300000000000482e-01 1.699881741682165881e+00
9.136199999999999877e-01 1.726327611346220481e+00
9.320800000000000196e-01 1.752795930485824494e+00
9.509100000000000330e-01 1.779257539061466442e+00
9.701100000000000279e-01 1.805715852942371136e+00
9.897099999999999786e-01 1.832131363118505663e+00
1.009700000000000042e+00 1.858524765268193324e+00
1.030100000000000016e+00 1.884903202839354197e+00
1.050899999999999945e+00 1.911210046200143786e+00
1.072100000000000053e+00 1.937462541920256465e+00
1.093800000000000106e+00 1.963636131720090550e+00
1.115899999999999892e+00 1.989745988711791203e+00
1.138400000000000079e+00 2.015775960071901629e+00
1.161399999999999988e+00 2.041719648345888150e+00
1.184900000000000064e+00 2.067542210153170412e+00
1.208800000000000097e+00 2.093279793021124213e+00
1.233300000000000063e+00 2.118922618552104176e+00
1.258199999999999985e+00 2.144410262867062045e+00
1.283600000000000074e+00 2.169789125347808767e+00
1.309500000000000108e+00 2.195030735533299193e+00
1.336000000000000076e+00 2.220136943427800880e+00
1.362999999999999989e+00 2.245087493116951105e+00
1.390500000000000069e+00 2.269891692934348004e+00
1.418600000000000083e+00 2.294535728600190172e+00
1.447200000000000042e+00 2.319039559808318440e+00
1.476499999999999924e+00 2.343301457430754908e+00
1.506299999999999972e+00 2.367443720721192246e+00
1.536699999999999955e+00 2.391403602906855053e+00
1.567800000000000082e+00 2.415186176668225659e+00
1.599399999999999933e+00 2.438723074334081087e+00
1.631799999999999917e+00 2.462141094639542782e+00
1.664700000000000069e+00 2.485309233649825256e+00
1.698399999999999910e+00 2.508278530846873799e+00
1.732699999999999907e+00 2.530993692197830658e+00
1.767700000000000049e+00 2.553538779043907248e+00
1.803399999999999892e+00 2.575848348386888365e+00
1.839800000000000102e+00 2.597971385226659269e+00
1.877000000000000002e+00 2.619812883049390084e+00
1.914900000000000047e+00 2.641478978220887619e+00
1.953600000000000003e+00 2.662925463349324673e+00
1.993000000000000105e+00 2.684172357312674340e+00
2.033300000000000107e+00 2.705059810835316991e+00
2.074399999999999800e+00 2.725851021221602277e+00
2.116299999999999848e+00 2.746396748801702259e+00
2.158999999999999808e+00 2.766608706481172852e+00
2.202599999999999891e+00 2.786637464059977809e+00
2.247100000000000097e+00 2.806497827669867551e+00
2.292499999999999982e+00 2.826044693484762949e+00
2.338799999999999990e+00 2.845429814208488839e+00
2.386099999999999888e+00 2.864524569211524874e+00
2.434299999999999908e+00 2.883392532635045580e+00
2.483499999999999819e+00 2.902086872510537763e+00
2.533599999999999852e+00 2.920463664350596567e+00
2.584799999999999986e+00 2.938673694311467077e+00
2.637000000000000011e+00 2.956632178771033903e+00
2.690300000000000136e+00 2.974361628422080184e+00
2.744699999999999918e+00 2.991850844702125478e+00
2.800100000000000033e+00 3.009184284375182816e+00
2.856700000000000017e+00 3.026226555549607511e+00
2.914400000000000102e+00 3.043058978210424037e+00
2.973300000000000054e+00 3.059677652500694567e+00
3.033300000000000107e+00 3.076102259908243042e+00
3.094599999999999795e+00 3.092271785260312100e+00
3.157099999999999795e+00 3.108248008290600772e+00
3.220899999999999874e+00 3.124074332223478301e+00
3.286000000000000032e+00 3.139662323737627769e+00
3.352300000000000058e+00 3.154999183438233157e+00
3.420100000000000140e+00 3.170161976187034103e+00
3.489199999999999857e+00 3.185123585939404922e+00
3.559600000000000097e+00 3.199877323364446191e+00
3.631600000000000161e+00 3.214432806132295983e+00
3.704899999999999860e+00 3.228788690817840923e+00
3.779799999999999827e+00 3.242982378410465216e+00
3.856100000000000083e+00 3.256989307960429958e+00
3.934000000000000163e+00 3.270772227367844120e+00
4.013499999999999623e+00 3.284373787240342235e+00
4.094599999999999795e+00 3.297821257779146364e+00
4.177299999999999791e+00 3.311085439331807212e+00
4.261700000000000266e+00 3.324148509512840022e+00
4.347800000000000331e+00 3.337091600709827244e+00
4.435599999999999987e+00 3.349820679398980872e+00
4.525199999999999889e+00 3.362383798523207901e+00
4.616600000000000037e+00 3.374788846127852349e+00
4.709900000000000198e+00 3.387015160746193132e+00
4.804999999999999716e+00 3.399083445695699091e+00
4.902099999999999902e+00 3.411044186722519189e+00
5.001100000000000101e+00 3.422768071989285232e+00
5.102100000000000080e+00 3.434379734010291063e+00
5.205199999999999605e+00 3.445865962070719490e+00
5.310399999999999565e+00 3.457194284055232103e+00
5.417600000000000193e+00 3.468378175693283882e+00
5.527099999999999902e+00 3.479333116673924753e+00
5.638700000000000045e+00 3.490283196670907362e+00
5.752600000000000158e+00 3.501012768580543000e+00
5.868900000000000006e+00 3.511616765974449716e+00
5.987400000000000055e+00 3.522103569669579048e+00
6.108399999999999608e+00 3.532476999073782320e+00
6.231799999999999784e+00 3.542724381277401857e+00
6.357700000000000351e+00 3.552802251752118057e+00
6.486100000000000421e+00 3.562795365214505683e+00
6.617099999999999760e+00 3.572697383818788541e+00
6.750799999999999912e+00 3.582412460213862726e+00
6.887199999999999989e+00 3.592065517365383709e+00
7.026299999999999990e+00 3.601607933431706599e+00
7.168199999999999683e+00 3.611002687789071963e+00
7.312999999999999723e+00 3.620318964927303984e+00
7.460799999999999876e+00 3.629578682673654466e+00
7.611500000000000377e+00 3.638658092405450795e+00
7.765299999999999869e+00 3.647679426699498517e+00
7.922100000000000364e+00 3.656557947633414241e+00
8.082200000000000273e+00 3.665400172019926295e+00
8.245400000000000063e+00 3.674139038437822968e+00
8.412000000000000810e+00 3.682784004405086353e+00
8.581899999999999196e+00 3.691313604025904915e+00
8.755300000000000082e+00 3.699799721353464133e+00
8.932199999999999918e+00 3.708207868247344940e+00
9.112600000000000477e+00 3.716515639430189477e+00
9.296699999999999520e+00 3.724731564013108898e+00
9.484500000000000597e+00 3.732948678219815353e+00
9.676099999999999923e+00 3.741017188257391712e+00
9.871600000000000819e+00 3.749039460602379137e+00
1.007099999999999973e+01 3.757016355155129883e+00
