# # k[h/Mpc], logBoost (P^NLCDM_NL/P^NLCDM_L)
1.000000000000000048e-04 0.000000000000000000e+00
1.020200000000000024e-04 0.000000000000000000e+00
1.040800000000000064e-04 0.000000000000000000e+00
1.061800000000000032e-04 0.000000000000000000e+00
1.083300000000000013e-04 0.000000000000000000e+00
1.105200000000000057e-04 0.000000000000000000e+00
1.127500000000000030e-04 0.000000000000000000e+00
1.150300000000000015e-04 0.000000000000000000e+00
1.173500000000000064e-04 0.000000000000000000e+00
1.197199999999999989e-04 0.000000000000000000e+00
1.221399999999999927e-04 0.000000000000000000e+00
1.246099999999999877e-04 0.000000000000000000e+00
1.271199999999999891e-04 0.000000000000000000e+00
1.296899999999999865e-04 0.000000000000000000e+00
1.323100000000000122e-04 0.000000000000000000e+00
1.349900000000000069e-04 0.000000000000000000e+00
1.377100000000000080e-04 0.000000000000000000e+00
1.404900000000000051e-04 0.000000000000000000e+00
1.433299999999999982e-04 0.000000000000000000e+00
1.462299999999999874e-04 0.000000000000000000e+00
1.491800000000000049e-04 0.000000000000000000e+00
1.522000000000000132e-04 0.000000000000000000e+00
1.552699999999999957e-04 0.000000000000000000e+00
1.584099999999999961e-04 0.000000000000000000e+00
1.616099999999999926e-04 0.000000000000000000e+00
1.648700000000000122e-04 0.000000000000000000e+00
1.681999999999999956e-04 0.000000000000000000e+00
1.715999999999999969e-04 0.000000000000000000e+00
1.750699999999999891e-04 0.000000000000000000e+00
1.786000000000000044e-04 0.000000000000000000e+00
1.822100000000000054e-04 0.000000000000000000e+00
1.858899999999999973e-04 0.000000000000000000e+00
1.896500000000000020e-04 0.000000000000000000e+00
1.934799999999999975e-04 0.000000000000000000e+00
1.973900000000000058e-04 0.000000000000000000e+00
2.013799999999999998e-04 0.000000000000000000e+00
2.054400000000000117e-04 0.000000000000000000e+00
2.095900000000000042e-04 0.000000000000000000e+00
2.138300000000000042e-04 0.000000000000000000e+00
2.181499999999999900e-04 0.000000000000000000e+00
2.225499999999999885e-04 0.000000000000000000e+00
2.270499999999999895e-04 0.000000000000000000e+00
2.316399999999999980e-04 0.000000000000000000e+00
2.363199999999999871e-04 0.000000000000000000e+00
2.410900000000000109e-04 0.000000000000000000e+00
2.459599999999999829e-04 0.000000000000000000e+00
2.509300000000000115e-04 0.000000000000000000e+00
2.559999999999999884e-04 0.000000000000000000e+00
2.611700000000000219e-04 0.000000000000000000e+00
2.664499999999999985e-04 0.000000000000000000e+00
2.718299999999999775e-04 0.000000000000000000e+00
2.773200000000000079e-04 0.000000000000000000e+00
2.829199999999999814e-04 0.000000000000000000e+00
2.886400000000000012e-04 0.000000000000000000e+00
2.944700000000000182e-04 0.000000000000000000e+00
3.004199999999999731e-04 0.000000000000000000e+00
3.064899999999999743e-04 0.000000000000000000e+00
3.126800000000000217e-04 0.000000000000000000e+00
3.189900000000000070e-04 0.000000000000000000e+00
3.254399999999999741e-04 0.000000000000000000e+00
3.320099999999999874e-04 0.000000000000000000e+00
3.387199999999999825e-04 0.000000000000000000e+00
3.455600000000000186e-04 0.000000000000000000e+00
3.525399999999999823e-04 0.000000000000000000e+00
3.596599999999999819e-04 0.000000000000000000e+00
3.669300000000000122e-04 0.000000000000000000e+00
3.743400000000000243e-04 0.000000000000000000e+00
3.819000000000000129e-04 0.000000000000000000e+00
3.896200000000000271e-04 0.000000000000000000e+00
3.974900000000000178e-04 0.000000000000000000e+00
4.055199999999999799e-04 0.000000000000000000e+00
4.137100000000000217e-04 0.000000000000000000e+00
4.220699999999999756e-04 0.000000000000000000e+00
4.306000000000000040e-04 0.000000000000000000e+00
4.392900000000000038e-04 0.000000000000000000e+00
4.481700000000000137e-04 0.000000000000000000e+00
4.572199999999999897e-04 0.000000000000000000e+00
4.664599999999999758e-04 0.000000000000000000e+00
4.758799999999999771e-04 0.000000000000000000e+00
4.854999999999999832e-04 0.000000000000000000e+00
4.952999999999999504e-04 0.000000000000000000e+00
5.053100000000000256e-04 0.000000000000000000e+00
5.155199999999999973e-04 0.000000000000000000e+00
5.259299999999999739e-04 0.000000000000000000e+00
5.365600000000000534e-04 0.000000000000000000e+00
5.473900000000000293e-04 0.000000000000000000e+00
5.584500000000000488e-04 0.000000000000000000e+00
5.697299999999999543e-04 0.000000000000000000e+00
5.812400000000000119e-04 0.000000000000000000e+00
5.929900000000000535e-04 0.000000000000000000e+00
6.049599999999999813e-04 0.000000000000000000e+00
6.171899999999999912e-04 0.000000000000000000e+00
6.296500000000000447e-04 0.000000000000000000e+00
6.423699999999999636e-04 0.000000000000000000e+00
6.553499999999999647e-04 0.000000000000000000e+00
6.685900000000000480e-04 0.000000000000000000e+00
6.821000000000000457e-04 0.000000000000000000e+00
6.958799999999999578e-04 0.000000000000000000e+00
7.099300000000000012e-04 0.000000000000000000e+00
7.242699999999999486e-04 0.000000000000000000e+00
7.389099999999999575e-04 0.000000000000000000e+00
7.538300000000000382e-04 0.000000000000000000e+00
7.690600000000000127e-04 0.000000000000000000e+00
7.845999999999999893e-04 0.000000000000000000e+00
8.004499999999999680e-04 0.000000000000000000e+00
8.166199999999999978e-04 0.000000000000000000e+00
8.331099999999999704e-04 0.000000000000000000e+00
8.499399999999999837e-04 0.000000000000000000e+00
8.671100000000000379e-04 0.000000000000000000e+00
8.846299999999999650e-04 0.000000000000000000e+00
9.024999999999999819e-04 0.000000000000000000e+00
9.207300000000000293e-04 0.000000000000000000e+00
9.393300000000000477e-04 0.000000000000000000e+00
9.583099999999999778e-04 0.000000000000000000e+00
9.776699999999999280e-04 0.000000000000000000e+00
9.974199999999999473e-04 0.000000000000000000e+00
1.017600000000000015e-03 0.000000000000000000e+00
1.038099999999999917e-03 0.000000000000000000e+00
1.059100000000000102e-03 0.000000000000000000e+00
1.080500000000000080e-03 0.000000000000000000e+00
1.102300000000000068e-03 0.000000000000000000e+00
1.124599999999999905e-03 0.000000000000000000e+00
1.147299999999999969e-03 0.000000000000000000e+00
1.170500000000000099e-03 0.000000000000000000e+00
1.194100000000000023e-03 0.000000000000000000e+00
1.218200000000000012e-03 0.000000000000000000e+00
1.242899999999999908e-03 0.000000000000000000e+00
1.268000000000000030e-03 0.000000000000000000e+00
1.293600000000000002e-03 0.000000000000000000e+00
1.319700000000000040e-03 0.000000000000000000e+00
1.346399999999999984e-03 0.000000000000000000e+00
1.373599999999999995e-03 0.000000000000000000e+00
1.401300000000000072e-03 0.000000000000000000e+00
1.429600000000000055e-03 0.000000000000000000e+00
1.458499999999999944e-03 0.000000000000000000e+00
1.487999999999999956e-03 0.000000000000000000e+00
1.518000000000000035e-03 0.000000000000000000e+00
1.548700000000000077e-03 0.000000000000000000e+00
1.580000000000000024e-03 0.000000000000000000e+00
1.611900000000000095e-03 0.000000000000000000e+00
1.644499999999999912e-03 0.000000000000000000e+00
1.677700000000000068e-03 0.000000000000000000e+00
1.711599999999999970e-03 0.000000000000000000e+00
1.746200000000000052e-03 0.000000000000000000e+00
1.781400000000000041e-03 0.000000000000000000e+00
1.817400000000000048e-03 0.000000000000000000e+00
1.854100000000000019e-03 0.000000000000000000e+00
1.891600000000000009e-03 0.000000000000000000e+00
1.929799999999999962e-03 0.000000000000000000e+00
1.968800000000000151e-03 0.000000000000000000e+00
2.008600000000000142e-03 0.000000000000000000e+00
2.049099999999999880e-03 0.000000000000000000e+00
2.090499999999999910e-03 0.000000000000000000e+00
2.132799999999999800e-03 0.000000000000000000e+00
2.175799999999999870e-03 0.000000000000000000e+00
2.219800000000000072e-03 0.000000000000000000e+00
2.264599999999999860e-03 0.000000000000000000e+00
2.310400000000000214e-03 0.000000000000000000e+00
2.357099999999999994e-03 0.000000000000000000e+00
2.404700000000000067e-03 0.000000000000000000e+00
2.453299999999999838e-03 0.000000000000000000e+00
2.502799999999999903e-03 0.000000000000000000e+00
2.553399999999999941e-03 0.000000000000000000e+00
2.605000000000000111e-03 0.000000000000000000e+00
2.657599999999999980e-03 0.000000000000000000e+00
2.711299999999999821e-03 0.000000000000000000e+00
2.765999999999999796e-03 0.000000000000000000e+00
2.821900000000000016e-03 0.000000000000000000e+00
2.878900000000000209e-03 0.000000000000000000e+00
2.937100000000000214e-03 0.000000000000000000e+00
2.996400000000000192e-03 0.000000000000000000e+00
3.056899999999999982e-03 4.939369243562999941e-05
3.118699999999999858e-03 0.000000000000000000e+00
3.181699999999999980e-03 0.000000000000000000e+00
3.246000000000000187e-03 0.000000000000000000e+00
3.311500000000000207e-03 0.000000000000000000e+00
3.378400000000000153e-03 0.000000000000000000e+00
3.446700000000000024e-03 0.000000000000000000e+00
3.516299999999999981e-03 0.000000000000000000e+00
3.587400000000000137e-03 4.397053974538408274e-05
3.659799999999999946e-03 4.335291440637218920e-05
3.733799999999999793e-03 0.000000000000000000e+00
3.809199999999999999e-03 0.000000000000000000e+00
3.886099999999999971e-03 -4.157917715409455161e-05
3.964600000000000415e-03 -1.230390650582988078e-04
4.044700000000000031e-03 -1.213714980755346200e-04
4.126399999999999686e-03 -7.982438639242616589e-05
4.209799999999999653e-03 7.875566060375885683e-05
4.294799999999999660e-03 2.719766893889240386e-04
4.381600000000000251e-03 4.217548899815461833e-04
4.470100000000000288e-03 4.162645989229461340e-04
4.560400000000000044e-03 2.241482376389337819e-04
4.652500000000000385e-03 -2.582311182845514665e-04
4.746499999999999851e-03 -1.020259525901357541e-03
4.842400000000000176e-03 -1.907882290060386801e-03
4.940199999999999626e-03 -2.881077594447584156e-03
5.040000000000000209e-03 -3.655283136374587027e-03
5.141899999999999596e-03 -4.237147311025374861e-03
5.245699999999999842e-03 -4.564415838457330094e-03
5.351700000000000033e-03 -4.646202379181599632e-03
5.459799999999999896e-03 -4.625138117330553252e-03
5.570099999999999704e-03 -4.538310066767216149e-03
5.682600000000000325e-03 -4.486294876180615086e-03
5.797400000000000296e-03 -4.500501355480377406e-03
5.914499999999999619e-03 -4.642756846724161758e-03
6.034000000000000301e-03 -4.750452308235931197e-03
6.155899999999999740e-03 -4.887380886753022770e-03
6.280299999999999945e-03 -5.052629276347813010e-03
6.407200000000000048e-03 -5.153227562970315138e-03
6.536600000000000049e-03 -5.252224530443191756e-03
6.668600000000000222e-03 -5.349374138769412250e-03
6.803299999999999972e-03 -5.445064556373495346e-03
6.940799999999999574e-03 -5.539364174679789476e-03
7.080999999999999621e-03 -5.690704514369122370e-03
7.224000000000000386e-03 -5.810860368651162705e-03
7.369999999999999815e-03 -5.929465532857712898e-03
7.518900000000000236e-03 -6.046602670277279740e-03
7.670800000000000188e-03 -6.162350494121797764e-03
7.825699999999999670e-03 -6.304944864510508146e-03
7.983799999999999231e-03 -6.445834614795686694e-03
8.145100000000000603e-03 -6.558120284663663917e-03
8.309600000000000319e-03 -6.723949709473852829e-03
8.477500000000000660e-03 -6.861368391677689048e-03
8.648799999999999891e-03 -6.998004240116604928e-03
8.823499999999999746e-03 -7.133761088016190438e-03
9.001699999999999632e-03 -7.295636493988669723e-03
9.183600000000000096e-03 -7.430488548057099553e-03
9.369099999999999998e-03 -7.617295661719032489e-03
9.558300000000000476e-03 -7.777701760722613954e-03
9.751400000000000345e-03 -7.937981425600579288e-03
9.948399999999999604e-03 -8.098247789157160884e-03
1.014900000000000004e-02 -8.284417959747021956e-03
1.035400000000000036e-02 -8.445503476047784563e-03
1.056400000000000047e-02 -8.632493407434037661e-03
1.077700000000000012e-02 -8.845390000354835802e-03
1.099499999999999957e-02 -9.033982437229038862e-03
1.121699999999999954e-02 -9.224007762266344876e-03
1.144300000000000005e-02 -9.440125751519328270e-03
1.167499999999999961e-02 -9.633198573947711341e-03
1.191000000000000045e-02 -9.853026335655401882e-03
1.215100000000000034e-02 -1.005058343337716237e-02
1.239700000000000003e-02 -1.027515738691592122e-02
1.264700000000000026e-02 -1.050264856269117475e-02
1.290200000000000027e-02 -1.073329261228782305e-02
1.316299999999999935e-02 -1.096759916646194467e-02
1.342899999999999996e-02 -1.123016267534498146e-02
1.370000000000000037e-02 -1.147258825474346648e-02
1.397699999999999984e-02 -1.171950534990785255e-02
1.425900000000000084e-02 -1.199612887587378669e-02
1.454699999999999917e-02 -1.227821181448005353e-02
1.484100000000000003e-02 -1.254173442138726766e-02
1.514099999999999994e-02 -1.281170315568793544e-02
1.544700000000000066e-02 -1.311332569651464490e-02
1.575899999999999870e-02 -1.339747150094022787e-02
1.607700000000000101e-02 -1.371464239202049157e-02
1.640199999999999991e-02 -1.401548937642374711e-02
1.673399999999999888e-02 -1.432542404568051993e-02
1.707200000000000037e-02 -1.466994406888647365e-02
1.741600000000000092e-02 -1.497446008049922554e-02
1.776799999999999907e-02 -1.531516848417859879e-02
1.812700000000000075e-02 -1.564209166221239636e-02
1.849299999999999902e-02 -1.600651775835351676e-02
1.886699999999999836e-02 -1.635832145478346988e-02
1.924800000000000122e-02 -1.674958482122091905e-02
1.963700000000000168e-02 -1.710299281814416789e-02
2.003399999999999972e-02 -1.747082848042634876e-02
2.043800000000000130e-02 -1.785402147419036523e-02
2.085100000000000148e-02 -1.825308667861469392e-02
2.127199999999999924e-02 -1.864242382370632015e-02
2.170199999999999907e-02 -1.904872314356759883e-02
2.214100000000000096e-02 -1.944478430763953852e-02
2.258800000000000044e-02 -1.985945348597928373e-02
2.304399999999999851e-02 -2.029342988796146649e-02
2.350999999999999965e-02 -2.071796551512775780e-02
2.398499999999999938e-02 -2.113254917686724701e-02
2.446900000000000117e-02 -2.156757875419577919e-02
2.496400000000000008e-02 -2.202315637534475734e-02
2.546800000000000105e-02 -2.246867690101711501e-02
2.598200000000000162e-02 -2.290404919159845162e-02
2.650699999999999931e-02 -2.336008300870915863e-02
2.704300000000000107e-02 -2.380443690350773564e-02
2.758899999999999894e-02 -2.423596481158649465e-02
2.814600000000000088e-02 -2.472016992110339859e-02
2.871500000000000094e-02 -2.519129059343328675e-02
2.929500000000000159e-02 -2.561134875520759691e-02
2.988700000000000037e-02 -2.608345062625578095e-02
3.048999999999999974e-02 -2.653761491000124900e-02
3.110600000000000170e-02 -2.696968698225279265e-02
3.173499999999999932e-02 -2.741566770351881385e-02
3.237600000000000200e-02 -2.791349009912476309e-02
3.302999999999999686e-02 -2.834422838120266575e-02
3.369699999999999779e-02 -2.878421520768819145e-02
3.437799999999999884e-02 -2.923119442637156160e-02
3.507199999999999901e-02 -2.968254443047664559e-02
3.578100000000000031e-02 -3.009531364124029204e-02
3.650400000000000172e-02 -3.055321748117411848e-02
3.724100000000000327e-02 -3.101407569032567715e-02
3.799299999999999899e-02 -3.142774502219985999e-02
3.876099999999999685e-02 -3.188567197118712809e-02
3.954400000000000276e-02 -3.228941456412658811e-02
4.034299999999999692e-02 -3.278022501896835778e-02
4.115800000000000014e-02 -3.321044917116169198e-02
4.198899999999999855e-02 -3.367321510658783518e-02
4.283800000000000108e-02 -3.412174555203564136e-02
4.370299999999999879e-02 -3.460552917747560658e-02
4.458600000000000063e-02 -3.502583578607469661e-02
4.548599999999999866e-02 -3.559518772107700402e-02
4.640500000000000180e-02 -3.604737514215543281e-02
4.734300000000000314e-02 -3.654650450582054566e-02
4.829900000000000165e-02 -3.703811985205228419e-02
4.927499999999999936e-02 -3.757742385808019586e-02
5.027000000000000218e-02 -3.811263413735870714e-02
5.128599999999999826e-02 -3.858923584690655134e-02
5.232200000000000045e-02 -3.906770267176482014e-02
5.337900000000000283e-02 -3.961697303810844673e-02
5.445699999999999846e-02 -4.012388606331467045e-02
5.555700000000000222e-02 -4.052535119076457193e-02
5.668000000000000121e-02 -4.101671752739366461e-02
5.782500000000000140e-02 -4.141284895513638181e-02
5.899299999999999683e-02 -4.171513549875727894e-02
6.018400000000000138e-02 -4.199319939792436202e-02
6.140000000000000319e-02 -4.225212828950909022e-02
6.264100000000000223e-02 -4.235534519124462688e-02
6.390600000000000447e-02 -4.229636455230465636e-02
6.519700000000000495e-02 -4.220956926559279315e-02
6.651400000000000368e-02 -4.201953923991297302e-02
6.785800000000000165e-02 -4.163594441336002788e-02
6.922899999999999887e-02 -4.111519249059029935e-02
7.062699999999999534e-02 -4.035692458528723076e-02
7.205400000000000693e-02 -3.949429428250447738e-02
7.351000000000000589e-02 -3.841612559734732674e-02
7.499400000000000510e-02 -3.718302044341161711e-02
7.650899999999999368e-02 -3.566472089809399892e-02
7.805499999999999938e-02 -3.401325892395516692e-02
7.963199999999999446e-02 -3.209638924130457649e-02
8.124099999999999377e-02 -3.009954741267443015e-02
8.288199999999999734e-02 -2.791484895087747997e-02
8.455600000000000616e-02 -2.559995583020555771e-02
8.626399999999999346e-02 -2.321801892146557397e-02
8.800700000000000189e-02 -2.079896119087376247e-02
8.978500000000000369e-02 -1.840661426884674864e-02
9.159799999999999887e-02 -1.608076144793091355e-02
9.344900000000000428e-02 -1.388021571152883368e-02
9.533700000000000507e-02 -1.182741097013549625e-02
9.726300000000000223e-02 -9.931749549468901067e-03
9.922699999999999576e-02 -8.154787780681706927e-03
1.012300000000000005e-01 -6.493342740373319981e-03
1.032799999999999968e-01 -4.865549739429583798e-03
1.053599999999999953e-01 -3.223293666738077847e-03
1.074900000000000022e-01 -1.480183933855681519e-03
1.096599999999999936e-01 4.458143487699576277e-04
1.118799999999999933e-01 2.680147366646156055e-03
1.141400000000000053e-01 5.317968643838538213e-03
1.164400000000000018e-01 8.455356284258105579e-03
1.188000000000000028e-01 1.217416618035091491e-02
1.212000000000000022e-01 1.655436145673590265e-02
1.236499999999999960e-01 2.167231173132353611e-02
1.261400000000000021e-01 2.751658997752770217e-02
1.286899999999999988e-01 3.408156538897691434e-02
1.312899999999999900e-01 4.131582292243047433e-02
1.339400000000000035e-01 4.910761559736150084e-02
1.366499999999999937e-01 5.726369923004896029e-02
1.394100000000000061e-01 6.556087495354591399e-02
1.422299999999999953e-01 7.366633109387073219e-02
1.451000000000000068e-01 8.132499908864135318e-02
1.480299999999999949e-01 8.828317340590800810e-02
1.510199999999999876e-01 9.456999196355642123e-02
1.540700000000000125e-01 1.001616299923712289e-01
1.571799999999999864e-01 1.052910084638038202e-01
1.603600000000000025e-01 1.102376236287619660e-01
1.635999999999999954e-01 1.153297156307371146e-01
1.668999999999999928e-01 1.209828074256905223e-01
1.702799999999999869e-01 1.275913502490466367e-01
1.737100000000000033e-01 1.354445459277327235e-01
1.772199999999999886e-01 1.448416819551241186e-01
1.807999999999999885e-01 1.558267174581050296e-01
1.844600000000000128e-01 1.681994388029848797e-01
1.881799999999999862e-01 1.815920386343780613e-01
1.919800000000000118e-01 1.956088499538992942e-01
1.958600000000000063e-01 2.096068193291707182e-01
1.998199999999999976e-01 2.229015757167160106e-01
2.038600000000000134e-01 2.350355083143606527e-01
2.079699999999999882e-01 2.458232384381399682e-01
2.121800000000000075e-01 2.555030887585849619e-01
2.164600000000000135e-01 2.645373059153921513e-01
2.208299999999999985e-01 2.737828865005981771e-01
2.253000000000000003e-01 2.840450410702170525e-01
2.298499999999999988e-01 2.960408947035578220e-01
2.344900000000000040e-01 3.100542416985582750e-01
2.392299999999999982e-01 3.260656811208382244e-01
2.440599999999999992e-01 3.435568383325398045e-01
2.489899999999999891e-01 3.617686713754726391e-01
2.540200000000000236e-01 3.797567513979575593e-01
2.591499999999999915e-01 3.966089437576045262e-01
2.643900000000000139e-01 4.118889257365443979e-01
2.697300000000000253e-01 4.259604707140922097e-01
2.751799999999999802e-01 4.395489830112574436e-01
2.807399999999999896e-01 4.536172960275066668e-01
2.864099999999999979e-01 4.692377217967917957e-01
2.921900000000000053e-01 4.868051371334518596e-01
2.980999999999999761e-01 5.063930256966266974e-01
3.041200000000000014e-01 5.269341631672108672e-01
3.102599999999999802e-01 5.476763397862043359e-01
3.165299999999999780e-01 5.675820461419549545e-01
3.229199999999999848e-01 5.862357289402571059e-01
3.294500000000000206e-01 6.039682559695350728e-01
3.361000000000000099e-01 6.216983950619454635e-01
3.428899999999999726e-01 6.402494682533812487e-01
3.498200000000000198e-01 6.604262783963801287e-01
3.568899999999999850e-01 6.820314364467100487e-01
3.640900000000000247e-01 7.043978764545857363e-01
3.714500000000000024e-01 7.265861313087836892e-01
3.789500000000000091e-01 7.480818532272741628e-01
3.866100000000000092e-01 7.688066200471118661e-01
3.944199999999999928e-01 7.895551295971250383e-01
4.023900000000000254e-01 8.108249465104603315e-01
4.105199999999999960e-01 8.332337445508870566e-01
4.188100000000000156e-01 8.564522294760470444e-01
4.272699999999999831e-01 8.798927041104179780e-01
4.359000000000000097e-01 9.030493061078831429e-01
4.447099999999999942e-01 9.258327084314499356e-01
4.536899999999999822e-01 9.485722842421301371e-01
4.628599999999999937e-01 9.717236964517256270e-01
4.722100000000000186e-01 9.956075389974349266e-01
4.817400000000000015e-01 1.019756709548199636e+00
4.914799999999999724e-01 1.043929818492839390e+00
5.014100000000000223e-01 1.068003953081992252e+00
5.115300000000000402e-01 1.091969007141734505e+00
5.218699999999999450e-01 1.116267223906830308e+00
5.324100000000000499e-01 1.140735543620947645e+00
5.431700000000000417e-01 1.165499518644059984e+00
5.541399999999999659e-01 1.190360345474252179e+00
5.653299999999999992e-01 1.215298568987607908e+00
5.767499999999999849e-01 1.240283028382529018e+00
5.884000000000000341e-01 1.265333990544470932e+00
6.002899999999999903e-01 1.290440166041874503e+00
6.124199999999999644e-01 1.315573560159341016e+00
6.247899999999999565e-01 1.340767547695639772e+00
6.374100000000000321e-01 1.365975948301782372e+00
6.502900000000000347e-01 1.391278619334255895e+00
6.634200000000000097e-01 1.416563551044314195e+00
6.768300000000000427e-01 1.441932890949063628e+00
6.905000000000000027e-01 1.467325785149476980e+00
7.044500000000000206e-01 1.492697339767570908e+00
7.186799999999999855e-01 1.518164177933001513e+00
7.331999999999999629e-01 1.543617894437106619e+00
7.480099999999999527e-01 1.569018797447713665e+00
7.631200000000000205e-01 1.594485788988475816e+00
7.785400000000000098e-01 1.619940282619670269e+00
7.942599999999999660e-01 1.645393612710461362e+00
8.103099999999999747e-01 1.670803616718530060e+00
8.266799999999999704e-01 1.696185895859546156e+00
8.433800000000000185e-01 1.721545707991489982e+00
8.604100000000000081e-01 1.746862243547850913e+00
8.778000000000000247e-01 1.772163034090190603e+00
8.955300000000000482e-01 1.797356819635155478e+00
9.136199999999999877e-01 1.822552969824762670e+00
9.320800000000000196e-01 1.847714163668052967e+00
9.509100000000000330e-01 1.872795709122102581e+00
9.701100000000000279e-01 1.897809587886912341e+00
9.897099999999999786e-01 1.922791502509896944e+00
1.009700000000000042e+00 1.947683828750240487e+00
1.030100000000000016e+00 1.972541693500453386e+00
1.050899999999999945e+00 1.997322080570300473e+00
1.072100000000000053e+00 2.022021084344111763e+00
1.093800000000000106e+00 2.046648056919570635e+00
1.115899999999999892e+00 2.071177047721608488e+00
1.138400000000000079e+00 2.095638222566130526e+00
1.161399999999999988e+00 2.119995295855135353e+00
1.184900000000000064e+00 2.144231304884705480e+00
1.208800000000000097e+00 2.168366676440886209e+00
1.233300000000000063e+00 2.192391273801884033e+00
1.258199999999999985e+00 2.216296868982778445e+00
1.283600000000000074e+00 2.240077626671767241e+00
1.309500000000000108e+00 2.263753542801941077e+00
1.336000000000000076e+00 2.287280034436633525e+00
1.362999999999999989e+00 2.310660312918940917e+00
1.390500000000000069e+00 2.333900217870960692e+00
1.418600000000000083e+00 2.356986480230956804e+00
1.447200000000000042e+00 2.379959669571590553e+00
1.476499999999999924e+00 2.402759771619506601e+00
1.506299999999999972e+00 2.425409589756339468e+00
1.536699999999999955e+00 2.447872991040501489e+00
1.567800000000000082e+00 2.470219250875635542e+00
1.599399999999999933e+00 2.492386533206605748e+00
1.631799999999999917e+00 2.514353114784238397e+00
1.664700000000000069e+00 2.536191940865381689e+00
1.698399999999999910e+00 2.557864856624741279e+00
1.732699999999999907e+00 2.579347836897201596e+00
1.767700000000000049e+00 2.600625389632001294e+00
1.803399999999999892e+00 2.621810622715683881e+00
1.839800000000000102e+00 2.642777050483994916e+00
1.877000000000000002e+00 2.663569049218101448e+00
1.914900000000000047e+00 2.684174615542369136e+00
1.953600000000000003e+00 2.704618314980480331e+00
1.993000000000000105e+00 2.724897256030681891e+00
2.033300000000000107e+00 2.745031516925041437e+00
2.074399999999999800e+00 2.764920235201720811e+00
2.116299999999999848e+00 2.784677474106564965e+00
2.158999999999999808e+00 2.804293312706758634e+00
2.202599999999999891e+00 2.823724933772836732e+00
2.247100000000000097e+00 2.842991693552766819e+00
2.292499999999999982e+00 2.862118185043541541e+00
2.338799999999999990e+00 2.880989025665231740e+00
2.386099999999999888e+00 2.899810927634853375e+00
2.434299999999999908e+00 2.918451288510687469e+00
2.483499999999999819e+00 2.936911894457828076e+00
2.533599999999999852e+00 2.955225538936432361e+00
2.584799999999999986e+00 2.973397961336017303e+00
2.637000000000000011e+00 2.991440797870415391e+00
2.690300000000000136e+00 3.009360461411039633e+00
2.744699999999999918e+00 3.027106749237189476e+00
2.800100000000000033e+00 3.044679183753570051e+00
2.856700000000000017e+00 3.062215518741584930e+00
2.914400000000000102e+00 3.079548010986922435e+00
2.973300000000000054e+00 3.096801140282673170e+00
3.033300000000000107e+00 3.113859270079480268e+00
3.094599999999999795e+00 3.130884033127396826e+00
3.157099999999999795e+00 3.147713959698014374e+00
3.220899999999999874e+00 3.164489532456273402e+00
3.286000000000000032e+00 3.181090269927895786e+00
3.352300000000000058e+00 3.197660817408741529e+00
3.420100000000000140e+00 3.214127574034295165e+00
3.489199999999999857e+00 3.230480643961384679e+00
3.559600000000000097e+00 3.246665269302369872e+00
3.631600000000000161e+00 3.262866651731403778e+00
3.704899999999999860e+00 3.278914228757966232e+00
3.779799999999999827e+00 3.294908601023990080e+00
3.856100000000000083e+00 3.310789772892003491e+00
3.934000000000000163e+00 3.326618715176068886e+00
4.013499999999999623e+00 3.342339752426719990e+00
4.094599999999999795e+00 3.358045702294722545e+00
4.177299999999999791e+00 3.373627590000462195e+00
4.261700000000000266e+00 3.389171482459659490e+00
4.347800000000000331e+00 3.404661419682936785e+00
4.435599999999999987e+00 3.420054335000127566e+00
4.525199999999999889e+00 3.435457574992877294e+00
4.616600000000000037e+00 3.450764570797642428e+00
4.709900000000000198e+00 3.466055355022555684e+00
4.804999999999999716e+00 3.481269408891628281e+00
4.902099999999999902e+00 3.496474496107574659e+00
5.001100000000000101e+00 3.511596969774685828e+00
5.102100000000000080e+00 3.526743862213495451e+00
5.205199999999999605e+00 3.541869592355831209e+00
5.310399999999999565e+00 3.556881453683200967e+00
5.417600000000000193e+00 3.571940656582833551e+00
5.527099999999999902e+00 3.586968695230972504e+00
5.638700000000000045e+00 3.602004944682346999e+00
5.752600000000000158e+00 3.617014027119031638e+00
5.868900000000000006e+00 3.631976046835619254e+00
5.987400000000000055e+00 3.646978902907749731e+00
6.108399999999999608e+00 3.661966092525250183e+00
6.231799999999999784e+00 3.676939788918792917e+00
6.357700000000000351e+00 3.691938269123433258e+00
6.486100000000000421e+00 3.706946562406818302e+00
6.617099999999999760e+00 3.721921251522674723e+00
6.750799999999999912e+00 3.736948252588179198e+00
6.887199999999999989e+00 3.751984220959888816e+00
7.026299999999999990e+00 3.767055154551608442e+00
7.168199999999999683e+00 3.782128915617717357e+00
7.312999999999999723e+00 3.797228538594210168e+00
7.460799999999999876e+00 3.812369737094206457e+00
7.611500000000000377e+00 3.827535384423264908e+00
7.765299999999999869e+00 3.842755454338765198e+00
7.922100000000000364e+00 3.857962920668616125e+00
8.082200000000000273e+00 3.873267953399760710e+00
8.245400000000000063e+00 3.888591823596709407e+00
8.412000000000000810e+00 3.903972416752063967e+00
8.581899999999999196e+00 3.919355711498067940e+00
8.755300000000000082e+00 3.934823785136570606e+00
8.932199999999999918e+00 3.950335303864746184e+00
9.112600000000000477e+00 3.965905584559539676e+00
9.296699999999999520e+00 3.981497645148874831e+00
9.484500000000000597e+00 3.997207832476719513e+00
9.676099999999999923e+00 4.012907676674156932e+00
9.871600000000000819e+00 4.028600204690980569e+00
1.007099999999999973e+01 4.044404360656190356e+00
