# # k[h/Mpc], logBoost (P^NLCDM_NL/P^NLCDM_L)
1.000000000000000048e-04 0.000000000000000000e+00
1.020200000000000024e-04 0.000000000000000000e+00
1.040800000000000064e-04 0.000000000000000000e+00
1.061800000000000032e-04 0.000000000000000000e+00
1.083300000000000013e-04 0.000000000000000000e+00
1.105200000000000057e-04 0.000000000000000000e+00
1.127500000000000030e-04 0.000000000000000000e+00
1.150300000000000015e-04 0.000000000000000000e+00
1.173500000000000064e-04 0.000000000000000000e+00
1.197199999999999989e-04 0.000000000000000000e+00
1.221399999999999927e-04 0.000000000000000000e+00
1.246099999999999877e-04 0.000000000000000000e+00
1.271199999999999891e-04 0.000000000000000000e+00
1.296899999999999865e-04 0.000000000000000000e+00
1.323100000000000122e-04 0.000000000000000000e+00
1.349900000000000069e-04 0.000000000000000000e+00
1.377100000000000080e-04 0.000000000000000000e+00
1.404900000000000051e-04 0.000000000000000000e+00
1.433299999999999982e-04 0.000000000000000000e+00
1.462299999999999874e-04 0.000000000000000000e+00
1.491800000000000049e-04 0.000000000000000000e+00
1.522000000000000132e-04 0.000000000000000000e+00
1.552699999999999957e-04 0.000000000000000000e+00
1.584099999999999961e-04 0.000000000000000000e+00
1.616099999999999926e-04 0.000000000000000000e+00
1.648700000000000122e-04 0.000000000000000000e+00
1.681999999999999956e-04 0.000000000000000000e+00
1.715999999999999969e-04 0.000000000000000000e+00
1.750699999999999891e-04 0.000000000000000000e+00
1.786000000000000044e-04 0.000000000000000000e+00
1.822100000000000054e-04 0.000000000000000000e+00
1.858899999999999973e-04 0.000000000000000000e+00
1.896500000000000020e-04 0.000000000000000000e+00
1.934799999999999975e-04 0.000000000000000000e+00
1.973900000000000058e-04 0.000000000000000000e+00
2.013799999999999998e-04 0.000000000000000000e+00
2.054400000000000117e-04 0.000000000000000000e+00
2.095900000000000042e-04 0.000000000000000000e+00
2.138300000000000042e-04 0.000000000000000000e+00
2.181499999999999900e-04 0.000000000000000000e+00
2.225499999999999885e-04 0.000000000000000000e+00
2.270499999999999895e-04 0.000000000000000000e+00
2.316399999999999980e-04 0.000000000000000000e+00
2.363199999999999871e-04 0.000000000000000000e+00
2.410900000000000109e-04 0.000000000000000000e+00
2.459599999999999829e-04 0.000000000000000000e+00
2.509300000000000115e-04 0.000000000000000000e+00
2.559999999999999884e-04 0.000000000000000000e+00
2.611700000000000219e-04 0.000000000000000000e+00
2.664499999999999985e-04 0.000000000000000000e+00
2.718299999999999775e-04 0.000000000000000000e+00
2.773200000000000079e-04 0.000000000000000000e+00
2.829199999999999814e-04 0.000000000000000000e+00
2.886400000000000012e-04 0.000000000000000000e+00
2.944700000000000182e-04 0.000000000000000000e+00
3.004199999999999731e-04 0.000000000000000000e+00
3.064899999999999743e-04 0.000000000000000000e+00
3.126800000000000217e-04 0.000000000000000000e+00
3.189900000000000070e-04 0.000000000000000000e+00
3.254399999999999741e-04 0.000000000000000000e+00
3.320099999999999874e-04 0.000000000000000000e+00
3.387199999999999825e-04 0.000000000000000000e+00
3.455600000000000186e-04 0.000000000000000000e+00
3.525399999999999823e-04 0.000000000000000000e+00
3.596599999999999819e-04 0.000000000000000000e+00
3.669300000000000122e-04 0.000000000000000000e+00
3.743400000000000243e-04 0.000000000000000000e+00
3.819000000000000129e-04 0.000000000000000000e+00
3.896200000000000271e-04 0.000000000000000000e+00
3.974900000000000178e-04 0.000000000000000000e+00
4.055199999999999799e-04 0.000000000000000000e+00
4.137100000000000217e-04 0.000000000000000000e+00
4.220699999999999756e-04 0.000000000000000000e+00
4.306000000000000040e-04 0.000000000000000000e+00
4.392900000000000038e-04 0.000000000000000000e+00
4.481700000000000137e-04 0.000000000000000000e+00
4.572199999999999897e-04 0.000000000000000000e+00
4.664599999999999758e-04 0.000000000000000000e+00
4.758799999999999771e-04 0.000000000000000000e+00
4.854999999999999832e-04 0.000000000000000000e+00
4.952999999999999504e-04 0.000000000000000000e+00
5.053100000000000256e-04 0.000000000000000000e+00
5.155199999999999973e-04 0.000000000000000000e+00
5.259299999999999739e-04 0.000000000000000000e+00
5.365600000000000534e-04 0.000000000000000000e+00
5.473900000000000293e-04 0.000000000000000000e+00
5.584500000000000488e-04 0.000000000000000000e+00
5.697299999999999543e-04 0.000000000000000000e+00
5.812400000000000119e-04 0.000000000000000000e+00
5.929900000000000535e-04 0.000000000000000000e+00
6.049599999999999813e-04 0.000000000000000000e+00
6.171899999999999912e-04 0.000000000000000000e+00
6.296500000000000447e-04 0.000000000000000000e+00
6.423699999999999636e-04 0.000000000000000000e+00
6.553499999999999647e-04 0.000000000000000000e+00
6.685900000000000480e-04 0.000000000000000000e+00
6.821000000000000457e-04 0.000000000000000000e+00
6.958799999999999578e-04 0.000000000000000000e+00
7.099300000000000012e-04 0.000000000000000000e+00
7.242699999999999486e-04 0.000000000000000000e+00
7.389099999999999575e-04 0.000000000000000000e+00
7.538300000000000382e-04 0.000000000000000000e+00
7.690600000000000127e-04 0.000000000000000000e+00
7.845999999999999893e-04 0.000000000000000000e+00
8.004499999999999680e-04 0.000000000000000000e+00
8.166199999999999978e-04 0.000000000000000000e+00
8.331099999999999704e-04 0.000000000000000000e+00
8.499399999999999837e-04 0.000000000000000000e+00
8.671100000000000379e-04 0.000000000000000000e+00
8.846299999999999650e-04 0.000000000000000000e+00
9.024999999999999819e-04 0.000000000000000000e+00
9.207300000000000293e-04 0.000000000000000000e+00
9.393300000000000477e-04 0.000000000000000000e+00
9.583099999999999778e-04 0.000000000000000000e+00
9.776699999999999280e-04 0.000000000000000000e+00
9.974199999999999473e-04 0.000000000000000000e+00
1.017600000000000015e-03 0.000000000000000000e+00
1.038099999999999917e-03 0.000000000000000000e+00
1.059100000000000102e-03 0.000000000000000000e+00
1.080500000000000080e-03 0.000000000000000000e+00
1.102300000000000068e-03 0.000000000000000000e+00
1.124599999999999905e-03 0.000000000000000000e+00
1.147299999999999969e-03 0.000000000000000000e+00
1.170500000000000099e-03 0.000000000000000000e+00
1.194100000000000023e-03 0.000000000000000000e+00
1.218200000000000012e-03 0.000000000000000000e+00
1.242899999999999908e-03 0.000000000000000000e+00
1.268000000000000030e-03 0.000000000000000000e+00
1.293600000000000002e-03 0.000000000000000000e+00
1.319700000000000040e-03 0.000000000000000000e+00
1.346399999999999984e-03 0.000000000000000000e+00
1.373599999999999995e-03 0.000000000000000000e+00
1.401300000000000072e-03 0.000000000000000000e+00
1.429600000000000055e-03 0.000000000000000000e+00
1.458499999999999944e-03 0.000000000000000000e+00
1.487999999999999956e-03 0.000000000000000000e+00
1.518000000000000035e-03 0.000000000000000000e+00
1.548700000000000077e-03 0.000000000000000000e+00
1.580000000000000024e-03 0.000000000000000000e+00
1.611900000000000095e-03 0.000000000000000000e+00
1.644499999999999912e-03 0.000000000000000000e+00
1.677700000000000068e-03 0.000000000000000000e+00
1.711599999999999970e-03 0.000000000000000000e+00
1.746200000000000052e-03 0.000000000000000000e+00
1.781400000000000041e-03 0.000000000000000000e+00
1.817400000000000048e-03 0.000000000000000000e+00
1.854100000000000019e-03 0.000000000000000000e+00
1.891600000000000009e-03 0.000000000000000000e+00
1.929799999999999962e-03 0.000000000000000000e+00
1.968800000000000151e-03 0.000000000000000000e+00
2.008600000000000142e-03 0.000000000000000000e+00
2.049099999999999880e-03 0.000000000000000000e+00
2.090499999999999910e-03 0.000000000000000000e+00
2.132799999999999800e-03 0.000000000000000000e+00
2.175799999999999870e-03 0.000000000000000000e+00
2.219800000000000072e-03 0.000000000000000000e+00
2.264599999999999860e-03 0.000000000000000000e+00
2.310400000000000214e-03 0.000000000000000000e+00
2.357099999999999994e-03 0.000000000000000000e+00
2.404700000000000067e-03 0.000000000000000000e+00
2.453299999999999838e-03 0.000000000000000000e+00
2.502799999999999903e-03 0.000000000000000000e+00
2.553399999999999941e-03 0.000000000000000000e+00
2.605000000000000111e-03 0.000000000000000000e+00
2.657599999999999980e-03 0.000000000000000000e+00
2.711299999999999821e-03 0.000000000000000000e+00
2.765999999999999796e-03 0.000000000000000000e+00
2.821900000000000016e-03 0.000000000000000000e+00
2.878900000000000209e-03 0.000000000000000000e+00
2.937100000000000214e-03 0.000000000000000000e+00
2.996400000000000192e-03 0.000000000000000000e+00
3.056899999999999982e-03 0.000000000000000000e+00
3.118699999999999858e-03 0.000000000000000000e+00
3.181699999999999980e-03 0.000000000000000000e+00
3.246000000000000187e-03 0.000000000000000000e+00
3.311500000000000207e-03 0.000000000000000000e+00
3.378400000000000153e-03 0.000000000000000000e+00
3.446700000000000024e-03 0.000000000000000000e+00
3.516299999999999981e-03 0.000000000000000000e+00
3.587400000000000137e-03 0.000000000000000000e+00
3.659799999999999946e-03 0.000000000000000000e+00
3.733799999999999793e-03 0.000000000000000000e+00
3.809199999999999999e-03 0.000000000000000000e+00
3.886099999999999971e-03 0.000000000000000000e+00
3.964600000000000415e-03 5.430208249819287064e-05
4.044700000000000031e-03 0.000000000000000000e+00
4.126399999999999686e-03 0.000000000000000000e+00
4.209799999999999653e-03 -5.220977890341151707e-05
4.294799999999999660e-03 -5.154240652636185826e-05
4.381600000000000251e-03 -5.089188021153741705e-05
4.470100000000000288e-03 0.000000000000000000e+00
4.560400000000000044e-03 4.963148622501559242e-05
4.652500000000000385e-03 1.960880441598853536e-04
4.746499999999999851e-03 2.421483412562924298e-04
4.842400000000000176e-03 1.914150362355682665e-04
4.940199999999999626e-03 4.729362246377267413e-05
5.040000000000000209e-03 -3.272633798114294866e-04
5.141899999999999596e-03 -7.858546573390915802e-04
5.245699999999999842e-03 -1.325744782625085192e-03
5.351700000000000033e-03 -1.853903901921528626e-03
5.459799999999999896e-03 -2.236436947721458235e-03
5.570099999999999704e-03 -2.433683362296974392e-03
5.682600000000000325e-03 -2.539183572484315574e-03
5.797400000000000296e-03 -2.555828894580688179e-03
5.914499999999999619e-03 -2.529421939795904739e-03
6.034000000000000301e-03 -2.461278560569010385e-03
6.155899999999999740e-03 -2.436771225091368624e-03
6.280299999999999945e-03 -2.496153062108284748e-03
6.407200000000000048e-03 -2.554700800207070337e-03
6.536600000000000049e-03 -2.612353010193553017e-03
6.668600000000000222e-03 -2.709754747007369572e-03
6.803299999999999972e-03 -2.765588247409511095e-03
6.940799999999999574e-03 -2.820652208786163153e-03
7.080999999999999621e-03 -2.875206297475820828e-03
7.224000000000000386e-03 -2.890175422233385878e-03
7.369999999999999815e-03 -2.944026918181541410e-03
7.518900000000000236e-03 -2.997465928875709361e-03
7.670800000000000188e-03 -3.050526674473883013e-03
7.825699999999999670e-03 -3.103359414552749312e-03
7.983799999999999231e-03 -3.155880441712388684e-03
8.145100000000000603e-03 -3.208239713686117899e-03
8.309600000000000319e-03 -3.260469727979966453e-03
8.477500000000000660e-03 -3.349470345327600941e-03
8.648799999999999891e-03 -3.364913017332469419e-03
8.823499999999999746e-03 -3.417191052469797149e-03
9.001699999999999632e-03 -3.505795375571763711e-03
9.183600000000000096e-03 -3.558274937761577317e-03
9.369099999999999998e-03 -3.611080275030759904e-03
9.558300000000000476e-03 -3.664245726383857579e-03
9.751400000000000345e-03 -3.717805468465934689e-03
9.948399999999999604e-03 -3.771926566007605900e-03
1.014900000000000004e-02 -3.861686385781915986e-03
1.035400000000000036e-02 -3.916910652365151492e-03
1.056400000000000047e-02 -3.972961244579382468e-03
1.077700000000000012e-02 -4.029742130731370393e-03
1.099499999999999957e-02 -4.122145885820651008e-03
1.121699999999999954e-02 -4.146229421330048515e-03
1.144300000000000005e-02 -4.240581418037400914e-03
1.167499999999999961e-02 -4.301525929242748340e-03
1.191000000000000045e-02 -4.329457334778113314e-03
1.215100000000000034e-02 -4.427443609362580017e-03
1.239700000000000003e-02 -4.492694080463792948e-03
1.264700000000000026e-02 -4.525204842378863397e-03
1.290200000000000027e-02 -4.627971442167985207e-03
1.316299999999999935e-02 -4.664091585528058748e-03
1.342899999999999996e-02 -4.702014737883231967e-03
1.370000000000000037e-02 -4.776395177619605775e-03
1.397699999999999984e-02 -4.852958293088517096e-03
1.425900000000000084e-02 -4.897236991236440275e-03
1.454699999999999917e-02 -4.978574797205178107e-03
1.484100000000000003e-02 -5.027837010218847748e-03
1.514099999999999994e-02 -5.114388811786728210e-03
1.544700000000000066e-02 -5.134037296411765941e-03
1.575899999999999870e-02 -5.191354743597029892e-03
1.607700000000000101e-02 -5.251576083874553123e-03
1.640199999999999991e-02 -5.279487858605336377e-03
1.673399999999999888e-02 -5.345891059257957233e-03
1.707200000000000037e-02 -5.379634965955202436e-03
1.741600000000000092e-02 -5.416544496325739755e-03
1.776799999999999907e-02 -5.493020232457484185e-03
1.812700000000000075e-02 -5.536726950086458786e-03
1.849299999999999902e-02 -5.509859552624014889e-03
1.886699999999999836e-02 -5.559819542109116844e-03
1.924800000000000122e-02 -5.575872487944131227e-03
1.963700000000000168e-02 -5.632960011395319808e-03
2.003399999999999972e-02 -5.617127727145765012e-03
2.043800000000000130e-02 -5.681391264610910485e-03
2.085100000000000148e-02 -5.671092703816280403e-03
2.127199999999999924e-02 -5.663251955151372280e-03
2.170199999999999907e-02 -5.657952371406954617e-03
2.214100000000000096e-02 -5.654825755446955468e-03
2.258800000000000044e-02 -5.612503559857002361e-03
2.304399999999999851e-02 -5.571280185312805534e-03
2.350999999999999965e-02 -5.573911442572626086e-03
2.398499999999999938e-02 -5.535109688425020845e-03
2.446900000000000117e-02 -5.496955059719984583e-03
2.496400000000000008e-02 -5.414198390872514317e-03
2.546800000000000105e-02 -5.330160117434909473e-03
2.598200000000000162e-02 -5.291141508700292900e-03
2.650699999999999931e-02 -5.156373325068844791e-03
2.704300000000000107e-02 -5.066015023900034830e-03
2.758899999999999894e-02 -4.923056264497125897e-03
2.814600000000000088e-02 -4.774490987746414332e-03
2.871500000000000094e-02 -4.619665115428833388e-03
2.929500000000000159e-02 -4.458132848136804778e-03
2.988700000000000037e-02 -4.234763915843963930e-03
3.048999999999999974e-02 -4.056124466390251433e-03
3.110600000000000170e-02 -3.868256714980175363e-03
3.173499999999999932e-02 -3.554057401416746854e-03
3.237600000000000200e-02 -3.342688004732615251e-03
3.302999999999999686e-02 -2.997402458258616089e-03
3.369699999999999779e-02 -2.696179957276900480e-03
3.437799999999999884e-02 -2.378428145287785848e-03
3.507199999999999901e-02 -1.977066678000613097e-03
3.578100000000000031e-02 -1.689132525529616442e-03
3.650400000000000172e-02 -1.246796587362497934e-03
3.724100000000000327e-02 -7.810004301985880261e-04
3.799299999999999899e-02 -3.638083497761707250e-04
3.876099999999999685e-02 7.455175759228221391e-05
3.954400000000000276e-02 5.345347765776987687e-04
4.034299999999999692e-02 1.172837227368807517e-03
4.115800000000000014e-02 1.680470927217203939e-03
4.198899999999999855e-02 2.210126549378592289e-03
4.283800000000000108e-02 2.761161441328065496e-03
4.370299999999999879e-02 3.418514567484084565e-03
4.458600000000000063e-02 4.011866535650069655e-03
4.548599999999999866e-02 4.535155165391362847e-03
4.640500000000000180e-02 5.164224387651836223e-03
4.734300000000000314e-02 5.810484413094509429e-03
4.829900000000000165e-02 6.379606964038987867e-03
4.927499999999999936e-02 6.962023256641662258e-03
5.027000000000000218e-02 7.654705270755624881e-03
5.128599999999999826e-02 8.265323055043991701e-03
5.232200000000000045e-02 8.919044178335014394e-03
5.337900000000000283e-02 9.537733902539294664e-03
5.445699999999999846e-02 1.019152473231078361e-02
5.555700000000000222e-02 1.087239424517440559e-02
5.668000000000000121e-02 1.156143440280935249e-02
5.782500000000000140e-02 1.228195894346928267e-02
5.899299999999999683e-02 1.302701250756833039e-02
6.018400000000000138e-02 1.381105760048998050e-02
6.140000000000000319e-02 1.463976784560928543e-02
6.264100000000000223e-02 1.550809910707388536e-02
6.390600000000000447e-02 1.644641260235763305e-02
6.519700000000000495e-02 1.745232503247286932e-02
6.651400000000000368e-02 1.853575981237666828e-02
6.785800000000000165e-02 1.973312772644307198e-02
6.922899999999999887e-02 2.103316988004245297e-02
7.062699999999999534e-02 2.247552212411706510e-02
7.205400000000000693e-02 2.404974540753667192e-02
7.351000000000000589e-02 2.577093228403632558e-02
7.499400000000000510e-02 2.765340659915916169e-02
7.650899999999999368e-02 2.972650036096299159e-02
7.805499999999999938e-02 3.198894309681606096e-02
7.963199999999999446e-02 3.442009915733627162e-02
8.124099999999999377e-02 3.705858185267228017e-02
8.288199999999999734e-02 3.987415801258037407e-02
8.455600000000000616e-02 4.286264746706533457e-02
8.626399999999999346e-02 4.597424347044655468e-02
8.800700000000000189e-02 4.920443024215536559e-02
8.978500000000000369e-02 5.254444735263460314e-02
9.159799999999999887e-02 5.587071837505443866e-02
9.344900000000000428e-02 5.912840728819766106e-02
9.533700000000000507e-02 6.230550171183973918e-02
9.726300000000000223e-02 6.530710208566062325e-02
9.922699999999999576e-02 6.810573061182953469e-02
1.012300000000000005e-01 7.062115138553479166e-02
1.032799999999999968e-01 7.294413843903262140e-02
1.053599999999999953e-01 7.497643186600788656e-02
1.074900000000000022e-01 7.688567163193615883e-02
1.096599999999999936e-01 7.866883844603315967e-02
1.118799999999999933e-01 8.044564335318581116e-02
1.141400000000000053e-01 8.232129701430621060e-02
1.164400000000000018e-01 8.437842778658563581e-02
1.188000000000000028e-01 8.675747321779474219e-02
1.212000000000000022e-01 8.951669299770924348e-02
1.236499999999999960e-01 9.279759729525191569e-02
1.261400000000000021e-01 9.664999918951469593e-02
1.286899999999999988e-01 1.011505070546176027e-01
1.312899999999999900e-01 1.063566373389511072e-01
1.339400000000000035e-01 1.123159942635714864e-01
1.366499999999999937e-01 1.190278317563576577e-01
1.394100000000000061e-01 1.263283797822201682e-01
1.422299999999999953e-01 1.341195454842617485e-01
1.451000000000000068e-01 1.420227030659654555e-01
1.480299999999999949e-01 1.498693596553307417e-01
1.510199999999999876e-01 1.571957491716669542e-01
1.540700000000000125e-01 1.638208668744320640e-01
1.571799999999999864e-01 1.696069380639501634e-01
1.603600000000000025e-01 1.745602816810262747e-01
1.635999999999999954e-01 1.786383822186567438e-01
1.668999999999999928e-01 1.822725359846112947e-01
1.702799999999999869e-01 1.856367859048069502e-01
1.737100000000000033e-01 1.893265540789552948e-01
1.772199999999999886e-01 1.936717072772392856e-01
1.807999999999999885e-01 1.991925072982327072e-01
1.844600000000000128e-01 2.061328632480451672e-01
1.881799999999999862e-01 2.146418313904572273e-01
1.919800000000000118e-01 2.247120411217608249e-01
1.958600000000000063e-01 2.360311184548186392e-01
1.998199999999999976e-01 2.483424694042449254e-01
2.038600000000000134e-01 2.608514598427115749e-01
2.079699999999999882e-01 2.730365329289550780e-01
2.121800000000000075e-01 2.840708098973352413e-01
2.164600000000000135e-01 2.937112601792832844e-01
2.208299999999999985e-01 3.017950123982263144e-01
2.253000000000000003e-01 3.087237662479603295e-01
2.298499999999999988e-01 3.152348734878413494e-01
2.344900000000000040e-01 3.222687280960833678e-01
2.392299999999999982e-01 3.307015529062737880e-01
2.440599999999999992e-01 3.410736318930819300e-01
2.489899999999999891e-01 3.536458187699964562e-01
2.540200000000000236e-01 3.681014313417798611e-01
2.591499999999999915e-01 3.839051645777398214e-01
2.643900000000000139e-01 3.999297070362521911e-01
2.697300000000000253e-01 4.153440342062267865e-01
2.751799999999999802e-01 4.291959376178320906e-01
2.807399999999999896e-01 4.413948157914652226e-01
2.864099999999999979e-01 4.524531193723873579e-01
2.921900000000000053e-01 4.633641824635309492e-01
2.980999999999999761e-01 4.752620914751872205e-01
3.041200000000000014e-01 4.890431053389301397e-01
3.102599999999999802e-01 5.050068818116565383e-01
3.165299999999999780e-01 5.227722636359763975e-01
3.229199999999999848e-01 5.413011177630244752e-01
3.294500000000000206e-01 5.595117161257802119e-01
3.361000000000000099e-01 5.766275351484974054e-01
3.428899999999999726e-01 5.924377210092482970e-01
3.498200000000000198e-01 6.075183689409987542e-01
3.568899999999999850e-01 6.230434632483262680e-01
3.640900000000000247e-01 6.398596852123804579e-01
3.714500000000000024e-01 6.584395755623180246e-01
3.789500000000000091e-01 6.783870501464771552e-01
3.866100000000000092e-01 6.988080117643018507e-01
3.944199999999999928e-01 7.188117764666970277e-01
4.023900000000000254e-01 7.379798427775068337e-01
4.105199999999999960e-01 7.566326148905047067e-01
4.188100000000000156e-01 7.755406471261024892e-01
4.272699999999999831e-01 7.954313171731750565e-01
4.359000000000000097e-01 8.165640339345848764e-01
4.447099999999999942e-01 8.383672023782193783e-01
4.536899999999999822e-01 8.602880261287020325e-01
4.628599999999999937e-01 8.818241652437825984e-01
4.722100000000000186e-01 9.031141613386470812e-01
4.817400000000000015e-01 9.245925831765715586e-01
4.914799999999999724e-01 9.468183319455751867e-01
5.014100000000000223e-01 9.697471576190470621e-01
5.115300000000000402e-01 9.929827026467605844e-01
5.218699999999999450e-01 1.016201476460141029e+00
5.324100000000000499e-01 1.039440421154258498e+00
5.431700000000000417e-01 1.062934665482712093e+00
5.541399999999999659e-01 1.086643118688104703e+00
5.653299999999999992e-01 1.110597564504071988e+00
5.767499999999999849e-01 1.134757175617730818e+00
5.884000000000000341e-01 1.159105481988028874e+00
6.002899999999999903e-01 1.183714545982545108e+00
6.124199999999999644e-01 1.208425927718335346e+00
6.247899999999999565e-01 1.233312461737156918e+00
6.374100000000000321e-01 1.258446512364386427e+00
6.502900000000000347e-01 1.283696643677561422e+00
6.634200000000000097e-01 1.309087674220388964e+00
6.768300000000000427e-01 1.334615817597759824e+00
6.905000000000000027e-01 1.360271922479588502e+00
7.044500000000000206e-01 1.386038016591442545e+00
7.186799999999999855e-01 1.411917906041767701e+00
7.331999999999999629e-01 1.437918903858633302e+00
7.480099999999999527e-01 1.463998922766650557e+00
7.631200000000000205e-01 1.490172216256539839e+00
7.785400000000000098e-01 1.516426483310802542e+00
7.942599999999999660e-01 1.542764792273115804e+00
8.103099999999999747e-01 1.569126457888122106e+00
8.266799999999999704e-01 1.595578778870295089e+00
8.433800000000000185e-01 1.622084767858171350e+00
8.604100000000000081e-01 1.648607649149635979e+00
8.778000000000000247e-01 1.675214581721113927e+00
8.955300000000000482e-01 1.701838073266894069e+00
9.136199999999999877e-01 1.728446928928861315e+00
9.320800000000000196e-01 1.755126711980554699e+00
9.509100000000000330e-01 1.781793740375086754e+00
9.701100000000000279e-01 1.808497296598656101e+00
9.897099999999999786e-01 1.835203093391356344e+00
1.009700000000000042e+00 1.861896041576971639e+00
1.030100000000000016e+00 1.888578021170902677e+00
1.050899999999999945e+00 1.915309137235325032e+00
1.072100000000000053e+00 1.942007358932037464e+00
1.093800000000000106e+00 1.968705927864716543e+00
1.115899999999999892e+00 1.995342655507889473e+00
1.138400000000000079e+00 2.021940116925395436e+00
1.161399999999999988e+00 2.048555284125914255e+00
1.184900000000000064e+00 2.075171137225383600e+00
1.208800000000000097e+00 2.101702634070888198e+00
1.233300000000000063e+00 2.128203093955301384e+00
1.258199999999999985e+00 2.154590215894112593e+00
1.283600000000000074e+00 2.181033278282760612e+00
1.309500000000000108e+00 2.207298172790121971e+00
1.336000000000000076e+00 2.233561654956068399e+00
1.362999999999999989e+00 2.259773933668965729e+00
1.390500000000000069e+00 2.285889076689469501e+00
1.418600000000000083e+00 2.311921700639630206e+00
1.447200000000000042e+00 2.337897993189659296e+00
1.476499999999999924e+00 2.363782807214204862e+00
1.506299999999999972e+00 2.389451819469397442e+00
1.536699999999999955e+00 2.415186995710596474e+00
1.567800000000000082e+00 2.440723632552104227e+00
1.599399999999999933e+00 2.466199997297967794e+00
1.631799999999999917e+00 2.491627121004845513e+00
1.664700000000000069e+00 2.516852624918021419e+00
1.698399999999999910e+00 2.541994946696527702e+00
1.732699999999999907e+00 2.566967316892291517e+00
1.767700000000000049e+00 2.591878170193532505e+00
1.803399999999999892e+00 2.616626084357619231e+00
1.839800000000000102e+00 2.641313200292020102e+00
1.877000000000000002e+00 2.665749487012004870e+00
1.914900000000000047e+00 2.690115322915507257e+00
1.953600000000000003e+00 2.714334426400353273e+00
1.993000000000000105e+00 2.738408716915967656e+00
2.033300000000000107e+00 2.762335926293819632e+00
2.074399999999999800e+00 2.786102331714268132e+00
2.116299999999999848e+00 2.809710883346339561e+00
2.158999999999999808e+00 2.833171937046003563e+00
2.202599999999999891e+00 2.856492254417843490e+00
2.247100000000000097e+00 2.879618966119902979e+00
2.292499999999999982e+00 2.902581433003140532e+00
2.338799999999999990e+00 2.925383417863700153e+00
2.386099999999999888e+00 2.948024809491027298e+00
2.434299999999999908e+00 2.970483927500249699e+00
2.483499999999999819e+00 2.992741088616078571e+00
2.533599999999999852e+00 3.014859598473227376e+00
2.584799999999999986e+00 3.036775762529879685e+00
2.637000000000000011e+00 3.058505097613381185e+00
2.690300000000000136e+00 3.080058364289870010e+00
2.744699999999999918e+00 3.101433613953215929e+00
2.800100000000000033e+00 3.122597958570718202e+00
2.856700000000000017e+00 3.143586960658463880e+00
2.914400000000000102e+00 3.164395346752918226e+00
2.973300000000000054e+00 3.184969367396075501e+00
3.033300000000000107e+00 3.205386642367158867e+00
3.094599999999999795e+00 3.225621089175232825e+00
3.157099999999999795e+00 3.245638031654557221e+00
3.220899999999999874e+00 3.265460621752236836e+00
3.286000000000000032e+00 3.285112902641353472e+00
3.352300000000000058e+00 3.304544236167605398e+00
3.420100000000000140e+00 3.323777218752311136e+00
3.489199999999999857e+00 3.342793653473583149e+00
3.559600000000000097e+00 3.361656148069918970e+00
3.631600000000000161e+00 3.380290134272502911e+00
3.704899999999999860e+00 3.398753525897324046e+00
3.779799999999999827e+00 3.416945738630294827e+00
3.856100000000000083e+00 3.435032490776368519e+00
3.934000000000000163e+00 3.452899137607095881e+00
4.013499999999999623e+00 3.470569345026965458e+00
4.094599999999999795e+00 3.488005348958156393e+00
4.177299999999999791e+00 3.505313557178087347e+00
4.261700000000000266e+00 3.522373356054798954e+00
4.347800000000000331e+00 3.539276383952175475e+00
4.435599999999999987e+00 3.555955844983337055e+00
4.525199999999999889e+00 3.572475408751958348e+00
4.616600000000000037e+00 3.588777504421780673e+00
4.709900000000000198e+00 3.604873430971044623e+00
4.804999999999999716e+00 3.620788826657210802e+00
4.902099999999999902e+00 3.636551323210003961e+00
5.001100000000000101e+00 3.652079871464036565e+00
5.102100000000000080e+00 3.667480396887656813e+00
5.205199999999999605e+00 3.682645071097581102e+00
5.310399999999999565e+00 3.697617816201911545e+00
5.417600000000000193e+00 3.712445831339416635e+00
5.527099999999999902e+00 3.727087969066815276e+00
5.638700000000000045e+00 3.741515763062911670e+00
5.752600000000000158e+00 3.755801381785115467e+00
5.868900000000000006e+00 3.769869470245860832e+00
5.987400000000000055e+00 3.783745436837306464e+00
6.108399999999999608e+00 3.797497112634860450e+00
6.231799999999999784e+00 3.811074839180436769e+00
6.357700000000000351e+00 3.824461270692098402e+00
6.486100000000000421e+00 3.837650332266596909e+00
6.617099999999999760e+00 3.850635228692389056e+00
6.750799999999999912e+00 3.863546120694481445e+00
6.887199999999999989e+00 3.876236466579773055e+00
7.026299999999999990e+00 3.888677044497837798e+00
7.168199999999999683e+00 3.901080532315958749e+00
7.312999999999999723e+00 3.913257116407930170e+00
7.460799999999999876e+00 3.925280550306139649e+00
7.611500000000000377e+00 3.937092178847555246e+00
7.765299999999999869e+00 3.948755014696875953e+00
7.922100000000000364e+00 3.960304363776963932e+00
8.082200000000000273e+00 3.971649636304608766e+00
8.245400000000000063e+00 3.982834686410189562e+00
8.412000000000000810e+00 3.993920080536531803e+00
8.581899999999999196e+00 4.004748704912326041e+00
8.755300000000000082e+00 4.015478813937793490e+00
8.932199999999999918e+00 4.026047277325406348e+00
9.112600000000000477e+00 4.036470339717913802e+00
9.296699999999999520e+00 4.046790487916809731e+00
9.484500000000000597e+00 4.056855899673594834e+00
9.676099999999999923e+00 4.066850586462356532e+00
9.871600000000000819e+00 4.076703223170546231e+00
1.007099999999999973e+01 4.086428433660270976e+00
