# # k[h/Mpc], logBoost (P^NLCDM_NL/P^NLCDM_L)
1.000000000000000048e-04 0.000000000000000000e+00
1.020200000000000024e-04 0.000000000000000000e+00
1.040800000000000064e-04 0.000000000000000000e+00
1.061800000000000032e-04 0.000000000000000000e+00
1.083300000000000013e-04 0.000000000000000000e+00
1.105200000000000057e-04 0.000000000000000000e+00
1.127500000000000030e-04 0.000000000000000000e+00
1.150300000000000015e-04 0.000000000000000000e+00
1.173500000000000064e-04 0.000000000000000000e+00
1.197199999999999989e-04 0.000000000000000000e+00
1.221399999999999927e-04 0.000000000000000000e+00
1.246099999999999877e-04 0.000000000000000000e+00
1.271199999999999891e-04 0.000000000000000000e+00
1.296899999999999865e-04 0.000000000000000000e+00
1.323100000000000122e-04 0.000000000000000000e+00
1.349900000000000069e-04 0.000000000000000000e+00
1.377100000000000080e-04 0.000000000000000000e+00
1.404900000000000051e-04 0.000000000000000000e+00
1.433299999999999982e-04 0.000000000000000000e+00
1.462299999999999874e-04 0.000000000000000000e+00
1.491800000000000049e-04 0.000000000000000000e+00
1.522000000000000132e-04 0.000000000000000000e+00
1.552699999999999957e-04 0.000000000000000000e+00
1.584099999999999961e-04 0.000000000000000000e+00
1.616099999999999926e-04 0.000000000000000000e+00
1.648700000000000122e-04 0.000000000000000000e+00
1.681999999999999956e-04 0.000000000000000000e+00
1.715999999999999969e-04 0.000000000000000000e+00
1.750699999999999891e-04 0.000000000000000000e+00
1.786000000000000044e-04 0.000000000000000000e+00
1.822100000000000054e-04 0.000000000000000000e+00
1.858899999999999973e-04 0.000000000000000000e+00
1.896500000000000020e-04 0.000000000000000000e+00
1.934799999999999975e-04 0.000000000000000000e+00
1.973900000000000058e-04 0.000000000000000000e+00
2.013799999999999998e-04 0.000000000000000000e+00
2.054400000000000117e-04 0.000000000000000000e+00
2.095900000000000042e-04 0.000000000000000000e+00
2.138300000000000042e-04 0.000000000000000000e+00
2.181499999999999900e-04 0.000000000000000000e+00
2.225499999999999885e-04 0.000000000000000000e+00
2.270499999999999895e-04 0.000000000000000000e+00
2.316399999999999980e-04 0.000000000000000000e+00
2.363199999999999871e-04 0.000000000000000000e+00
2.410900000000000109e-04 0.000000000000000000e+00
2.459599999999999829e-04 0.000000000000000000e+00
2.509300000000000115e-04 0.000000000000000000e+00
2.559999999999999884e-04 0.000000000000000000e+00
2.611700000000000219e-04 0.000000000000000000e+00
2.664499999999999985e-04 0.000000000000000000e+00
2.718299999999999775e-04 0.000000000000000000e+00
2.773200000000000079e-04 0.000000000000000000e+00
2.829199999999999814e-04 0.000000000000000000e+00
2.886400000000000012e-04 0.000000000000000000e+00
2.944700000000000182e-04 0.000000000000000000e+00
3.004199999999999731e-04 0.000000000000000000e+00
3.064899999999999743e-04 0.000000000000000000e+00
3.126800000000000217e-04 0.000000000000000000e+00
3.189900000000000070e-04 0.000000000000000000e+00
3.254399999999999741e-04 0.000000000000000000e+00
3.320099999999999874e-04 0.000000000000000000e+00
3.387199999999999825e-04 0.000000000000000000e+00
3.455600000000000186e-04 0.000000000000000000e+00
3.525399999999999823e-04 0.000000000000000000e+00
3.596599999999999819e-04 0.000000000000000000e+00
3.669300000000000122e-04 0.000000000000000000e+00
3.743400000000000243e-04 0.000000000000000000e+00
3.819000000000000129e-04 0.000000000000000000e+00
3.896200000000000271e-04 0.000000000000000000e+00
3.974900000000000178e-04 0.000000000000000000e+00
4.055199999999999799e-04 0.000000000000000000e+00
4.137100000000000217e-04 0.000000000000000000e+00
4.220699999999999756e-04 0.000000000000000000e+00
4.306000000000000040e-04 0.000000000000000000e+00
4.392900000000000038e-04 0.000000000000000000e+00
4.481700000000000137e-04 0.000000000000000000e+00
4.572199999999999897e-04 0.000000000000000000e+00
4.664599999999999758e-04 0.000000000000000000e+00
4.758799999999999771e-04 0.000000000000000000e+00
4.854999999999999832e-04 0.000000000000000000e+00
4.952999999999999504e-04 0.000000000000000000e+00
5.053100000000000256e-04 0.000000000000000000e+00
5.155199999999999973e-04 0.000000000000000000e+00
5.259299999999999739e-04 0.000000000000000000e+00
5.365600000000000534e-04 0.000000000000000000e+00
5.473900000000000293e-04 0.000000000000000000e+00
5.584500000000000488e-04 0.000000000000000000e+00
5.697299999999999543e-04 0.000000000000000000e+00
5.812400000000000119e-04 0.000000000000000000e+00
5.929900000000000535e-04 0.000000000000000000e+00
6.049599999999999813e-04 0.000000000000000000e+00
6.171899999999999912e-04 0.000000000000000000e+00
6.296500000000000447e-04 0.000000000000000000e+00
6.423699999999999636e-04 0.000000000000000000e+00
6.553499999999999647e-04 0.000000000000000000e+00
6.685900000000000480e-04 0.000000000000000000e+00
6.821000000000000457e-04 0.000000000000000000e+00
6.958799999999999578e-04 0.000000000000000000e+00
7.099300000000000012e-04 0.000000000000000000e+00
7.242699999999999486e-04 0.000000000000000000e+00
7.389099999999999575e-04 0.000000000000000000e+00
7.538300000000000382e-04 0.000000000000000000e+00
7.690600000000000127e-04 0.000000000000000000e+00
7.845999999999999893e-04 0.000000000000000000e+00
8.004499999999999680e-04 0.000000000000000000e+00
8.166199999999999978e-04 0.000000000000000000e+00
8.331099999999999704e-04 0.000000000000000000e+00
8.499399999999999837e-04 0.000000000000000000e+00
8.671100000000000379e-04 0.000000000000000000e+00
8.846299999999999650e-04 0.000000000000000000e+00
9.024999999999999819e-04 0.000000000000000000e+00
9.207300000000000293e-04 0.000000000000000000e+00
9.393300000000000477e-04 0.000000000000000000e+00
9.583099999999999778e-04 0.000000000000000000e+00
9.776699999999999280e-04 0.000000000000000000e+00
9.974199999999999473e-04 0.000000000000000000e+00
1.017600000000000015e-03 0.000000000000000000e+00
1.038099999999999917e-03 0.000000000000000000e+00
1.059100000000000102e-03 0.000000000000000000e+00
1.080500000000000080e-03 0.000000000000000000e+00
1.102300000000000068e-03 0.000000000000000000e+00
1.124599999999999905e-03 0.000000000000000000e+00
1.147299999999999969e-03 0.000000000000000000e+00
1.170500000000000099e-03 0.000000000000000000e+00
1.194100000000000023e-03 0.000000000000000000e+00
1.218200000000000012e-03 0.000000000000000000e+00
1.242899999999999908e-03 0.000000000000000000e+00
1.268000000000000030e-03 0.000000000000000000e+00
1.293600000000000002e-03 0.000000000000000000e+00
1.319700000000000040e-03 0.000000000000000000e+00
1.346399999999999984e-03 0.000000000000000000e+00
1.373599999999999995e-03 0.000000000000000000e+00
1.401300000000000072e-03 0.000000000000000000e+00
1.429600000000000055e-03 0.000000000000000000e+00
1.458499999999999944e-03 0.000000000000000000e+00
1.487999999999999956e-03 0.000000000000000000e+00
1.518000000000000035e-03 0.000000000000000000e+00
1.548700000000000077e-03 0.000000000000000000e+00
1.580000000000000024e-03 0.000000000000000000e+00
1.611900000000000095e-03 0.000000000000000000e+00
1.644499999999999912e-03 0.000000000000000000e+00
1.677700000000000068e-03 0.000000000000000000e+00
1.711599999999999970e-03 0.000000000000000000e+00
1.746200000000000052e-03 0.000000000000000000e+00
1.781400000000000041e-03 0.000000000000000000e+00
1.817400000000000048e-03 0.000000000000000000e+00
1.854100000000000019e-03 0.000000000000000000e+00
1.891600000000000009e-03 0.000000000000000000e+00
1.929799999999999962e-03 0.000000000000000000e+00
1.968800000000000151e-03 0.000000000000000000e+00
2.008600000000000142e-03 0.000000000000000000e+00
2.049099999999999880e-03 0.000000000000000000e+00
2.090499999999999910e-03 0.000000000000000000e+00
2.132799999999999800e-03 0.000000000000000000e+00
2.175799999999999870e-03 0.000000000000000000e+00
2.219800000000000072e-03 0.000000000000000000e+00
2.264599999999999860e-03 0.000000000000000000e+00
2.310400000000000214e-03 0.000000000000000000e+00
2.357099999999999994e-03 0.000000000000000000e+00
2.404700000000000067e-03 0.000000000000000000e+00
2.453299999999999838e-03 0.000000000000000000e+00
2.502799999999999903e-03 0.000000000000000000e+00
2.553399999999999941e-03 0.000000000000000000e+00
2.605000000000000111e-03 0.000000000000000000e+00
2.657599999999999980e-03 0.000000000000000000e+00
2.711299999999999821e-03 0.000000000000000000e+00
2.765999999999999796e-03 0.000000000000000000e+00
2.821900000000000016e-03 0.000000000000000000e+00
2.878900000000000209e-03 0.000000000000000000e+00
2.937100000000000214e-03 0.000000000000000000e+00
2.996400000000000192e-03 0.000000000000000000e+00
3.056899999999999982e-03 0.000000000000000000e+00
3.118699999999999858e-03 0.000000000000000000e+00
3.181699999999999980e-03 0.000000000000000000e+00
3.246000000000000187e-03 0.000000000000000000e+00
3.311500000000000207e-03 0.000000000000000000e+00
3.378400000000000153e-03 -7.548024308217315351e-05
3.446700000000000024e-03 0.000000000000000000e+00
3.516299999999999981e-03 0.000000000000000000e+00
3.587400000000000137e-03 0.000000000000000000e+00
3.659799999999999946e-03 0.000000000000000000e+00
3.733799999999999793e-03 0.000000000000000000e+00
3.809199999999999999e-03 0.000000000000000000e+00
3.886099999999999971e-03 6.782649983953614574e-05
3.964600000000000415e-03 0.000000000000000000e+00
4.044700000000000031e-03 -6.585663014002134043e-05
4.126399999999999686e-03 -6.490766886384411968e-05
4.209799999999999653e-03 -6.397747994894266378e-05
4.294799999999999660e-03 -6.306959732153815388e-05
4.381600000000000251e-03 -6.218325406968323106e-05
4.470100000000000288e-03 0.000000000000000000e+00
4.560400000000000044e-03 1.813839601090735108e-04
4.652500000000000385e-03 2.981603528453855641e-04
4.746499999999999851e-03 3.529411801342454184e-04
4.842400000000000176e-03 2.321532221685329990e-04
4.940199999999999626e-03 -1.145606599946789455e-04
5.040000000000000209e-03 -7.351070477205087859e-04
5.141899999999999596e-03 -1.451703214189036016e-03
5.245699999999999842e-03 -2.260760247178617965e-03
5.351700000000000033e-03 -2.941018404397701194e-03
5.459799999999999896e-03 -3.442899737423546404e-03
5.570099999999999704e-03 -3.719649328272598993e-03
5.682600000000000325e-03 -3.831925110916614349e-03
5.797400000000000296e-03 -3.785820676207847166e-03
5.914499999999999619e-03 -3.740812479345475249e-03
6.034000000000000301e-03 -3.646312153020198586e-03
6.155899999999999740e-03 -3.704449570725792864e-03
6.280299999999999945e-03 -3.712048609004765364e-03
6.407200000000000048e-03 -3.866583384669968447e-03
6.536600000000000049e-03 -3.969411737222361229e-03
6.668600000000000222e-03 -4.070399490372879174e-03
6.803299999999999972e-03 -4.169436533881591168e-03
6.940799999999999574e-03 -4.266798174133818074e-03
7.080999999999999621e-03 -4.316052645056792612e-03
7.224000000000000386e-03 -4.364712541320763146e-03
7.369999999999999815e-03 -4.458403272449679676e-03
7.518900000000000236e-03 -4.550684822746036383e-03
7.670800000000000188e-03 -4.641829356704205330e-03
7.825699999999999670e-03 -4.731904904470122381e-03
7.983799999999999231e-03 -4.777044254759171479e-03
8.145100000000000603e-03 -4.865555452182556730e-03
8.309600000000000319e-03 -4.996349283447193423e-03
8.477500000000000660e-03 -5.082982987591202172e-03
8.648799999999999891e-03 -5.126804018025155583e-03
8.823499999999999746e-03 -5.254872838358697409e-03
9.001699999999999632e-03 -5.381852411041302027e-03
9.183600000000000096e-03 -5.425230211891336578e-03
9.369099999999999998e-03 -5.551343491405166808e-03
9.558300000000000476e-03 -5.635888478193843386e-03
9.751400000000000345e-03 -5.720676925935203570e-03
9.948399999999999604e-03 -5.845965809321418752e-03
1.014900000000000004e-02 -5.971123998940665485e-03
1.035400000000000036e-02 -6.056519290397655367e-03
1.056400000000000047e-02 -6.142403746228765685e-03
1.077700000000000012e-02 -6.307925508849615906e-03
1.099499999999999957e-02 -6.395062695523627376e-03
1.121699999999999954e-02 -6.483131475428250204e-03
1.144300000000000005e-02 -6.611465766169243898e-03
1.167499999999999961e-02 -6.740553916788337777e-03
1.191000000000000045e-02 -6.832288751161477366e-03
1.215100000000000034e-02 -6.925501882885216030e-03
1.239700000000000003e-02 -7.020534081669542806e-03
1.264700000000000026e-02 -7.194000336981564055e-03
1.290200000000000027e-02 -7.292752964439797557e-03
1.316299999999999935e-02 -7.393889923947262292e-03
1.342899999999999996e-02 -7.535429171622236126e-03
1.370000000000000037e-02 -7.641315289266522280e-03
1.397699999999999984e-02 -7.750209752934693851e-03
1.425900000000000084e-02 -7.900075270341574973e-03
1.454699999999999917e-02 -8.015085357548360628e-03
1.484100000000000003e-02 -8.133525132041860908e-03
1.514099999999999994e-02 -8.217660853632464957e-03
1.544700000000000066e-02 -8.343382304438031957e-03
1.575899999999999870e-02 -8.473656565183330241e-03
1.607700000000000101e-02 -8.569622818360021071e-03
1.640199999999999991e-02 -8.670352788858597462e-03
1.673399999999999888e-02 -8.814020842687999777e-03
1.707200000000000037e-02 -8.924318921931196844e-03
1.741600000000000092e-02 -9.039653416509446648e-03
1.776799999999999907e-02 -9.160607455784867612e-03
1.812700000000000075e-02 -9.287082561693043095e-03
1.849299999999999902e-02 -9.380118435559121545e-03
1.886699999999999836e-02 -9.479119899410666863e-03
1.924800000000000122e-02 -9.624098403895024398e-03
1.963700000000000168e-02 -9.695338944877304396e-03
2.003399999999999972e-02 -9.813143911535822383e-03
2.043800000000000130e-02 -9.897021730031525452e-03
2.085100000000000148e-02 -9.987289486195658275e-03
2.127199999999999924e-02 -1.008425913788166435e-02
2.170199999999999907e-02 -1.018784596864479551e-02
2.214100000000000096e-02 -1.029883985853903734e-02
2.258800000000000044e-02 -1.037393889057972030e-02
2.304399999999999851e-02 -1.045578925096247828e-02
2.350999999999999965e-02 -1.049994205659541581e-02
2.398499999999999938e-02 -1.059440856330154390e-02
2.446900000000000117e-02 -1.069625861394246126e-02
2.496400000000000008e-02 -1.071299240956082900e-02
2.546800000000000105e-02 -1.078064343831158962e-02
2.598200000000000162e-02 -1.085447320232560929e-02
2.650699999999999931e-02 -1.088590298154727340e-02
2.704300000000000107e-02 -1.092104196547943884e-02
2.758899999999999894e-02 -1.091055785182042798e-02
2.814600000000000088e-02 -1.095234556157603963e-02
2.871500000000000094e-02 -1.099791645447907931e-02
2.929500000000000159e-02 -1.094114328258426541e-02
2.988700000000000037e-02 -1.093668757761451400e-02
3.048999999999999974e-02 -1.093205749261455702e-02
3.110600000000000170e-02 -1.087118720363904403e-02
3.173499999999999932e-02 -1.080661182222363362e-02
3.237600000000000200e-02 -1.073812448275007249e-02
3.302999999999999686e-02 -1.066423993642801223e-02
3.369699999999999779e-02 -1.058466954026928732e-02
3.437799999999999884e-02 -1.043638088902119378e-02
3.507199999999999901e-02 -1.033991937169633120e-02
3.578100000000000031e-02 -1.017001556486042506e-02
3.650400000000000172e-02 -9.987598628348305987e-03
3.724100000000000327e-02 -9.790850744637116104e-03
3.799299999999999899e-02 -9.579928199464876615e-03
3.876099999999999685e-02 -9.353690980551590886e-03
3.954400000000000276e-02 -9.040172610512391474e-03
4.034299999999999692e-02 -8.779942480633511070e-03
4.115800000000000014e-02 -8.501880952313646198e-03
4.198899999999999855e-02 -8.205097032042724114e-03
4.283800000000000108e-02 -7.812539736793624665e-03
4.370299999999999879e-02 -7.397923394696668403e-03
4.458600000000000063e-02 -7.040332841539474230e-03
4.548599999999999866e-02 -6.583725105869137582e-03
4.640500000000000180e-02 -6.107262173073156088e-03
4.734300000000000314e-02 -5.694259248300640591e-03
4.829900000000000165e-02 -5.098427191767762254e-03
4.927499999999999936e-02 -4.652941857664670035e-03
5.027000000000000218e-02 -4.108187907293105352e-03
5.128599999999999826e-02 -3.462007958426156599e-03
5.232200000000000045e-02 -2.800141836610233262e-03
5.337900000000000283e-02 -2.211313978798865217e-03
5.445699999999999846e-02 -1.430487503656032713e-03
5.555700000000000222e-02 -7.230004833697893001e-04
5.668000000000000121e-02 0.000000000000000000e+00
5.782500000000000140e-02 8.316777266336426461e-04
5.899299999999999683e-02 1.683187231127627288e-03
6.018400000000000138e-02 2.556698518781245003e-03
6.140000000000000319e-02 3.551037850225434271e-03
6.264100000000000223e-02 4.479945163091528064e-03
6.390600000000000447e-02 5.541825167915117797e-03
6.519700000000000495e-02 6.707581724777114847e-03
6.651400000000000368e-02 7.896088381075017787e-03
6.785800000000000165e-02 9.156910377305786317e-03
6.922899999999999887e-02 1.049007595530711441e-02
7.062699999999999534e-02 1.190680388439465526e-02
7.205400000000000693e-02 1.340781964506920602e-02
7.351000000000000589e-02 1.502770084223359684e-02
7.499400000000000510e-02 1.675508803717643339e-02
7.650899999999999368e-02 1.860037803513760885e-02
7.805499999999999938e-02 2.057271461888959471e-02
7.963199999999999446e-02 2.267834809168880333e-02
8.124099999999999377e-02 2.493596706654030784e-02
8.288199999999999734e-02 2.730441567442481662e-02
8.455600000000000616e-02 2.983728797863673468e-02
8.626399999999999346e-02 3.249658971129564672e-02
8.800700000000000189e-02 3.525014072514177227e-02
8.978500000000000369e-02 3.810750211440433466e-02
9.159799999999999887e-02 4.100644610064820006e-02
9.344900000000000428e-02 4.392643285881741438e-02
9.533700000000000507e-02 4.685045569953043970e-02
9.726300000000000223e-02 4.969055288426252326e-02
9.922699999999999576e-02 5.248995846000412829e-02
1.012300000000000005e-01 5.517831485928886143e-02
1.032799999999999968e-01 5.781520293767918039e-02
1.053599999999999953e-01 6.039494963581168441e-02
1.074900000000000022e-01 6.293359040478874178e-02
1.096599999999999936e-01 6.554040775239808325e-02
1.118799999999999933e-01 6.819399391065959770e-02
1.141400000000000053e-01 7.098421375658064969e-02
1.164400000000000018e-01 7.398508154296849770e-02
1.188000000000000028e-01 7.720853797716104028e-02
1.212000000000000022e-01 8.072750440464597499e-02
1.236499999999999960e-01 8.458923985078622976e-02
1.261400000000000021e-01 8.885122394663926004e-02
1.286899999999999988e-01 9.361037754874697303e-02
1.312899999999999900e-01 9.879552439806138509e-02
1.339400000000000035e-01 1.045303072841369946e-01
1.366499999999999937e-01 1.107380430753335532e-01
1.394100000000000061e-01 1.173735317182185434e-01
1.422299999999999953e-01 1.242702917264816020e-01
1.451000000000000068e-01 1.312800164833757555e-01
1.480299999999999949e-01 1.380874106790076217e-01
1.510199999999999876e-01 1.446237033794661730e-01
1.540700000000000125e-01 1.506639961203659617e-01
1.571799999999999864e-01 1.561235617097532780e-01
1.603600000000000025e-01 1.611057955136001862e-01
1.635999999999999954e-01 1.657464214775740408e-01
1.668999999999999928e-01 1.701829106251089296e-01
1.702799999999999869e-01 1.747692276303050851e-01
1.737100000000000033e-01 1.797417284565293594e-01
1.772199999999999886e-01 1.854775292105258211e-01
1.807999999999999885e-01 1.921958208096914977e-01
1.844600000000000128e-01 2.000275184044207899e-01
1.881799999999999862e-01 2.088955103097570321e-01
1.919800000000000118e-01 2.189403781855812081e-01
1.958600000000000063e-01 2.298177067669338602e-01
1.998199999999999976e-01 2.411988876467522080e-01
2.038600000000000134e-01 2.524481169580762852e-01
2.079699999999999882e-01 2.631739576958457838e-01
2.121800000000000075e-01 2.729990608925472184e-01
2.164600000000000135e-01 2.816507520474255677e-01
2.208299999999999985e-01 2.894074602292752707e-01
2.253000000000000003e-01 2.966763661951711262e-01
2.298499999999999988e-01 3.042018349669627919e-01
2.344900000000000040e-01 3.126688083330826928e-01
2.392299999999999982e-01 3.225193778309917714e-01
2.440599999999999992e-01 3.340609149375722842e-01
2.489899999999999891e-01 3.472793963433838949e-01
2.540200000000000236e-01 3.617632056432218413e-01
2.591499999999999915e-01 3.768993518461656311e-01
2.643900000000000139e-01 3.916511137603189696e-01
2.697300000000000253e-01 4.055764278032633618e-01
2.751799999999999802e-01 4.181445589738484458e-01
2.807399999999999896e-01 4.297173743050378136e-01
2.864099999999999979e-01 4.409646597574327087e-01
2.921900000000000053e-01 4.528484200898821865e-01
2.980999999999999761e-01 4.660637338925374684e-01
3.041200000000000014e-01 4.811655919111058610e-01
3.102599999999999802e-01 4.979532560349442250e-01
3.165299999999999780e-01 5.157084995454181975e-01
3.229199999999999848e-01 5.335679372666431997e-01
3.294500000000000206e-01 5.507461488300837704e-01
3.361000000000000099e-01 5.668474427838654517e-01
3.428899999999999726e-01 5.823064258621971634e-01
3.498200000000000198e-01 5.979044680340159790e-01
3.568899999999999850e-01 6.144051387475447656e-01
3.640900000000000247e-01 6.324813762570433706e-01
3.714500000000000024e-01 6.519233529098392710e-01
3.789500000000000091e-01 6.720448075533831389e-01
3.866100000000000092e-01 6.921322123082841449e-01
3.944199999999999928e-01 7.116169631493425296e-01
4.023900000000000254e-01 7.306110996986462380e-01
4.105199999999999960e-01 7.497391049985161482e-01
4.188100000000000156e-01 7.695677900704187557e-01
4.272699999999999831e-01 7.905564892346452766e-01
4.359000000000000097e-01 8.123903090282015294e-01
4.447099999999999942e-01 8.344705624503599983e-01
4.536899999999999822e-01 8.564269722869480850e-01
4.628599999999999937e-01 8.781375283304487800e-01
4.722100000000000186e-01 8.999931957577317343e-01
4.817400000000000015e-01 9.224006486479718880e-01
4.914799999999999724e-01 9.455343631328338994e-01
5.014100000000000223e-01 9.691243529421779135e-01
5.115300000000000402e-01 9.928248239815110621e-01
5.218699999999999450e-01 1.016481279743726596e+00
5.324100000000000499e-01 1.040433235839379522e+00
5.431700000000000417e-01 1.064641084663513926e+00
5.541399999999999659e-01 1.089137772649154678e+00
5.653299999999999992e-01 1.113819350877532699e+00
5.767499999999999849e-01 1.138782814747467231e+00
5.884000000000000341e-01 1.163866829293607852e+00
6.002899999999999903e-01 1.189155912487742883e+00
6.124199999999999644e-01 1.214660807330115500e+00
6.247899999999999565e-01 1.240296138054402642e+00
6.374100000000000321e-01 1.266071931912984727e+00
6.502900000000000347e-01 1.291976432934390129e+00
6.634200000000000097e-01 1.318011380812774913e+00
6.768300000000000427e-01 1.344209102442232684e+00
6.905000000000000027e-01 1.370490762897568660e+00
7.044500000000000206e-01 1.396851459091100534e+00
7.186799999999999855e-01 1.423288141848953137e+00
7.331999999999999629e-01 1.449866536002315076e+00
7.480099999999999527e-01 1.476467401447099093e+00
7.631200000000000205e-01 1.503072079090609359e+00
7.785400000000000098e-01 1.529707489859461811e+00
7.942599999999999660e-01 1.556456957881272363e+00
8.103099999999999747e-01 1.583162586048759257e+00
8.266799999999999704e-01 1.609884379342864547e+00
8.433800000000000185e-01 1.636577551193726610e+00
8.604100000000000081e-01 1.663245283959540410e+00
8.778000000000000247e-01 1.689871201238629439e+00
8.955300000000000482e-01 1.716464555832825090e+00
9.136199999999999877e-01 1.743005393504189371e+00
9.320800000000000196e-01 1.769470803790918145e+00
9.509100000000000330e-01 1.795869497144595650e+00
9.701100000000000279e-01 1.822189636913716937e+00
9.897099999999999786e-01 1.848444546860055882e+00
1.009700000000000042e+00 1.874586076856439965e+00
1.030100000000000016e+00 1.900605403950136552e+00
1.050899999999999945e+00 1.926566026123671227e+00
1.072100000000000053e+00 1.952351587246281994e+00
1.093800000000000106e+00 1.978056864809565329e+00
1.115899999999999892e+00 2.003628196747357926e+00
1.138400000000000079e+00 2.029046715964300418e+00
1.161399999999999988e+00 2.054330807867665865e+00
1.184900000000000064e+00 2.079421706510095724e+00
1.208800000000000097e+00 2.104386905987595480e+00
1.233300000000000063e+00 2.129201923560946508e+00
1.258199999999999985e+00 2.153846147048765314e+00
1.283600000000000074e+00 2.178312228114180904e+00
1.309500000000000108e+00 2.202586043992274867e+00
1.336000000000000076e+00 2.226662764283987350e+00
1.362999999999999989e+00 2.250505482399262291e+00
1.390500000000000069e+00 2.274230717993944495e+00
1.418600000000000083e+00 2.297697083100193272e+00
1.447200000000000042e+00 2.321038657634304947e+00
1.476499999999999924e+00 2.344068991095225041e+00
1.506299999999999972e+00 2.366940950636408303e+00
1.536699999999999955e+00 2.389596469983675586e+00
1.567800000000000082e+00 2.411982895428481655e+00
1.599399999999999933e+00 2.434185589691212126e+00
1.631799999999999917e+00 2.456167924989260509e+00
1.664700000000000069e+00 2.477921161342567125e+00
1.698399999999999910e+00 2.499402974443474257e+00
1.732699999999999907e+00 2.520637733619261134e+00
1.767700000000000049e+00 2.541689744602375178e+00
1.803399999999999892e+00 2.562539205305985668e+00
1.839800000000000102e+00 2.583079989443000546e+00
1.877000000000000002e+00 2.603366523914646180e+00
1.914900000000000047e+00 2.623408072392573676e+00
1.953600000000000003e+00 2.643285614201335676e+00
1.993000000000000105e+00 2.662810754607205510e+00
2.033300000000000107e+00 2.682138975856315000e+00
2.074399999999999800e+00 2.701266048621047577e+00
2.116299999999999848e+00 2.720119616805424023e+00
2.158999999999999808e+00 2.738715716413353540e+00
2.202599999999999891e+00 2.757079483588812607e+00
2.247100000000000097e+00 2.775273223834128444e+00
2.292499999999999982e+00 2.793154563516419664e+00
2.338799999999999990e+00 2.810805440587057280e+00
2.386099999999999888e+00 2.828215722515791342e+00
2.434299999999999908e+00 2.845407336042994118e+00
2.483499999999999819e+00 2.862381729107915884e+00
2.533599999999999852e+00 2.879129910544242943e+00
2.584799999999999986e+00 2.895679343289105478e+00
2.637000000000000011e+00 2.912033254677344196e+00
2.690300000000000136e+00 2.928102785550245279e+00
2.744699999999999918e+00 2.944004295422201434e+00
2.800100000000000033e+00 2.959689026699178882e+00
2.856700000000000017e+00 2.975170364741386742e+00
2.914400000000000102e+00 2.990470034471834904e+00
2.973300000000000054e+00 3.005572210702328384e+00
3.033300000000000107e+00 3.020499449549033155e+00
3.094599999999999795e+00 3.035208457178086405e+00
3.157099999999999795e+00 3.049757334708572909e+00
3.220899999999999874e+00 3.064153521109080902e+00
3.286000000000000032e+00 3.078335351102543971e+00
3.352300000000000058e+00 3.092403943026888147e+00
3.420100000000000140e+00 3.106291830824324585e+00
3.489199999999999857e+00 3.120024257991975247e+00
3.559600000000000097e+00 3.133600988108936836e+00
3.631600000000000161e+00 3.147047862711900290e+00
3.704899999999999860e+00 3.160339712066207785e+00
3.779799999999999827e+00 3.173509235865136890e+00
3.856100000000000083e+00 3.186563787206015963e+00
3.934000000000000163e+00 3.199490665904943576e+00
4.013499999999999623e+00 3.212278927288545916e+00
4.094599999999999795e+00 3.224950080898807414e+00
4.177299999999999791e+00 3.237524383946273954e+00
4.261700000000000266e+00 3.249986670208671491e+00
4.347800000000000331e+00 3.262381884183819469e+00
4.435599999999999987e+00 3.274656057702173051e+00
4.525199999999999889e+00 3.286841873174620066e+00
4.616600000000000037e+00 3.298968079189916747e+00
4.709900000000000198e+00 3.311002841928263329e+00
4.804999999999999716e+00 3.323012341096351019e+00
4.902099999999999902e+00 3.334890446151046017e+00
5.001100000000000101e+00 3.346771321481715855e+00
5.102100000000000080e+00 3.358465960697107455e+00
5.205199999999999605e+00 3.370270547103217051e+00
5.310399999999999565e+00 3.381941146484203298e+00
5.417600000000000193e+00 3.393521978567248798e+00
5.527099999999999902e+00 3.405170173820092572e+00
5.638700000000000045e+00 3.416714569802123069e+00
5.752600000000000158e+00 3.428292762020761941e+00
5.868900000000000006e+00 3.439791287938179121e+00
5.987400000000000055e+00 3.451297840615736412e+00
6.108399999999999608e+00 3.462792301651854032e+00
6.231799999999999784e+00 3.474243091787335036e+00
6.357700000000000351e+00 3.485736218632666361e+00
6.486100000000000421e+00 3.497204295524177997e+00
6.617099999999999760e+00 3.508670353339648607e+00
6.750799999999999912e+00 3.520131828664635698e+00
6.887199999999999989e+00 3.531678489613957694e+00
7.026299999999999990e+00 3.543158765608938499e+00
7.168199999999999683e+00 3.554669794695873630e+00
7.312999999999999723e+00 3.566290132143248304e+00
7.460799999999999876e+00 3.577882678141911743e+00
7.611500000000000377e+00 3.589510162451834852e+00
7.765299999999999869e+00 3.601225860797881761e+00
7.922100000000000364e+00 3.612998356484273810e+00
8.082200000000000273e+00 3.624774830537190518e+00
8.245400000000000063e+00 3.636623842219572911e+00
8.412000000000000810e+00 3.648458020384135914e+00
8.581899999999999196e+00 3.660504673314995294e+00
8.755300000000000082e+00 3.672485503031564402e+00
8.932199999999999918e+00 3.684561041779927937e+00
9.112600000000000477e+00 3.696607350744194331e+00
9.296699999999999520e+00 3.708835440264236283e+00
9.484500000000000597e+00 3.721086245059153974e+00
9.676099999999999923e+00 3.733391391054583064e+00
9.871600000000000819e+00 3.745744683444491852e+00
1.007099999999999973e+01 3.758144086347051882e+00
