# # k[h/Mpc], logBoost (P^NLCDM_NL/P^NLCDM_L)
1.000000000000000048e-04 0.000000000000000000e+00
1.020200000000000024e-04 0.000000000000000000e+00
1.040800000000000064e-04 0.000000000000000000e+00
1.061800000000000032e-04 0.000000000000000000e+00
1.083300000000000013e-04 0.000000000000000000e+00
1.105200000000000057e-04 0.000000000000000000e+00
1.127500000000000030e-04 0.000000000000000000e+00
1.150300000000000015e-04 0.000000000000000000e+00
1.173500000000000064e-04 0.000000000000000000e+00
1.197199999999999989e-04 0.000000000000000000e+00
1.221399999999999927e-04 0.000000000000000000e+00
1.246099999999999877e-04 0.000000000000000000e+00
1.271199999999999891e-04 0.000000000000000000e+00
1.296899999999999865e-04 0.000000000000000000e+00
1.323100000000000122e-04 0.000000000000000000e+00
1.349900000000000069e-04 0.000000000000000000e+00
1.377100000000000080e-04 0.000000000000000000e+00
1.404900000000000051e-04 0.000000000000000000e+00
1.433299999999999982e-04 0.000000000000000000e+00
1.462299999999999874e-04 0.000000000000000000e+00
1.491800000000000049e-04 0.000000000000000000e+00
1.522000000000000132e-04 0.000000000000000000e+00
1.552699999999999957e-04 0.000000000000000000e+00
1.584099999999999961e-04 0.000000000000000000e+00
1.616099999999999926e-04 0.000000000000000000e+00
1.648700000000000122e-04 0.000000000000000000e+00
1.681999999999999956e-04 0.000000000000000000e+00
1.715999999999999969e-04 0.000000000000000000e+00
1.750699999999999891e-04 0.000000000000000000e+00
1.786000000000000044e-04 0.000000000000000000e+00
1.822100000000000054e-04 0.000000000000000000e+00
1.858899999999999973e-04 0.000000000000000000e+00
1.896500000000000020e-04 0.000000000000000000e+00
1.934799999999999975e-04 0.000000000000000000e+00
1.973900000000000058e-04 0.000000000000000000e+00
2.013799999999999998e-04 0.000000000000000000e+00
2.054400000000000117e-04 0.000000000000000000e+00
2.095900000000000042e-04 0.000000000000000000e+00
2.138300000000000042e-04 0.000000000000000000e+00
2.181499999999999900e-04 0.000000000000000000e+00
2.225499999999999885e-04 0.000000000000000000e+00
2.270499999999999895e-04 0.000000000000000000e+00
2.316399999999999980e-04 0.000000000000000000e+00
2.363199999999999871e-04 0.000000000000000000e+00
2.410900000000000109e-04 0.000000000000000000e+00
2.459599999999999829e-04 0.000000000000000000e+00
2.509300000000000115e-04 0.000000000000000000e+00
2.559999999999999884e-04 0.000000000000000000e+00
2.611700000000000219e-04 0.000000000000000000e+00
2.664499999999999985e-04 0.000000000000000000e+00
2.718299999999999775e-04 0.000000000000000000e+00
2.773200000000000079e-04 0.000000000000000000e+00
2.829199999999999814e-04 0.000000000000000000e+00
2.886400000000000012e-04 0.000000000000000000e+00
2.944700000000000182e-04 0.000000000000000000e+00
3.004199999999999731e-04 0.000000000000000000e+00
3.064899999999999743e-04 0.000000000000000000e+00
3.126800000000000217e-04 0.000000000000000000e+00
3.189900000000000070e-04 0.000000000000000000e+00
3.254399999999999741e-04 0.000000000000000000e+00
3.320099999999999874e-04 0.000000000000000000e+00
3.387199999999999825e-04 0.000000000000000000e+00
3.455600000000000186e-04 0.000000000000000000e+00
3.525399999999999823e-04 0.000000000000000000e+00
3.596599999999999819e-04 0.000000000000000000e+00
3.669300000000000122e-04 0.000000000000000000e+00
3.743400000000000243e-04 0.000000000000000000e+00
3.819000000000000129e-04 0.000000000000000000e+00
3.896200000000000271e-04 0.000000000000000000e+00
3.974900000000000178e-04 0.000000000000000000e+00
4.055199999999999799e-04 0.000000000000000000e+00
4.137100000000000217e-04 0.000000000000000000e+00
4.220699999999999756e-04 0.000000000000000000e+00
4.306000000000000040e-04 0.000000000000000000e+00
4.392900000000000038e-04 0.000000000000000000e+00
4.481700000000000137e-04 0.000000000000000000e+00
4.572199999999999897e-04 0.000000000000000000e+00
4.664599999999999758e-04 0.000000000000000000e+00
4.758799999999999771e-04 0.000000000000000000e+00
4.854999999999999832e-04 0.000000000000000000e+00
4.952999999999999504e-04 0.000000000000000000e+00
5.053100000000000256e-04 0.000000000000000000e+00
5.155199999999999973e-04 0.000000000000000000e+00
5.259299999999999739e-04 0.000000000000000000e+00
5.365600000000000534e-04 0.000000000000000000e+00
5.473900000000000293e-04 0.000000000000000000e+00
5.584500000000000488e-04 0.000000000000000000e+00
5.697299999999999543e-04 0.000000000000000000e+00
5.812400000000000119e-04 0.000000000000000000e+00
5.929900000000000535e-04 0.000000000000000000e+00
6.049599999999999813e-04 0.000000000000000000e+00
6.171899999999999912e-04 0.000000000000000000e+00
6.296500000000000447e-04 0.000000000000000000e+00
6.423699999999999636e-04 0.000000000000000000e+00
6.553499999999999647e-04 0.000000000000000000e+00
6.685900000000000480e-04 0.000000000000000000e+00
6.821000000000000457e-04 0.000000000000000000e+00
6.958799999999999578e-04 0.000000000000000000e+00
7.099300000000000012e-04 0.000000000000000000e+00
7.242699999999999486e-04 0.000000000000000000e+00
7.389099999999999575e-04 0.000000000000000000e+00
7.538300000000000382e-04 0.000000000000000000e+00
7.690600000000000127e-04 0.000000000000000000e+00
7.845999999999999893e-04 0.000000000000000000e+00
8.004499999999999680e-04 0.000000000000000000e+00
8.166199999999999978e-04 0.000000000000000000e+00
8.331099999999999704e-04 0.000000000000000000e+00
8.499399999999999837e-04 0.000000000000000000e+00
8.671100000000000379e-04 0.000000000000000000e+00
8.846299999999999650e-04 0.000000000000000000e+00
9.024999999999999819e-04 0.000000000000000000e+00
9.207300000000000293e-04 0.000000000000000000e+00
9.393300000000000477e-04 0.000000000000000000e+00
9.583099999999999778e-04 0.000000000000000000e+00
9.776699999999999280e-04 0.000000000000000000e+00
9.974199999999999473e-04 0.000000000000000000e+00
1.017600000000000015e-03 0.000000000000000000e+00
1.038099999999999917e-03 0.000000000000000000e+00
1.059100000000000102e-03 0.000000000000000000e+00
1.080500000000000080e-03 0.000000000000000000e+00
1.102300000000000068e-03 0.000000000000000000e+00
1.124599999999999905e-03 0.000000000000000000e+00
1.147299999999999969e-03 0.000000000000000000e+00
1.170500000000000099e-03 0.000000000000000000e+00
1.194100000000000023e-03 0.000000000000000000e+00
1.218200000000000012e-03 0.000000000000000000e+00
1.242899999999999908e-03 0.000000000000000000e+00
1.268000000000000030e-03 0.000000000000000000e+00
1.293600000000000002e-03 0.000000000000000000e+00
1.319700000000000040e-03 0.000000000000000000e+00
1.346399999999999984e-03 0.000000000000000000e+00
1.373599999999999995e-03 0.000000000000000000e+00
1.401300000000000072e-03 0.000000000000000000e+00
1.429600000000000055e-03 0.000000000000000000e+00
1.458499999999999944e-03 0.000000000000000000e+00
1.487999999999999956e-03 0.000000000000000000e+00
1.518000000000000035e-03 0.000000000000000000e+00
1.548700000000000077e-03 0.000000000000000000e+00
1.580000000000000024e-03 0.000000000000000000e+00
1.611900000000000095e-03 0.000000000000000000e+00
1.644499999999999912e-03 0.000000000000000000e+00
1.677700000000000068e-03 0.000000000000000000e+00
1.711599999999999970e-03 0.000000000000000000e+00
1.746200000000000052e-03 0.000000000000000000e+00
1.781400000000000041e-03 0.000000000000000000e+00
1.817400000000000048e-03 0.000000000000000000e+00
1.854100000000000019e-03 0.000000000000000000e+00
1.891600000000000009e-03 0.000000000000000000e+00
1.929799999999999962e-03 0.000000000000000000e+00
1.968800000000000151e-03 0.000000000000000000e+00
2.008600000000000142e-03 0.000000000000000000e+00
2.049099999999999880e-03 0.000000000000000000e+00
2.090499999999999910e-03 0.000000000000000000e+00
2.132799999999999800e-03 0.000000000000000000e+00
2.175799999999999870e-03 0.000000000000000000e+00
2.219800000000000072e-03 0.000000000000000000e+00
2.264599999999999860e-03 0.000000000000000000e+00
2.310400000000000214e-03 0.000000000000000000e+00
2.357099999999999994e-03 0.000000000000000000e+00
2.404700000000000067e-03 0.000000000000000000e+00
2.453299999999999838e-03 0.000000000000000000e+00
2.502799999999999903e-03 0.000000000000000000e+00
2.553399999999999941e-03 0.000000000000000000e+00
2.605000000000000111e-03 0.000000000000000000e+00
2.657599999999999980e-03 0.000000000000000000e+00
2.711299999999999821e-03 0.000000000000000000e+00
2.765999999999999796e-03 0.000000000000000000e+00
2.821900000000000016e-03 0.000000000000000000e+00
2.878900000000000209e-03 0.000000000000000000e+00
2.937100000000000214e-03 0.000000000000000000e+00
2.996400000000000192e-03 0.000000000000000000e+00
3.056899999999999982e-03 0.000000000000000000e+00
3.118699999999999858e-03 1.721096338407358196e-05
3.181699999999999980e-03 0.000000000000000000e+00
3.246000000000000187e-03 0.000000000000000000e+00
3.311500000000000207e-03 0.000000000000000000e+00
3.378400000000000153e-03 0.000000000000000000e+00
3.446700000000000024e-03 0.000000000000000000e+00
3.516299999999999981e-03 -1.548167356925872164e-05
3.587400000000000137e-03 0.000000000000000000e+00
3.659799999999999946e-03 1.495338282926689259e-05
3.733799999999999793e-03 1.469777696158203857e-05
3.809199999999999999e-03 1.444763094992393242e-05
3.886099999999999971e-03 2.840586297207479824e-05
3.964600000000000415e-03 1.396365261262190374e-05
4.044700000000000031e-03 0.000000000000000000e+00
4.126399999999999686e-03 -4.050250103503695202e-05
4.209799999999999653e-03 -7.966223217794021457e-05
4.294799999999999660e-03 -9.140588790858302621e-05
4.381600000000000251e-03 -6.421658973590944907e-05
4.470100000000000288e-03 2.526624303735598568e-05
4.560400000000000044e-03 1.739800424425611686e-04
4.652500000000000385e-03 3.056477616757010090e-04
4.746499999999999851e-03 3.488574952526568617e-04
4.842400000000000176e-03 2.367704521538916101e-04
4.940199999999999626e-03 -1.281849594186028503e-04
5.040000000000000209e-03 -7.342902382500618962e-04
5.141899999999999596e-03 -1.480067381626248672e-03
5.245699999999999842e-03 -2.258831820743127747e-03
5.351700000000000033e-03 -2.970076763995205520e-03
5.459799999999999896e-03 -3.475898920495478720e-03
5.570099999999999704e-03 -3.753187434548436573e-03
5.682600000000000325e-03 -3.832947051882236965e-03
5.797400000000000296e-03 -3.806541730684998275e-03
5.914499999999999619e-03 -3.729660168649791708e-03
6.034000000000000301e-03 -3.734728767454959051e-03
6.155899999999999740e-03 -3.749387717483884663e-03
6.280299999999999945e-03 -3.792856479816198324e-03
6.407200000000000048e-03 -3.834360526047111452e-03
6.536600000000000049e-03 -3.969384287498969356e-03
6.668600000000000222e-03 -4.193268968748319406e-03
6.803299999999999972e-03 -4.227170418828976421e-03
6.940799999999999574e-03 -4.350197181152691030e-03
7.080999999999999621e-03 -4.380678410490662991e-03
7.224000000000000386e-03 -4.409955991542326668e-03
7.369999999999999815e-03 -4.525288376902608656e-03
7.518900000000000236e-03 -4.637589898878918468e-03
7.670800000000000188e-03 -4.746978482471434987e-03
7.825699999999999670e-03 -4.769683951459173857e-03
7.983799999999999231e-03 -4.874632695501534239e-03
8.145100000000000603e-03 -4.976961278900511425e-03
8.309600000000000319e-03 -5.076766615184175220e-03
8.477500000000000660e-03 -5.174140896596552894e-03
8.648799999999999891e-03 -5.348026903222649966e-03
8.823499999999999746e-03 -5.440286985891270438e-03
9.001699999999999632e-03 -5.530817601748875059e-03
9.183600000000000096e-03 -5.619272133033424363e-03
9.369099999999999998e-03 -5.706149576854671439e-03
9.558300000000000476e-03 -5.865554924282985472e-03
9.751400000000000345e-03 -5.948682764362256056e-03
9.948399999999999604e-03 -6.102896012584750965e-03
1.014900000000000004e-02 -6.254738389771009009e-03
1.035400000000000036e-02 -6.261583002768166158e-03
1.056400000000000047e-02 -6.480264982214873140e-03
1.077700000000000012e-02 -6.556028503853469566e-03
1.099499999999999957e-02 -6.700076868857797463e-03
1.121699999999999954e-02 -6.842312018016431796e-03
1.144300000000000005e-02 -6.982842515424065796e-03
1.167499999999999961e-02 -7.121771568329909007e-03
1.191000000000000045e-02 -7.259680889686207644e-03
1.215100000000000034e-02 -7.396678816154052608e-03
1.239700000000000003e-02 -7.532375551073645058e-03
1.264700000000000026e-02 -7.667852242490575537e-03
1.290200000000000027e-02 -7.802212581324106250e-03
1.316299999999999935e-02 -7.936549595736303378e-03
1.342899999999999996e-02 -8.134259390681488483e-03
1.370000000000000037e-02 -8.268422150204712481e-03
1.397699999999999984e-02 -8.465327242131842275e-03
1.425900000000000084e-02 -8.537207171849360912e-03
1.454699999999999917e-02 -8.734762055298852385e-03
1.484100000000000003e-02 -8.932205874212633193e-03
1.514099999999999994e-02 -9.069245323255627211e-03
1.544700000000000066e-02 -9.207662845011664945e-03
1.575899999999999870e-02 -9.408549175510550963e-03
1.607700000000000101e-02 -9.610518528543944908e-03
1.640199999999999991e-02 -9.814330515054545470e-03
1.673399999999999888e-02 -9.960480764371365536e-03
1.707200000000000037e-02 -1.016876808740702250e-02
1.741600000000000092e-02 -1.032013215892866979e-02
1.776799999999999907e-02 -1.053487111292052657e-02
1.812700000000000075e-02 -1.075247238341485619e-02
1.849299999999999902e-02 -1.091480761079364516e-02
1.886699999999999836e-02 -1.108126654281133515e-02
1.924800000000000122e-02 -1.131160087471463557e-02
1.963700000000000168e-02 -1.148757303521496555e-02
2.003399999999999972e-02 -1.166902031022265702e-02
2.043800000000000130e-02 -1.191584185205735343e-02
2.085100000000000148e-02 -1.210912878974945012e-02
2.127199999999999924e-02 -1.230876250724512004e-02
2.170199999999999907e-02 -1.251580793183064595e-02
2.214100000000000096e-02 -1.279003808625411506e-02
2.258800000000000044e-02 -1.301250633871525210e-02
2.304399999999999851e-02 -1.318303516643547224e-02
2.350999999999999965e-02 -1.342302033214066125e-02
2.398499999999999938e-02 -1.367179126229757513e-02
2.446900000000000117e-02 -1.387001736028675193e-02
2.496400000000000008e-02 -1.407738016178929769e-02
2.546800000000000105e-02 -1.429524018682647342e-02
2.598200000000000162e-02 -1.452417615485767852e-02
2.650699999999999931e-02 -1.476482073004789335e-02
2.704300000000000107e-02 -1.495307592610481406e-02
2.758899999999999894e-02 -1.515325820798705224e-02
2.814600000000000088e-02 -1.542911728454555639e-02
2.871500000000000094e-02 -1.565385473802165597e-02
2.929500000000000159e-02 -1.595708393688852894e-02
2.988700000000000037e-02 -1.614121617938524961e-02
3.048999999999999974e-02 -1.640543122521989985e-02
3.110600000000000170e-02 -1.661519881625389203e-02
3.173499999999999932e-02 -1.683739759615588555e-02
3.237600000000000200e-02 -1.707281430859183477e-02
3.302999999999999686e-02 -1.725040994363168795e-02
3.369699999999999779e-02 -1.743956786312538323e-02
3.437799999999999884e-02 -1.771388789474965392e-02
3.507199999999999901e-02 -1.792698143851522569e-02
3.578100000000000031e-02 -1.815124829045804827e-02
3.650400000000000172e-02 -1.838741544759300156e-02
3.724100000000000327e-02 -1.855690929017809326e-02
3.799299999999999899e-02 -1.881334758229231269e-02
3.876099999999999685e-02 -1.891772007294776139e-02
3.954400000000000276e-02 -1.910992019061022104e-02
4.034299999999999692e-02 -1.930790778785260522e-02
4.115800000000000014e-02 -1.942646889486298808e-02
4.198899999999999855e-02 -1.963350471939466838e-02
4.283800000000000108e-02 -1.975461564534325767e-02
4.370299999999999879e-02 -1.987517912542456633e-02
4.458600000000000063e-02 -2.008568622150226635e-02
4.548599999999999866e-02 -2.010644702962689420e-02
4.640500000000000180e-02 -2.021645292751550124e-02
4.734300000000000314e-02 -2.031085179865140672e-02
4.829900000000000165e-02 -2.043816593655105318e-02
4.927499999999999936e-02 -2.049731439657032084e-02
5.027000000000000218e-02 -2.054543052732037134e-02
5.128599999999999826e-02 -2.056919400620891430e-02
5.232200000000000045e-02 -2.058737576371804170e-02
5.337900000000000283e-02 -2.059824480825685894e-02
5.445699999999999846e-02 -2.056717672851864076e-02
5.555700000000000222e-02 -2.055094631029771163e-02
5.668000000000000121e-02 -2.049388134525287342e-02
5.782500000000000140e-02 -2.041949570243080381e-02
5.899299999999999683e-02 -2.032861219836799155e-02
6.018400000000000138e-02 -2.019729285119770471e-02
6.140000000000000319e-02 -2.006169589099255496e-02
6.264100000000000223e-02 -1.989760304209909833e-02
6.390600000000000447e-02 -1.970488355581586845e-02
6.519700000000000495e-02 -1.949820461260813598e-02
6.651400000000000368e-02 -1.925452145729943110e-02
6.785800000000000165e-02 -1.897485050839447726e-02
6.922899999999999887e-02 -1.864793628577440104e-02
7.062699999999999534e-02 -1.831486088250834643e-02
7.205400000000000693e-02 -1.790920591264082845e-02
7.351000000000000589e-02 -1.748568885174470178e-02
7.499400000000000510e-02 -1.698908754222898040e-02
7.650899999999999368e-02 -1.644596734169361321e-02
7.805499999999999938e-02 -1.585560349648086967e-02
7.963199999999999446e-02 -1.520019142155154546e-02
8.124099999999999377e-02 -1.447528597571433664e-02
8.288199999999999734e-02 -1.367492264913012026e-02
8.455600000000000616e-02 -1.280703927327687085e-02
8.626399999999999346e-02 -1.184660701128752505e-02
8.800700000000000189e-02 -1.079878900680462418e-02
8.978500000000000369e-02 -9.633437991854447435e-03
9.159799999999999887e-02 -8.387581603524598209e-03
9.344900000000000428e-02 -6.993356389846957719e-03
9.533700000000000507e-02 -5.487581297349395162e-03
9.726300000000000223e-02 -3.835604973844249001e-03
9.922699999999999576e-02 -2.060195121291117249e-03
1.012300000000000005e-01 -1.058481080639402496e-04
1.032799999999999968e-01 1.956238053930529214e-03
1.053599999999999953e-01 4.199097888216265020e-03
1.074900000000000022e-01 6.560040576677771997e-03
1.096599999999999936e-01 9.059834370050198066e-03
1.118799999999999933e-01 1.164074652021965424e-02
1.141400000000000053e-01 1.431090370871449143e-02
1.164400000000000018e-01 1.699588960914958854e-02
1.188000000000000028e-01 1.972439559698579981e-02
1.212000000000000022e-01 2.244337447435307276e-02
1.236499999999999960e-01 2.513105262920169516e-02
1.261400000000000021e-01 2.779897468224686030e-02
1.286899999999999988e-01 3.040851495562442788e-02
1.312899999999999900e-01 3.308221016772673606e-02
1.339400000000000035e-01 3.576937097150485745e-02
1.366499999999999937e-01 3.852356367099080831e-02
1.394100000000000061e-01 4.140785532545505215e-02
1.422299999999999953e-01 4.446339937455311836e-02
1.451000000000000068e-01 4.774558393221085134e-02
1.480299999999999949e-01 5.131077430749297896e-02
1.510199999999999876e-01 5.519123610470846875e-02
1.540700000000000125e-01 5.948466535135323030e-02
1.571799999999999864e-01 6.417667157916531750e-02
1.603600000000000025e-01 6.938843323624452331e-02
1.635999999999999954e-01 7.508020433293409457e-02
1.668999999999999928e-01 8.125682628595197465e-02
1.702799999999999869e-01 8.794200023385086162e-02
1.737100000000000033e-01 9.499445838908678053e-02
1.772199999999999886e-01 1.022947488717948911e-01
1.807999999999999885e-01 1.096955427735218508e-01
1.844600000000000128e-01 1.169597405667771595e-01
1.881799999999999862e-01 1.238118582041178722e-01
1.919800000000000118e-01 1.303445016960037284e-01
1.958600000000000063e-01 1.363637424456854708e-01
1.998199999999999976e-01 1.419649139865846454e-01
2.038600000000000134e-01 1.473848801438990275e-01
2.079699999999999882e-01 1.527432962453822707e-01
2.121800000000000075e-01 1.583953321582041440e-01
2.164600000000000135e-01 1.645430148179718166e-01
2.208299999999999985e-01 1.713929834119750639e-01
2.253000000000000003e-01 1.793011492014809360e-01
2.298499999999999988e-01 1.883269990970797558e-01
2.344900000000000040e-01 1.984494180414167475e-01
2.392299999999999982e-01 2.095376812141554190e-01
2.440599999999999992e-01 2.214069759379071745e-01
2.489899999999999891e-01 2.334510393899661418e-01
2.540200000000000236e-01 2.453247727520706800e-01
2.591499999999999915e-01 2.565944826197950057e-01
2.643900000000000139e-01 2.668355760221451933e-01
2.697300000000000253e-01 2.761116575758187919e-01
2.751799999999999802e-01 2.846575328716876019e-01
2.807399999999999896e-01 2.929260122024137658e-01
2.864099999999999979e-01 3.016724227014768167e-01
2.921900000000000053e-01 3.115242761966933727e-01
2.980999999999999761e-01 3.228927696295667005e-01
3.041200000000000014e-01 3.358426505793134509e-01
3.102599999999999802e-01 3.502740652367201668e-01
3.165299999999999780e-01 3.656111989702183762e-01
3.229199999999999848e-01 3.813332947408828444e-01
3.294500000000000206e-01 3.964785759140661558e-01
3.361000000000000099e-01 4.104470002001049944e-01
3.428899999999999726e-01 4.233102986042551752e-01
3.498200000000000198e-01 4.353768267223575017e-01
3.568899999999999850e-01 4.473939979005137624e-01
3.640900000000000247e-01 4.602597403162497214e-01
3.714500000000000024e-01 4.746788173641087738e-01
3.789500000000000091e-01 4.908595312202521654e-01
3.866100000000000092e-01 5.084170137673926781e-01
3.944199999999999928e-01 5.266236389790048822e-01
4.023900000000000254e-01 5.445571282045086337e-01
4.105199999999999960e-01 5.615821715865215724e-01
4.188100000000000156e-01 5.776809289211830567e-01
4.272699999999999831e-01 5.933031488760318606e-01
4.359000000000000097e-01 6.093064108613963636e-01
4.447099999999999942e-01 6.265536159568046992e-01
4.536899999999999822e-01 6.452566967718893487e-01
4.628599999999999937e-01 6.650612654616989694e-01
4.722100000000000186e-01 6.852537441051761435e-01
4.817400000000000015e-01 7.051165283170917064e-01
4.914799999999999724e-01 7.242986765501870927e-01
5.014100000000000223e-01 7.431771834752525230e-01
5.115300000000000402e-01 7.623923732326446379e-01
5.218699999999999450e-01 7.825095897592547756e-01
5.324100000000000499e-01 8.037004772000133634e-01
5.431700000000000417e-01 8.255120649047859027e-01
5.541399999999999659e-01 8.473786423567121195e-01
5.653299999999999992e-01 8.690052282675502227e-01
5.767499999999999849e-01 8.904220425503038827e-01
5.884000000000000341e-01 9.122334098283764181e-01
6.002899999999999903e-01 9.346096278867521701e-01
6.124199999999999644e-01 9.577282901157087025e-01
6.247899999999999565e-01 9.811485450982757595e-01
6.374100000000000321e-01 1.004611714700036629e+00
6.502900000000000347e-01 1.028196739462183151e+00
6.634200000000000097e-01 1.051966879942211719e+00
6.768300000000000427e-01 1.075899724413123870e+00
6.905000000000000027e-01 1.100058545382483155e+00
7.044500000000000206e-01 1.124591826601039957e+00
7.186799999999999855e-01 1.149347473251656204e+00
7.331999999999999629e-01 1.174365983766688881e+00
7.480099999999999527e-01 1.199600297592100073e+00
7.631200000000000205e-01 1.225016607426829163e+00
7.785400000000000098e-01 1.250693939655989517e+00
7.942599999999999660e-01 1.276577484899697801e+00
8.103099999999999747e-01 1.302670125489001851e+00
8.266799999999999704e-01 1.328785338628288848e+00
8.433800000000000185e-01 1.355107166341396496e+00
8.604100000000000081e-01 1.381549570414404293e+00
8.778000000000000247e-01 1.408068331579223731e+00
8.955300000000000482e-01 1.434690718845913482e+00
9.136199999999999877e-01 1.461376264291896154e+00
9.320800000000000196e-01 1.488146543689942813e+00
9.509100000000000330e-01 1.514938892526109360e+00
9.701100000000000279e-01 1.541761933272024931e+00
9.897099999999999786e-01 1.568584205298442447e+00
1.009700000000000042e+00 1.595437205220354926e+00
1.030100000000000016e+00 1.622279154776819388e+00
1.050899999999999945e+00 1.649067294547937212e+00
1.072100000000000053e+00 1.675826393789509039e+00
1.093800000000000106e+00 1.702553346821836788e+00
1.115899999999999892e+00 1.729194841849361897e+00
1.138400000000000079e+00 1.755770743404810874e+00
1.161399999999999988e+00 1.782245704217097382e+00
1.184900000000000064e+00 1.808634500055861016e+00
1.208800000000000097e+00 1.834921473143330539e+00
1.233300000000000063e+00 1.861110157386575148e+00
1.258199999999999985e+00 1.887150222467361971e+00
1.283600000000000074e+00 1.913053982692691557e+00
1.309500000000000108e+00 1.938814166951429385e+00
1.336000000000000076e+00 1.964440378832316592e+00
1.362999999999999989e+00 1.989834200305507173e+00
1.390500000000000069e+00 2.015096862819872214e+00
1.418600000000000083e+00 2.040180193812312748e+00
1.447200000000000042e+00 2.065081349062222849e+00
1.476499999999999924e+00 2.089765216651261248e+00
1.506299999999999972e+00 2.114234404591713190e+00
1.536699999999999955e+00 2.138490687671442902e+00
1.567800000000000082e+00 2.162566169291448848e+00
1.599399999999999933e+00 2.186338199009592476e+00
1.631799999999999917e+00 2.209873275288101180e+00
1.664700000000000069e+00 2.233215246567939793e+00
1.698399999999999910e+00 2.256247207444838754e+00
1.732699999999999907e+00 2.279067495497293372e+00
1.767700000000000049e+00 2.301562307519351869e+00
1.803399999999999892e+00 2.323848078594094257e+00
1.839800000000000102e+00 2.345877668060718957e+00
1.877000000000000002e+00 2.367540520934462211e+00
1.914900000000000047e+00 2.388979164843869629e+00
1.953600000000000003e+00 2.410149747148460531e+00
1.993000000000000105e+00 2.430951735986393913e+00
2.033300000000000107e+00 2.451487010742991579e+00
2.074399999999999800e+00 2.471643026989450487e+00
2.116299999999999848e+00 2.491623598518238669e+00
2.158999999999999808e+00 2.511252899092635271e+00
2.202599999999999891e+00 2.530522626780336903e+00
2.247100000000000097e+00 2.549548228777031245e+00
2.292499999999999982e+00 2.568225400566469752e+00
2.338799999999999990e+00 2.586614836328879008e+00
2.386099999999999888e+00 2.604654258611369677e+00
2.434299999999999908e+00 2.622420879210337397e+00
2.483499999999999819e+00 2.639839223662408418e+00
2.533599999999999852e+00 2.656991033060022822e+00
2.584799999999999986e+00 2.673782126609973719e+00
2.637000000000000011e+00 2.690211253644578360e+00
2.690300000000000136e+00 2.706431311673091145e+00
2.744699999999999918e+00 2.722305040288914846e+00
2.800100000000000033e+00 2.737873583441552405e+00
2.856700000000000017e+00 2.753120689816883182e+00
2.914400000000000102e+00 2.768077207476675294e+00
2.973300000000000054e+00 2.782719363950118652e+00
3.033300000000000107e+00 2.797074687543537053e+00
3.094599999999999795e+00 2.811124060876736497e+00
3.157099999999999795e+00 2.824894514824063396e+00
3.220899999999999874e+00 2.838340496374409661e+00
3.286000000000000032e+00 2.851539407198802945e+00
3.352300000000000058e+00 2.864428089875372230e+00
3.420100000000000140e+00 2.877067247923903004e+00
3.489199999999999857e+00 2.889399086152281804e+00
3.559600000000000097e+00 2.901455819129223013e+00
3.631600000000000161e+00 2.913261066368318275e+00
3.704899999999999860e+00 2.924770103114194164e+00
3.779799999999999827e+00 2.936004721966543496e+00
3.856100000000000083e+00 2.947010243832433041e+00
3.934000000000000163e+00 2.957755178496065174e+00
4.013499999999999623e+00 2.968245899935859633e+00
4.094599999999999795e+00 2.978495420483562306e+00
4.177299999999999791e+00 2.988503377946867268e+00
4.261700000000000266e+00 2.998251419268860740e+00
4.347800000000000331e+00 3.007770252113469933e+00
4.435599999999999987e+00 3.017051943398084024e+00
4.525199999999999889e+00 3.026093507425326123e+00
4.616600000000000037e+00 3.034947821297952597e+00
4.709900000000000198e+00 3.043517311495470334e+00
4.804999999999999716e+00 3.051921358709093202e+00
4.902099999999999902e+00 3.060066399421251138e+00
5.001100000000000101e+00 3.068031899804781748e+00
5.102100000000000080e+00 3.075790593664395001e+00
5.205199999999999605e+00 3.083342672945199592e+00
5.310399999999999565e+00 3.090698475828122405e+00
5.417600000000000193e+00 3.097903241990340728e+00
5.527099999999999902e+00 3.104830610654134571e+00
5.638700000000000045e+00 3.111649893188384031e+00
5.752600000000000158e+00 3.118238591476925947e+00
5.868900000000000006e+00 3.124610265364808459e+00
5.987400000000000055e+00 3.130917159177062814e+00
6.108399999999999608e+00 3.136935751778575643e+00
6.231799999999999784e+00 3.142865122201120798e+00
6.357700000000000351e+00 3.148596365361308269e+00
6.486100000000000421e+00 3.154198062936919733e+00
6.617099999999999760e+00 3.159601277510915018e+00
6.750799999999999912e+00 3.164917157657953339e+00
6.887199999999999989e+00 3.170026451518098920e+00
7.026299999999999990e+00 3.174997521397800782e+00
7.168199999999999683e+00 3.179823744486798720e+00
7.312999999999999723e+00 3.184533644683112286e+00
7.460799999999999876e+00 3.189094793656257476e+00
7.611500000000000377e+00 3.193527248393182916e+00
7.765299999999999869e+00 3.197855532789061872e+00
7.922100000000000364e+00 3.202037959032561165e+00
8.082200000000000273e+00 3.206066759548205081e+00
8.245400000000000063e+00 3.210038283385165947e+00
8.412000000000000810e+00 3.213877675472320838e+00
8.581899999999999196e+00 3.217542787567935214e+00
8.755300000000000082e+00 3.221219784446343937e+00
8.932199999999999918e+00 3.224718619840248213e+00
9.112600000000000477e+00 3.228140896121932002e+00
9.296699999999999520e+00 3.231471916256317023e+00
9.484500000000000597e+00 3.234735129641607365e+00
9.676099999999999923e+00 3.237908390916186541e+00
9.871600000000000819e+00 3.241003359630972636e+00
1.007099999999999973e+01 3.244055297884528954e+00
