# # k[h/Mpc], logBoost (P^NLCDM_NL/P^NLCDM_L)
1.000000000000000048e-04 0.000000000000000000e+00
1.020200000000000024e-04 0.000000000000000000e+00
1.040800000000000064e-04 0.000000000000000000e+00
1.061800000000000032e-04 0.000000000000000000e+00
1.083300000000000013e-04 0.000000000000000000e+00
1.105200000000000057e-04 0.000000000000000000e+00
1.127500000000000030e-04 0.000000000000000000e+00
1.150300000000000015e-04 0.000000000000000000e+00
1.173500000000000064e-04 0.000000000000000000e+00
1.197199999999999989e-04 0.000000000000000000e+00
1.221399999999999927e-04 0.000000000000000000e+00
1.246099999999999877e-04 0.000000000000000000e+00
1.271199999999999891e-04 0.000000000000000000e+00
1.296899999999999865e-04 0.000000000000000000e+00
1.323100000000000122e-04 0.000000000000000000e+00
1.349900000000000069e-04 0.000000000000000000e+00
1.377100000000000080e-04 0.000000000000000000e+00
1.404900000000000051e-04 0.000000000000000000e+00
1.433299999999999982e-04 0.000000000000000000e+00
1.462299999999999874e-04 0.000000000000000000e+00
1.491800000000000049e-04 0.000000000000000000e+00
1.522000000000000132e-04 0.000000000000000000e+00
1.552699999999999957e-04 0.000000000000000000e+00
1.584099999999999961e-04 0.000000000000000000e+00
1.616099999999999926e-04 0.000000000000000000e+00
1.648700000000000122e-04 0.000000000000000000e+00
1.681999999999999956e-04 0.000000000000000000e+00
1.715999999999999969e-04 0.000000000000000000e+00
1.750699999999999891e-04 0.000000000000000000e+00
1.786000000000000044e-04 0.000000000000000000e+00
1.822100000000000054e-04 0.000000000000000000e+00
1.858899999999999973e-04 0.000000000000000000e+00
1.896500000000000020e-04 0.000000000000000000e+00
1.934799999999999975e-04 0.000000000000000000e+00
1.973900000000000058e-04 0.000000000000000000e+00
2.013799999999999998e-04 0.000000000000000000e+00
2.054400000000000117e-04 0.000000000000000000e+00
2.095900000000000042e-04 0.000000000000000000e+00
2.138300000000000042e-04 0.000000000000000000e+00
2.181499999999999900e-04 0.000000000000000000e+00
2.225499999999999885e-04 0.000000000000000000e+00
2.270499999999999895e-04 0.000000000000000000e+00
2.316399999999999980e-04 0.000000000000000000e+00
2.363199999999999871e-04 0.000000000000000000e+00
2.410900000000000109e-04 0.000000000000000000e+00
2.459599999999999829e-04 0.000000000000000000e+00
2.509300000000000115e-04 0.000000000000000000e+00
2.559999999999999884e-04 0.000000000000000000e+00
2.611700000000000219e-04 0.000000000000000000e+00
2.664499999999999985e-04 0.000000000000000000e+00
2.718299999999999775e-04 0.000000000000000000e+00
2.773200000000000079e-04 0.000000000000000000e+00
2.829199999999999814e-04 0.000000000000000000e+00
2.886400000000000012e-04 0.000000000000000000e+00
2.944700000000000182e-04 0.000000000000000000e+00
3.004199999999999731e-04 0.000000000000000000e+00
3.064899999999999743e-04 0.000000000000000000e+00
3.126800000000000217e-04 0.000000000000000000e+00
3.189900000000000070e-04 0.000000000000000000e+00
3.254399999999999741e-04 0.000000000000000000e+00
3.320099999999999874e-04 0.000000000000000000e+00
3.387199999999999825e-04 0.000000000000000000e+00
3.455600000000000186e-04 0.000000000000000000e+00
3.525399999999999823e-04 0.000000000000000000e+00
3.596599999999999819e-04 0.000000000000000000e+00
3.669300000000000122e-04 0.000000000000000000e+00
3.743400000000000243e-04 0.000000000000000000e+00
3.819000000000000129e-04 0.000000000000000000e+00
3.896200000000000271e-04 0.000000000000000000e+00
3.974900000000000178e-04 0.000000000000000000e+00
4.055199999999999799e-04 0.000000000000000000e+00
4.137100000000000217e-04 0.000000000000000000e+00
4.220699999999999756e-04 0.000000000000000000e+00
4.306000000000000040e-04 0.000000000000000000e+00
4.392900000000000038e-04 0.000000000000000000e+00
4.481700000000000137e-04 0.000000000000000000e+00
4.572199999999999897e-04 0.000000000000000000e+00
4.664599999999999758e-04 0.000000000000000000e+00
4.758799999999999771e-04 0.000000000000000000e+00
4.854999999999999832e-04 0.000000000000000000e+00
4.952999999999999504e-04 0.000000000000000000e+00
5.053100000000000256e-04 0.000000000000000000e+00
5.155199999999999973e-04 0.000000000000000000e+00
5.259299999999999739e-04 0.000000000000000000e+00
5.365600000000000534e-04 0.000000000000000000e+00
5.473900000000000293e-04 0.000000000000000000e+00
5.584500000000000488e-04 0.000000000000000000e+00
5.697299999999999543e-04 0.000000000000000000e+00
5.812400000000000119e-04 0.000000000000000000e+00
5.929900000000000535e-04 0.000000000000000000e+00
6.049599999999999813e-04 0.000000000000000000e+00
6.171899999999999912e-04 0.000000000000000000e+00
6.296500000000000447e-04 0.000000000000000000e+00
6.423699999999999636e-04 0.000000000000000000e+00
6.553499999999999647e-04 0.000000000000000000e+00
6.685900000000000480e-04 0.000000000000000000e+00
6.821000000000000457e-04 0.000000000000000000e+00
6.958799999999999578e-04 0.000000000000000000e+00
7.099300000000000012e-04 0.000000000000000000e+00
7.242699999999999486e-04 0.000000000000000000e+00
7.389099999999999575e-04 0.000000000000000000e+00
7.538300000000000382e-04 0.000000000000000000e+00
7.690600000000000127e-04 0.000000000000000000e+00
7.845999999999999893e-04 0.000000000000000000e+00
8.004499999999999680e-04 0.000000000000000000e+00
8.166199999999999978e-04 0.000000000000000000e+00
8.331099999999999704e-04 0.000000000000000000e+00
8.499399999999999837e-04 0.000000000000000000e+00
8.671100000000000379e-04 0.000000000000000000e+00
8.846299999999999650e-04 0.000000000000000000e+00
9.024999999999999819e-04 0.000000000000000000e+00
9.207300000000000293e-04 0.000000000000000000e+00
9.393300000000000477e-04 0.000000000000000000e+00
9.583099999999999778e-04 0.000000000000000000e+00
9.776699999999999280e-04 0.000000000000000000e+00
9.974199999999999473e-04 0.000000000000000000e+00
1.017600000000000015e-03 0.000000000000000000e+00
1.038099999999999917e-03 0.000000000000000000e+00
1.059100000000000102e-03 0.000000000000000000e+00
1.080500000000000080e-03 0.000000000000000000e+00
1.102300000000000068e-03 0.000000000000000000e+00
1.124599999999999905e-03 0.000000000000000000e+00
1.147299999999999969e-03 0.000000000000000000e+00
1.170500000000000099e-03 0.000000000000000000e+00
1.194100000000000023e-03 0.000000000000000000e+00
1.218200000000000012e-03 0.000000000000000000e+00
1.242899999999999908e-03 0.000000000000000000e+00
1.268000000000000030e-03 0.000000000000000000e+00
1.293600000000000002e-03 0.000000000000000000e+00
1.319700000000000040e-03 0.000000000000000000e+00
1.346399999999999984e-03 0.000000000000000000e+00
1.373599999999999995e-03 0.000000000000000000e+00
1.401300000000000072e-03 0.000000000000000000e+00
1.429600000000000055e-03 0.000000000000000000e+00
1.458499999999999944e-03 0.000000000000000000e+00
1.487999999999999956e-03 0.000000000000000000e+00
1.518000000000000035e-03 0.000000000000000000e+00
1.548700000000000077e-03 0.000000000000000000e+00
1.580000000000000024e-03 0.000000000000000000e+00
1.611900000000000095e-03 0.000000000000000000e+00
1.644499999999999912e-03 0.000000000000000000e+00
1.677700000000000068e-03 0.000000000000000000e+00
1.711599999999999970e-03 0.000000000000000000e+00
1.746200000000000052e-03 0.000000000000000000e+00
1.781400000000000041e-03 0.000000000000000000e+00
1.817400000000000048e-03 0.000000000000000000e+00
1.854100000000000019e-03 0.000000000000000000e+00
1.891600000000000009e-03 0.000000000000000000e+00
1.929799999999999962e-03 0.000000000000000000e+00
1.968800000000000151e-03 0.000000000000000000e+00
2.008600000000000142e-03 0.000000000000000000e+00
2.049099999999999880e-03 0.000000000000000000e+00
2.090499999999999910e-03 0.000000000000000000e+00
2.132799999999999800e-03 0.000000000000000000e+00
2.175799999999999870e-03 0.000000000000000000e+00
2.219800000000000072e-03 0.000000000000000000e+00
2.264599999999999860e-03 0.000000000000000000e+00
2.310400000000000214e-03 0.000000000000000000e+00
2.357099999999999994e-03 0.000000000000000000e+00
2.404700000000000067e-03 0.000000000000000000e+00
2.453299999999999838e-03 0.000000000000000000e+00
2.502799999999999903e-03 0.000000000000000000e+00
2.553399999999999941e-03 0.000000000000000000e+00
2.605000000000000111e-03 0.000000000000000000e+00
2.657599999999999980e-03 0.000000000000000000e+00
2.711299999999999821e-03 0.000000000000000000e+00
2.765999999999999796e-03 0.000000000000000000e+00
2.821900000000000016e-03 0.000000000000000000e+00
2.878900000000000209e-03 0.000000000000000000e+00
2.937100000000000214e-03 0.000000000000000000e+00
2.996400000000000192e-03 0.000000000000000000e+00
3.056899999999999982e-03 0.000000000000000000e+00
3.118699999999999858e-03 0.000000000000000000e+00
3.181699999999999980e-03 0.000000000000000000e+00
3.246000000000000187e-03 0.000000000000000000e+00
3.311500000000000207e-03 0.000000000000000000e+00
3.378400000000000153e-03 0.000000000000000000e+00
3.446700000000000024e-03 0.000000000000000000e+00
3.516299999999999981e-03 0.000000000000000000e+00
3.587400000000000137e-03 0.000000000000000000e+00
3.659799999999999946e-03 0.000000000000000000e+00
3.733799999999999793e-03 0.000000000000000000e+00
3.809199999999999999e-03 0.000000000000000000e+00
3.886099999999999971e-03 0.000000000000000000e+00
3.964600000000000415e-03 -6.252149178321249399e-05
4.044700000000000031e-03 -1.231299638321876248e-04
4.126399999999999686e-03 -1.212562145295509222e-04
4.209799999999999653e-03 -1.194172439919762664e-04
4.294799999999999660e-03 0.000000000000000000e+00
4.381600000000000251e-03 1.737871112266600791e-04
4.470100000000000288e-03 3.424071254134334122e-04
4.560400000000000044e-03 3.936011746392207699e-04
4.652500000000000385e-03 2.770620359617215677e-04
4.746499999999999851e-03 0.000000000000000000e+00
4.842400000000000176e-03 -6.462731806154888708e-04
4.940199999999999626e-03 -1.487226066870121982e-03
5.040000000000000209e-03 -2.357564942654565877e-03
5.141899999999999596e-03 -3.152701787008255381e-03
5.245699999999999842e-03 -3.773012174899725846e-03
5.351700000000000033e-03 -4.174951362338891192e-03
5.459799999999999896e-03 -4.317303185047371289e-03
5.570099999999999704e-03 -4.308452197153801906e-03
5.682600000000000325e-03 -4.251419515280564082e-03
5.797400000000000296e-03 -4.195676985496436806e-03
5.914499999999999619e-03 -4.188537078701809815e-03
6.034000000000000301e-03 -4.274503558079384598e-03
6.155899999999999740e-03 -4.358504823683617864e-03
6.280299999999999945e-03 -4.485633130078941697e-03
6.407200000000000048e-03 -4.609849951973470604e-03
6.536600000000000049e-03 -4.731068007061919357e-03
6.668600000000000222e-03 -4.849394592661347009e-03
6.803299999999999972e-03 -4.922077205428331860e-03
6.940799999999999574e-03 -5.035859054797418508e-03
7.080999999999999621e-03 -5.104957822067145504e-03
7.224000000000000386e-03 -5.214754939081688544e-03
7.369999999999999815e-03 -5.322343662456260199e-03
7.518900000000000236e-03 -5.428030876598092212e-03
7.670800000000000188e-03 -5.572169791819030563e-03
7.825699999999999670e-03 -5.673887439576480972e-03
7.983799999999999231e-03 -5.813624964036664608e-03
8.145100000000000603e-03 -5.911964442334959047e-03
8.309600000000000319e-03 -6.047936555310776813e-03
8.477500000000000660e-03 -6.143468869188536269e-03
8.648799999999999891e-03 -6.276051866492283679e-03
8.823499999999999746e-03 -6.407137585696004098e-03
9.001699999999999632e-03 -6.536581309183340030e-03
9.183600000000000096e-03 -6.664963391919211805e-03
9.369099999999999998e-03 -6.828972458047657956e-03
9.558300000000000476e-03 -6.954966587651471681e-03
9.751400000000000345e-03 -7.116182250803400160e-03
9.948399999999999604e-03 -7.276408970776184967e-03
1.014900000000000004e-02 -7.435772052971975112e-03
1.035400000000000036e-02 -7.558935359089366882e-03
1.056400000000000047e-02 -7.717170332377332881e-03
1.077700000000000012e-02 -7.875153948198279630e-03
1.099499999999999957e-02 -8.067491775745221083e-03
1.121699999999999954e-02 -8.225117350490432355e-03
1.144300000000000005e-02 -8.383139204491624544e-03
1.167499999999999961e-02 -8.575856540742896397e-03
1.191000000000000045e-02 -8.734862728144100058e-03
1.215100000000000034e-02 -8.928781163772367413e-03
1.239700000000000003e-02 -9.123599999076182493e-03
1.264700000000000026e-02 -9.319794213040749273e-03
1.290200000000000027e-02 -9.550662436867663266e-03
1.316299999999999935e-02 -9.717024737823116293e-03
1.342899999999999996e-02 -9.951646773368089810e-03
1.370000000000000037e-02 -1.015571904577513944e-02
1.397699999999999984e-02 -1.036278703554654665e-02
1.425900000000000084e-02 -1.060573714520145032e-02
1.454699999999999917e-02 -1.081942294158617923e-02
1.484100000000000003e-02 -1.103716970147104390e-02
1.514099999999999994e-02 -1.129178869021066171e-02
1.544700000000000066e-02 -1.151845195627074214e-02
1.575899999999999870e-02 -1.178293997710854260e-02
1.607700000000000101e-02 -1.202012343477753403e-02
1.640199999999999991e-02 -1.226365502733806415e-02
1.673399999999999888e-02 -1.254655667440270246e-02
1.707200000000000037e-02 -1.280359793033394693e-02
1.741600000000000092e-02 -1.310098431758087781e-02
1.776799999999999907e-02 -1.337369729087195709e-02
1.812700000000000075e-02 -1.365492403962555515e-02
1.849299999999999902e-02 -1.394564537266989625e-02
1.886699999999999836e-02 -1.424597139815196936e-02
1.924800000000000122e-02 -1.455698448568796752e-02
1.963700000000000168e-02 -1.487885644378011789e-02
2.003399999999999972e-02 -1.517842124908684413e-02
2.043800000000000130e-02 -1.549034081879146346e-02
2.085100000000000148e-02 -1.581484643857504827e-02
2.127199999999999924e-02 -1.615273480319551550e-02
2.170199999999999907e-02 -1.650487029266616001e-02
2.214100000000000096e-02 -1.683637127055857136e-02
2.258800000000000044e-02 -1.721892095960667751e-02
2.304399999999999851e-02 -1.754558168815979410e-02
2.350999999999999965e-02 -1.788772861512718040e-02
2.398499999999999938e-02 -1.828380774663982203e-02
2.446900000000000117e-02 -1.865984947850641076e-02
2.496400000000000008e-02 -1.901631807347300626e-02
2.546800000000000105e-02 -1.938964089099783419e-02
2.598200000000000162e-02 -1.978172401912575706e-02
2.650699999999999931e-02 -2.019228809196438323e-02
2.704300000000000107e-02 -2.058191347919973227e-02
2.758899999999999894e-02 -2.099052129033778316e-02
2.814600000000000088e-02 -2.137651055333455313e-02
2.871500000000000094e-02 -2.177998258164987391e-02
2.929500000000000159e-02 -2.215859189192194434e-02
2.988700000000000037e-02 -2.255454824285157978e-02
3.048999999999999974e-02 -2.296696191851846716e-02
3.110600000000000170e-02 -2.339686509663282607e-02
3.173499999999999932e-02 -2.379631752126851185e-02
3.237600000000000200e-02 -2.421014402013240904e-02
3.302999999999999686e-02 -2.458923358204061216e-02
3.369699999999999779e-02 -2.502829631886166473e-02
3.437799999999999884e-02 -2.542934100578439494e-02
3.507199999999999901e-02 -2.583885580641681959e-02
3.578100000000000031e-02 -2.625561039040416600e-02
3.650400000000000172e-02 -2.667816842715558731e-02
3.724100000000000327e-02 -2.705285190545114044e-02
3.799299999999999899e-02 -2.748382781565798447e-02
3.876099999999999685e-02 -2.791980793569566813e-02
3.954400000000000276e-02 -2.829889190086649561e-02
4.034299999999999692e-02 -2.873423911358318622e-02
4.115800000000000014e-02 -2.916599490966526043e-02
4.198899999999999855e-02 -2.952940502545859866e-02
4.283800000000000108e-02 -2.994179972375711485e-02
4.370299999999999879e-02 -3.040476419138829489e-02
4.458600000000000063e-02 -3.079337537233030331e-02
4.548599999999999866e-02 -3.123725660726774100e-02
4.640500000000000180e-02 -3.167295827120394924e-02
4.734300000000000314e-02 -3.210127259120844345e-02
4.829900000000000165e-02 -3.252319170556006861e-02
4.927499999999999936e-02 -3.293991253598731878e-02
5.027000000000000218e-02 -3.341969178262438334e-02
5.128599999999999826e-02 -3.382654462861314770e-02
5.232200000000000045e-02 -3.422786278063731646e-02
5.337900000000000283e-02 -3.470761811531359459e-02
5.445699999999999846e-02 -3.512004415031851762e-02
5.555700000000000222e-02 -3.554420577517630742e-02
5.668000000000000121e-02 -3.590816404366033165e-02
5.782500000000000140e-02 -3.629414946952706084e-02
5.899299999999999683e-02 -3.654852506130204515e-02
6.018400000000000138e-02 -3.691344234126082285e-02
6.140000000000000319e-02 -3.707152131546522650e-02
6.264100000000000223e-02 -3.735098345826674826e-02
6.390600000000000447e-02 -3.750651736517839063e-02
6.519700000000000495e-02 -3.753745437568017929e-02
6.651400000000000368e-02 -3.743230807964774420e-02
6.785800000000000165e-02 -3.736628517632210877e-02
6.922899999999999887e-02 -3.724355960937714843e-02
7.062699999999999534e-02 -3.686699554826904091e-02
7.205400000000000693e-02 -3.640362406531369444e-02
7.351000000000000589e-02 -3.586596952884352207e-02
7.499400000000000510e-02 -3.515465552557816425e-02
7.650899999999999368e-02 -3.430455882562283981e-02
7.805499999999999938e-02 -3.331301454198386941e-02
7.963199999999999446e-02 -3.216496991468022204e-02
8.124099999999999377e-02 -3.085610647664989784e-02
8.288199999999999734e-02 -2.942338616295595011e-02
8.455600000000000616e-02 -2.783218370430681765e-02
8.626399999999999346e-02 -2.614322763673648797e-02
8.800700000000000189e-02 -2.434656703124427751e-02
8.978500000000000369e-02 -2.251040269916533554e-02
9.159799999999999887e-02 -2.064052076000049210e-02
9.344900000000000428e-02 -1.878084753296854759e-02
9.533700000000000507e-02 -1.698520549862231332e-02
9.726300000000000223e-02 -1.524685829603877191e-02
9.922699999999999576e-02 -1.357677465113114705e-02
1.012300000000000005e-01 -1.198422197195545685e-02
1.032799999999999968e-01 -1.045827573899689444e-02
1.053599999999999953e-01 -8.965952240226152462e-03
1.074900000000000022e-01 -7.449262790699563014e-03
1.096599999999999936e-01 -5.842096175052941508e-03
1.118799999999999933e-01 -4.087914483646434317e-03
1.141400000000000053e-01 -2.139978270479029211e-03
1.164400000000000018e-01 7.803964417894163703e-05
1.188000000000000028e-01 2.676629047436664220e-03
1.212000000000000022e-01 5.682824283527477920e-03
1.236499999999999960e-01 9.175928054976219619e-03
1.261400000000000021e-01 1.322727229005998643e-02
1.286899999999999988e-01 1.782643082999415055e-02
1.312899999999999900e-01 2.302477218473894180e-02
1.339400000000000035e-01 2.871740058107970922e-02
1.366499999999999937e-01 3.493917180067183936e-02
1.394100000000000061e-01 4.153883416245932048e-02
1.422299999999999953e-01 4.830833287455969099e-02
1.451000000000000068e-01 5.509118252135194321e-02
1.480299999999999949e-01 6.163927979345355107e-02
1.510199999999999876e-01 6.778001506174208268e-02
1.540700000000000125e-01 7.339735165299032804e-02
1.571799999999999864e-01 7.848696966339482883e-02
1.603600000000000025e-01 8.320812733633994873e-02
1.635999999999999954e-01 8.771099045959972196e-02
1.668999999999999928e-01 9.229562365067978114e-02
1.702799999999999869e-01 9.720211812626328163e-02
1.737100000000000033e-01 1.027466913017623107e-01
1.772199999999999886e-01 1.092208468248054010e-01
1.807999999999999885e-01 1.168797967422235684e-01
1.844600000000000128e-01 1.257414948156624912e-01
1.881799999999999862e-01 1.357827390419427405e-01
1.919800000000000118e-01 1.467578921096689692e-01
1.958600000000000063e-01 1.583870157740001339e-01
1.998199999999999976e-01 1.702417108826869696e-01
2.038600000000000134e-01 1.817091065363925229e-01
2.079699999999999882e-01 1.924100515356196861e-01
2.121800000000000075e-01 2.021249209082736087e-01
2.164600000000000135e-01 2.109607425257372104e-01
2.208299999999999985e-01 2.190574753056986623e-01
2.253000000000000003e-01 2.270517145689682770e-01
2.298499999999999988e-01 2.357198174781512945e-01
2.344900000000000040e-01 2.456302526917409634e-01
2.392299999999999982e-01 2.571868033405226850e-01
2.440599999999999992e-01 2.703087541234783786e-01
2.489899999999999891e-01 2.848639835920538932e-01
2.540200000000000236e-01 3.003819213783714970e-01
2.591499999999999915e-01 3.159543837161608026e-01
2.643900000000000139e-01 3.308027200174161186e-01
2.697300000000000253e-01 3.445241261562197455e-01
2.751799999999999802e-01 3.571565407088564958e-01
2.807399999999999896e-01 3.692111377617404155e-01
2.864099999999999979e-01 3.813536482910224179e-01
2.921900000000000053e-01 3.945601620510654772e-01
2.980999999999999761e-01 4.093780510791918958e-01
3.041200000000000014e-01 4.259226844880833474e-01
3.102599999999999802e-01 4.436466173753968456e-01
3.165299999999999780e-01 4.618666611750011919e-01
3.229199999999999848e-01 4.796436228115469325e-01
3.294500000000000206e-01 4.965419178411323853e-01
3.361000000000000099e-01 5.125506678062440313e-01
3.428899999999999726e-01 5.283602246148710879e-01
3.498200000000000198e-01 5.446881149034129566e-01
3.568899999999999850e-01 5.623392188649019019e-01
3.640900000000000247e-01 5.813539891373864510e-01
3.714500000000000024e-01 6.013011938470618212e-01
3.789500000000000091e-01 6.214518156321895415e-01
3.866100000000000092e-01 6.413411971070761552e-01
3.944199999999999928e-01 6.604787584646195642e-01
4.023900000000000254e-01 6.795756764774563141e-01
4.105199999999999960e-01 6.990819160797598908e-01
4.188100000000000156e-01 7.195213385415121232e-01
4.272699999999999831e-01 7.409288158253811707e-01
4.359000000000000097e-01 7.628335770274756733e-01
4.447099999999999942e-01 7.847075802764075236e-01
4.536899999999999822e-01 8.063667514190552277e-01
4.628599999999999937e-01 8.279675099901990798e-01
4.722100000000000186e-01 8.499888264680396377e-01
4.817400000000000015e-01 8.726477793638559577e-01
4.914799999999999724e-01 8.959017142722234261e-01
5.014100000000000223e-01 9.193981969228333107e-01
5.115300000000000402e-01 9.428958649695664551e-01
5.218699999999999450e-01 9.664408588053825522e-01
5.324100000000000499e-01 9.902584720990957878e-01
5.431700000000000417e-01 1.014496208846412006e+00
5.541399999999999659e-01 1.039060258068730258e+00
5.653299999999999992e-01 1.063889135546905118e+00
5.767499999999999849e-01 1.088999600383682820e+00
5.884000000000000341e-01 1.114263032469495096e+00
6.002899999999999903e-01 1.139727605336630978e+00
6.124199999999999644e-01 1.165394649574433172e+00
6.247899999999999565e-01 1.191251493532134997e+00
6.374100000000000321e-01 1.217241054248781040e+00
6.502900000000000347e-01 1.243462067578852137e+00
6.634200000000000097e-01 1.269812423790462441e+00
6.768300000000000427e-01 1.296333725366783263e+00
6.905000000000000027e-01 1.323061570314362223e+00
7.044500000000000206e-01 1.349904264564908418e+00
7.186799999999999855e-01 1.376932726119667549e+00
7.331999999999999629e-01 1.404116045796218293e+00
7.480099999999999527e-01 1.431439268516424557e+00
7.631200000000000205e-01 1.458832595315235237e+00
7.785400000000000098e-01 1.486408536508343925e+00
7.942599999999999660e-01 1.514059438389574019e+00
8.103099999999999747e-01 1.541714445505950160e+00
8.266799999999999704e-01 1.569514221339991966e+00
8.433800000000000185e-01 1.597311889213398173e+00
8.604100000000000081e-01 1.625246724546104637e+00
8.778000000000000247e-01 1.653107688937552444e+00
8.955300000000000482e-01 1.681034110734332954e+00
9.136199999999999877e-01 1.708955532902586283e+00
9.320800000000000196e-01 1.736851040100135579e+00
9.509100000000000330e-01 1.764734412071697678e+00
9.701100000000000279e-01 1.792546488475295963e+00
9.897099999999999786e-01 1.820323945335011073e+00
1.009700000000000042e+00 1.848001377100251696e+00
1.030100000000000016e+00 1.875594319936041199e+00
1.050899999999999945e+00 1.903113782869637838e+00
1.072100000000000053e+00 1.930500947325209937e+00
1.093800000000000106e+00 1.957772919231637543e+00
1.115899999999999892e+00 1.984898298890654500e+00
1.138400000000000079e+00 2.011904936947013667e+00
1.161399999999999988e+00 2.038765460502819593e+00
1.184900000000000064e+00 2.065466846855703142e+00
1.208800000000000097e+00 2.092032436470213863e+00
1.233300000000000063e+00 2.118417787488873216e+00
1.258199999999999985e+00 2.144650887520359817e+00
1.283600000000000074e+00 2.170670838250887691e+00
1.309500000000000108e+00 2.196522694858677127e+00
1.336000000000000076e+00 2.222198210476292957e+00
1.362999999999999989e+00 2.247648306451585754e+00
1.390500000000000069e+00 2.272932092054816167e+00
1.418600000000000083e+00 2.298004232945079384e+00
1.447200000000000042e+00 2.322847833636465076e+00
1.476499999999999924e+00 2.347483515046833169e+00
1.506299999999999972e+00 2.371903000816607321e+00
1.536699999999999955e+00 2.396108524371595827e+00
1.567800000000000082e+00 2.420025451654408855e+00
1.599399999999999933e+00 2.443774269087036100e+00
1.631799999999999917e+00 2.467208963532095289e+00
1.664700000000000069e+00 2.490471116593353518e+00
1.698399999999999910e+00 2.513448552373294564e+00
1.732699999999999907e+00 2.536224344834369759e+00
1.767700000000000049e+00 2.558691749470496379e+00
1.803399999999999892e+00 2.580930180413232744e+00
1.839800000000000102e+00 2.602897971046353121e+00
1.877000000000000002e+00 2.624683121562330079e+00
1.914900000000000047e+00 2.646151992627049143e+00
1.953600000000000003e+00 2.667312852908940268e+00
1.993000000000000105e+00 2.688274769519987561e+00
2.033300000000000107e+00 2.709024177019853319e+00
2.074399999999999800e+00 2.729453523318559505e+00
2.116299999999999848e+00 2.749596468676837269e+00
2.158999999999999808e+00 2.769551631392179303e+00
2.202599999999999891e+00 2.789246686198197711e+00
2.247100000000000097e+00 2.808659080115303741e+00
2.292499999999999982e+00 2.827823853084909356e+00
2.338799999999999990e+00 2.846726906061785023e+00
2.386099999999999888e+00 2.865381291345707737e+00
2.434299999999999908e+00 2.883804271308870515e+00
2.483499999999999819e+00 2.901937245554676803e+00
2.533599999999999852e+00 2.919850376145042947e+00
2.584799999999999986e+00 2.937549327778559594e+00
2.637000000000000011e+00 2.955032955435094699e+00
2.690300000000000136e+00 2.972233913050999821e+00
2.744699999999999918e+00 2.989214252748113143e+00
2.800100000000000033e+00 3.005943442061463244e+00
2.856700000000000017e+00 3.022455506709885498e+00
2.914400000000000102e+00 3.038794929416865909e+00
2.973300000000000054e+00 3.054883712957626951e+00
3.033300000000000107e+00 3.070724718625515326e+00
3.094599999999999795e+00 3.086396387223510729e+00
3.157099999999999795e+00 3.101849350370886160e+00
3.220899999999999874e+00 3.117086996699048651e+00
3.286000000000000032e+00 3.132095887876736651e+00
3.352300000000000058e+00 3.146925692746772363e+00
3.420100000000000140e+00 3.161563488103611430e+00
3.489199999999999857e+00 3.176017065729118016e+00
3.559600000000000097e+00 3.190274384659043339e+00
3.631600000000000161e+00 3.204367222862902320e+00
3.704899999999999860e+00 3.218278739711549097e+00
3.779799999999999827e+00 3.231993612311018893e+00
3.856100000000000083e+00 3.245572404768634733e+00
3.934000000000000163e+00 3.258960378570539884e+00
4.013499999999999623e+00 3.272177651799594855e+00
4.094599999999999795e+00 3.285230353307672324e+00
4.177299999999999791e+00 3.298171210153002519e+00
4.261700000000000266e+00 3.310910200948943949e+00
4.347800000000000331e+00 3.323526799487284578e+00
4.435599999999999987e+00 3.335994187851393011e+00
4.525199999999999889e+00 3.348285307701542202e+00
4.616600000000000037e+00 3.360494394904070870e+00
4.709900000000000198e+00 3.372577118719585876e+00
4.804999999999999716e+00 3.384445288413567621e+00
4.902099999999999902e+00 3.396298694508860017e+00
5.001100000000000101e+00 3.407942664152179724e+00
5.102100000000000080e+00 3.419476874168847935e+00
5.205199999999999605e+00 3.430980950967042808e+00
5.310399999999999565e+00 3.442264315561139210e+00
5.417600000000000193e+00 3.453509080153147170e+00
5.527099999999999902e+00 3.464673628779163295e+00
5.638700000000000045e+00 3.475653774296456167e+00
5.752600000000000158e+00 3.486567468981380813e+00
5.868900000000000006e+00 3.497433129716786659e+00
5.987400000000000055e+00 3.508187057681497301e+00
6.108399999999999608e+00 3.518840454649337257e+00
6.231799999999999784e+00 3.529411252788535958e+00
6.357700000000000351e+00 3.539925364583937917e+00
6.486100000000000421e+00 3.550313227085253764e+00
6.617099999999999760e+00 3.560666267275728547e+00
6.750799999999999912e+00 3.570958020877549099e+00
6.887199999999999989e+00 3.581175595089093555e+00
7.026299999999999990e+00 3.591334767695453678e+00
7.168199999999999683e+00 3.601412481881251182e+00
7.312999999999999723e+00 3.611465954001549239e+00
7.460799999999999876e+00 3.621420724266660063e+00
7.611500000000000377e+00 3.631388648713672840e+00
7.765299999999999869e+00 3.641288905928480091e+00
7.922100000000000364e+00 3.651134164718476072e+00
8.082200000000000273e+00 3.660956091197907991e+00
8.245400000000000063e+00 3.670749123059002805e+00
8.412000000000000810e+00 3.680478578548243895e+00
8.581899999999999196e+00 3.690130919889303307e+00
8.755300000000000082e+00 3.699808941818411689e+00
8.932199999999999918e+00 3.709426753228196816e+00
9.112600000000000477e+00 3.719024075425655163e+00
9.296699999999999520e+00 3.728567492498239488e+00
9.484500000000000597e+00 3.738153823344701365e+00
9.676099999999999923e+00 3.747620821546949532e+00
9.871600000000000819e+00 3.757060373623834160e+00
1.007099999999999973e+01 3.766477038334306027e+00
