# # k[h/Mpc], logBoost (P^NLCDM_NL/P^NLCDM_L)
1.000000000000000048e-04 0.000000000000000000e+00
1.020200000000000024e-04 0.000000000000000000e+00
1.040800000000000064e-04 0.000000000000000000e+00
1.061800000000000032e-04 0.000000000000000000e+00
1.083300000000000013e-04 0.000000000000000000e+00
1.105200000000000057e-04 0.000000000000000000e+00
1.127500000000000030e-04 0.000000000000000000e+00
1.150300000000000015e-04 0.000000000000000000e+00
1.173500000000000064e-04 0.000000000000000000e+00
1.197199999999999989e-04 0.000000000000000000e+00
1.221399999999999927e-04 0.000000000000000000e+00
1.246099999999999877e-04 0.000000000000000000e+00
1.271199999999999891e-04 0.000000000000000000e+00
1.296899999999999865e-04 0.000000000000000000e+00
1.323100000000000122e-04 0.000000000000000000e+00
1.349900000000000069e-04 0.000000000000000000e+00
1.377100000000000080e-04 0.000000000000000000e+00
1.404900000000000051e-04 0.000000000000000000e+00
1.433299999999999982e-04 0.000000000000000000e+00
1.462299999999999874e-04 0.000000000000000000e+00
1.491800000000000049e-04 0.000000000000000000e+00
1.522000000000000132e-04 0.000000000000000000e+00
1.552699999999999957e-04 0.000000000000000000e+00
1.584099999999999961e-04 0.000000000000000000e+00
1.616099999999999926e-04 0.000000000000000000e+00
1.648700000000000122e-04 0.000000000000000000e+00
1.681999999999999956e-04 0.000000000000000000e+00
1.715999999999999969e-04 0.000000000000000000e+00
1.750699999999999891e-04 0.000000000000000000e+00
1.786000000000000044e-04 0.000000000000000000e+00
1.822100000000000054e-04 0.000000000000000000e+00
1.858899999999999973e-04 0.000000000000000000e+00
1.896500000000000020e-04 0.000000000000000000e+00
1.934799999999999975e-04 0.000000000000000000e+00
1.973900000000000058e-04 0.000000000000000000e+00
2.013799999999999998e-04 0.000000000000000000e+00
2.054400000000000117e-04 0.000000000000000000e+00
2.095900000000000042e-04 0.000000000000000000e+00
2.138300000000000042e-04 0.000000000000000000e+00
2.181499999999999900e-04 0.000000000000000000e+00
2.225499999999999885e-04 0.000000000000000000e+00
2.270499999999999895e-04 0.000000000000000000e+00
2.316399999999999980e-04 0.000000000000000000e+00
2.363199999999999871e-04 0.000000000000000000e+00
2.410900000000000109e-04 0.000000000000000000e+00
2.459599999999999829e-04 0.000000000000000000e+00
2.509300000000000115e-04 0.000000000000000000e+00
2.559999999999999884e-04 0.000000000000000000e+00
2.611700000000000219e-04 0.000000000000000000e+00
2.664499999999999985e-04 0.000000000000000000e+00
2.718299999999999775e-04 0.000000000000000000e+00
2.773200000000000079e-04 0.000000000000000000e+00
2.829199999999999814e-04 0.000000000000000000e+00
2.886400000000000012e-04 0.000000000000000000e+00
2.944700000000000182e-04 0.000000000000000000e+00
3.004199999999999731e-04 0.000000000000000000e+00
3.064899999999999743e-04 0.000000000000000000e+00
3.126800000000000217e-04 0.000000000000000000e+00
3.189900000000000070e-04 0.000000000000000000e+00
3.254399999999999741e-04 0.000000000000000000e+00
3.320099999999999874e-04 0.000000000000000000e+00
3.387199999999999825e-04 0.000000000000000000e+00
3.455600000000000186e-04 0.000000000000000000e+00
3.525399999999999823e-04 0.000000000000000000e+00
3.596599999999999819e-04 0.000000000000000000e+00
3.669300000000000122e-04 0.000000000000000000e+00
3.743400000000000243e-04 0.000000000000000000e+00
3.819000000000000129e-04 0.000000000000000000e+00
3.896200000000000271e-04 0.000000000000000000e+00
3.974900000000000178e-04 0.000000000000000000e+00
4.055199999999999799e-04 0.000000000000000000e+00
4.137100000000000217e-04 0.000000000000000000e+00
4.220699999999999756e-04 0.000000000000000000e+00
4.306000000000000040e-04 0.000000000000000000e+00
4.392900000000000038e-04 0.000000000000000000e+00
4.481700000000000137e-04 0.000000000000000000e+00
4.572199999999999897e-04 0.000000000000000000e+00
4.664599999999999758e-04 0.000000000000000000e+00
4.758799999999999771e-04 0.000000000000000000e+00
4.854999999999999832e-04 0.000000000000000000e+00
4.952999999999999504e-04 0.000000000000000000e+00
5.053100000000000256e-04 0.000000000000000000e+00
5.155199999999999973e-04 0.000000000000000000e+00
5.259299999999999739e-04 0.000000000000000000e+00
5.365600000000000534e-04 0.000000000000000000e+00
5.473900000000000293e-04 0.000000000000000000e+00
5.584500000000000488e-04 0.000000000000000000e+00
5.697299999999999543e-04 0.000000000000000000e+00
5.812400000000000119e-04 0.000000000000000000e+00
5.929900000000000535e-04 0.000000000000000000e+00
6.049599999999999813e-04 0.000000000000000000e+00
6.171899999999999912e-04 0.000000000000000000e+00
6.296500000000000447e-04 0.000000000000000000e+00
6.423699999999999636e-04 0.000000000000000000e+00
6.553499999999999647e-04 0.000000000000000000e+00
6.685900000000000480e-04 0.000000000000000000e+00
6.821000000000000457e-04 0.000000000000000000e+00
6.958799999999999578e-04 0.000000000000000000e+00
7.099300000000000012e-04 0.000000000000000000e+00
7.242699999999999486e-04 0.000000000000000000e+00
7.389099999999999575e-04 0.000000000000000000e+00
7.538300000000000382e-04 0.000000000000000000e+00
7.690600000000000127e-04 0.000000000000000000e+00
7.845999999999999893e-04 0.000000000000000000e+00
8.004499999999999680e-04 0.000000000000000000e+00
8.166199999999999978e-04 0.000000000000000000e+00
8.331099999999999704e-04 0.000000000000000000e+00
8.499399999999999837e-04 0.000000000000000000e+00
8.671100000000000379e-04 0.000000000000000000e+00
8.846299999999999650e-04 0.000000000000000000e+00
9.024999999999999819e-04 0.000000000000000000e+00
9.207300000000000293e-04 0.000000000000000000e+00
9.393300000000000477e-04 0.000000000000000000e+00
9.583099999999999778e-04 0.000000000000000000e+00
9.776699999999999280e-04 0.000000000000000000e+00
9.974199999999999473e-04 0.000000000000000000e+00
1.017600000000000015e-03 0.000000000000000000e+00
1.038099999999999917e-03 0.000000000000000000e+00
1.059100000000000102e-03 0.000000000000000000e+00
1.080500000000000080e-03 0.000000000000000000e+00
1.102300000000000068e-03 0.000000000000000000e+00
1.124599999999999905e-03 0.000000000000000000e+00
1.147299999999999969e-03 0.000000000000000000e+00
1.170500000000000099e-03 0.000000000000000000e+00
1.194100000000000023e-03 0.000000000000000000e+00
1.218200000000000012e-03 0.000000000000000000e+00
1.242899999999999908e-03 0.000000000000000000e+00
1.268000000000000030e-03 0.000000000000000000e+00
1.293600000000000002e-03 0.000000000000000000e+00
1.319700000000000040e-03 0.000000000000000000e+00
1.346399999999999984e-03 0.000000000000000000e+00
1.373599999999999995e-03 0.000000000000000000e+00
1.401300000000000072e-03 0.000000000000000000e+00
1.429600000000000055e-03 0.000000000000000000e+00
1.458499999999999944e-03 0.000000000000000000e+00
1.487999999999999956e-03 0.000000000000000000e+00
1.518000000000000035e-03 0.000000000000000000e+00
1.548700000000000077e-03 0.000000000000000000e+00
1.580000000000000024e-03 0.000000000000000000e+00
1.611900000000000095e-03 0.000000000000000000e+00
1.644499999999999912e-03 0.000000000000000000e+00
1.677700000000000068e-03 0.000000000000000000e+00
1.711599999999999970e-03 0.000000000000000000e+00
1.746200000000000052e-03 0.000000000000000000e+00
1.781400000000000041e-03 0.000000000000000000e+00
1.817400000000000048e-03 0.000000000000000000e+00
1.854100000000000019e-03 0.000000000000000000e+00
1.891600000000000009e-03 0.000000000000000000e+00
1.929799999999999962e-03 0.000000000000000000e+00
1.968800000000000151e-03 0.000000000000000000e+00
2.008600000000000142e-03 0.000000000000000000e+00
2.049099999999999880e-03 0.000000000000000000e+00
2.090499999999999910e-03 0.000000000000000000e+00
2.132799999999999800e-03 0.000000000000000000e+00
2.175799999999999870e-03 0.000000000000000000e+00
2.219800000000000072e-03 0.000000000000000000e+00
2.264599999999999860e-03 0.000000000000000000e+00
2.310400000000000214e-03 0.000000000000000000e+00
2.357099999999999994e-03 0.000000000000000000e+00
2.404700000000000067e-03 0.000000000000000000e+00
2.453299999999999838e-03 0.000000000000000000e+00
2.502799999999999903e-03 0.000000000000000000e+00
2.553399999999999941e-03 0.000000000000000000e+00
2.605000000000000111e-03 0.000000000000000000e+00
2.657599999999999980e-03 0.000000000000000000e+00
2.711299999999999821e-03 0.000000000000000000e+00
2.765999999999999796e-03 0.000000000000000000e+00
2.821900000000000016e-03 0.000000000000000000e+00
2.878900000000000209e-03 0.000000000000000000e+00
2.937100000000000214e-03 0.000000000000000000e+00
2.996400000000000192e-03 0.000000000000000000e+00
3.056899999999999982e-03 0.000000000000000000e+00
3.118699999999999858e-03 0.000000000000000000e+00
3.181699999999999980e-03 0.000000000000000000e+00
3.246000000000000187e-03 -1.041585292813531183e-05
3.311500000000000207e-03 0.000000000000000000e+00
3.378400000000000153e-03 0.000000000000000000e+00
3.446700000000000024e-03 0.000000000000000000e+00
3.516299999999999981e-03 0.000000000000000000e+00
3.587400000000000137e-03 0.000000000000000000e+00
3.659799999999999946e-03 0.000000000000000000e+00
3.733799999999999793e-03 0.000000000000000000e+00
3.809199999999999999e-03 0.000000000000000000e+00
3.886099999999999971e-03 0.000000000000000000e+00
3.964600000000000415e-03 -8.899568376802758816e-05
4.044700000000000031e-03 -8.765394229214530848e-05
4.126399999999999686e-03 0.000000000000000000e+00
4.209799999999999653e-03 0.000000000000000000e+00
4.294799999999999660e-03 1.675462850529838466e-04
4.381600000000000251e-03 3.301419640418640201e-04
4.470100000000000288e-03 3.253090464601649510e-04
4.560400000000000044e-03 2.404520510122603553e-04
4.652500000000000385e-03 -7.901078501322688513e-05
4.746499999999999851e-03 -6.232471376564791563e-04
4.842400000000000176e-03 -1.382913557826877292e-03
4.940199999999999626e-03 -2.121855903705743233e-03
5.040000000000000209e-03 -2.840486287173712033e-03
5.141899999999999596e-03 -3.391833365337286379e-03
5.245699999999999842e-03 -3.709499835010404353e-03
5.351700000000000033e-03 -3.802968024706172758e-03
5.459799999999999896e-03 -3.751818367579226252e-03
5.570099999999999704e-03 -3.771480933670422024e-03
5.682600000000000325e-03 -3.652783275150782525e-03
5.797400000000000296e-03 -3.741119215603451974e-03
5.914499999999999619e-03 -3.760160208223517226e-03
6.034000000000000301e-03 -3.911045388397513950e-03
6.155899999999999740e-03 -3.992805173685876757e-03
6.280299999999999945e-03 -4.072272199530073931e-03
6.407200000000000048e-03 -4.213758389622011477e-03
6.536600000000000049e-03 -4.288603949420027178e-03
6.668600000000000222e-03 -4.299473863068277273e-03
6.803299999999999972e-03 -4.433231815850517503e-03
6.940799999999999574e-03 -4.503141547457775729e-03
7.080999999999999621e-03 -4.571436532580876871e-03
7.224000000000000386e-03 -4.697775713624533118e-03
7.369999999999999815e-03 -4.821553410773009481e-03
7.518900000000000236e-03 -4.884582602428576802e-03
7.670800000000000188e-03 -5.004180584575838690e-03
7.825699999999999670e-03 -5.064454447194295834e-03
7.983799999999999231e-03 -5.180191764088126760e-03
8.145100000000000603e-03 -5.238239896348042234e-03
8.309600000000000319e-03 -5.350703666931294102e-03
8.477500000000000660e-03 -5.461211760152896895e-03
8.648799999999999891e-03 -5.624372622218361782e-03
8.823499999999999746e-03 -5.677876949562319503e-03
9.001699999999999632e-03 -5.783890258581159821e-03
9.183600000000000096e-03 -5.941288277706502190e-03
9.369099999999999998e-03 -6.044518429632704873e-03
9.558300000000000476e-03 -6.146554823107926689e-03
9.751400000000000345e-03 -6.299152777651945145e-03
9.948399999999999604e-03 -6.399209241921556025e-03
1.014900000000000004e-02 -6.549141796219920368e-03
1.035400000000000036e-02 -6.647863935097281241e-03
1.056400000000000047e-02 -6.746057329938322071e-03
1.077700000000000012e-02 -6.893183375313988864e-03
1.099499999999999957e-02 -6.990813345288927894e-03
1.121699999999999954e-02 -7.185543370128272614e-03
1.144300000000000005e-02 -7.282580596051363084e-03
1.167499999999999961e-02 -7.427852529076682184e-03
1.191000000000000045e-02 -7.573087562034977634e-03
1.215100000000000034e-02 -7.718389526074597926e-03
1.239700000000000003e-02 -7.863859892630583118e-03
1.264700000000000026e-02 -8.056627025376005349e-03
1.290200000000000027e-02 -8.202879701638073756e-03
1.316299999999999935e-02 -8.350004445766959216e-03
1.342899999999999996e-02 -8.498111367991461121e-03
1.370000000000000037e-02 -8.647310219805888834e-03
1.397699999999999984e-02 -8.843735326710708972e-03
1.425900000000000084e-02 -8.995699832316317660e-03
1.454699999999999917e-02 -9.149944341998733285e-03
1.484100000000000003e-02 -9.305770869498923917e-03
1.514099999999999994e-02 -9.509649168255831370e-03
1.544700000000000066e-02 -9.670206400541008981e-03
1.575899999999999870e-02 -9.878962540803174625e-03
1.607700000000000101e-02 -1.000053381658788480e-02
1.640199999999999991e-02 -1.021542083306552738e-02
1.673399999999999888e-02 -1.043409511233507440e-02
1.707200000000000037e-02 -1.061161036807153554e-02
1.741600000000000092e-02 -1.079341293176522276e-02
1.776799999999999907e-02 -1.097972601662862077e-02
1.812700000000000075e-02 -1.121608118530789677e-02
1.849299999999999902e-02 -1.141271381008978660e-02
1.886699999999999836e-02 -1.156970468804545751e-02
1.924800000000000122e-02 -1.177763206346649216e-02
1.963700000000000168e-02 -1.194681360369354711e-02
2.003399999999999972e-02 -1.221361397748254446e-02
2.043800000000000130e-02 -1.239638041202713314e-02
2.085100000000000148e-02 -1.258629385063026081e-02
2.127199999999999924e-02 -1.283015569141616498e-02
2.170199999999999907e-02 -1.303630069065078549e-02
2.214100000000000096e-02 -1.325078875853603205e-02
2.258800000000000044e-02 -1.347406596411091471e-02
2.304399999999999851e-02 -1.370726192925883144e-02
2.350999999999999965e-02 -1.390299973611493906e-02
2.398499999999999938e-02 -1.410839659445066278e-02
2.446900000000000117e-02 -1.437202643159893323e-02
2.496400000000000008e-02 -1.459879942115263618e-02
2.546800000000000105e-02 -1.478733569659411787e-02
2.598200000000000162e-02 -1.503637988442514152e-02
2.650699999999999931e-02 -1.524749630154114376e-02
2.704300000000000107e-02 -1.541897580504228253e-02
2.758899999999999894e-02 -1.565267257735278653e-02
2.814600000000000088e-02 -1.589941486629157380e-02
2.871500000000000094e-02 -1.605272616533254953e-02
2.929500000000000159e-02 -1.627009398490887604e-02
2.988700000000000037e-02 -1.649969588680977317e-02
3.048999999999999974e-02 -1.668678749905091324e-02
3.110600000000000170e-02 -1.694055551793129111e-02
3.173499999999999932e-02 -1.715074125086601259e-02
3.237600000000000200e-02 -1.731445112933579361e-02
3.302999999999999686e-02 -1.748665611876535145e-02
3.369699999999999779e-02 -1.766893694738105175e-02
3.437799999999999884e-02 -1.785978707157782203e-02
3.507199999999999901e-02 -1.799844485264575494e-02
3.578100000000000031e-02 -1.814222987897869815e-02
3.650400000000000172e-02 -1.829143189982437162e-02
3.724100000000000327e-02 -1.844636291600051936e-02
3.799299999999999899e-02 -1.860611842327731039e-02
3.876099999999999685e-02 -1.870103121732111240e-02
3.954400000000000276e-02 -1.879585104440327503e-02
4.034299999999999692e-02 -1.888917539343230867e-02
4.115800000000000014e-02 -1.890797471468643257e-02
4.198899999999999855e-02 -1.899350383884785762e-02
4.283800000000000108e-02 -1.899813099607644898e-02
4.370299999999999879e-02 -1.907153886714197527e-02
4.458600000000000063e-02 -1.906009895317190700e-02
4.548599999999999866e-02 -1.903909025278129746e-02
4.640500000000000180e-02 -1.900487639661144895e-02
4.734300000000000314e-02 -1.895673670004351802e-02
4.829900000000000165e-02 -1.889235578035726101e-02
4.927499999999999936e-02 -1.889603590691545446e-02
5.027000000000000218e-02 -1.879508100144865190e-02
5.128599999999999826e-02 -1.867218825911783758e-02
5.232200000000000045e-02 -1.852992865458237895e-02
5.337900000000000283e-02 -1.836767589558391950e-02
5.445699999999999846e-02 -1.828068068425745679e-02
5.555700000000000222e-02 -1.808333300184373355e-02
5.668000000000000121e-02 -1.786962719656924256e-02
5.782500000000000140e-02 -1.773579914051686551e-02
5.899299999999999683e-02 -1.748970029631351925e-02
6.018400000000000138e-02 -1.716737373126326835e-02
6.140000000000000319e-02 -1.691016006100325847e-02
6.264100000000000223e-02 -1.660053755142731902e-02
6.390600000000000447e-02 -1.626967282315424507e-02
6.519700000000000495e-02 -1.589791428126725512e-02
6.651400000000000368e-02 -1.548592155930655738e-02
6.785800000000000165e-02 -1.503412016306750892e-02
6.922899999999999887e-02 -1.453135754849666471e-02
7.062699999999999534e-02 -1.397668704269151678e-02
7.205400000000000693e-02 -1.335729305598516888e-02
7.351000000000000589e-02 -1.268158136983005106e-02
7.499400000000000510e-02 -1.192227514998274798e-02
7.650899999999999368e-02 -1.107276079634133235e-02
7.805499999999999938e-02 -1.013734679350870686e-02
7.963199999999999446e-02 -9.094071995779925976e-03
8.124099999999999377e-02 -7.930687292597859636e-03
8.288199999999999734e-02 -6.659410348970303331e-03
8.455600000000000616e-02 -5.238414129116215380e-03
8.626399999999999346e-02 -3.663033661701875152e-03
8.800700000000000189e-02 -1.957691134830158875e-03
8.978500000000000369e-02 -9.067964399344483777e-05
9.159799999999999887e-02 1.956718035185996130e-03
9.344900000000000428e-02 4.171034440959739756e-03
9.533700000000000507e-02 6.567006829330783099e-03
9.726300000000000223e-02 9.122907083107690412e-03
9.922699999999999576e-02 1.184411716508958559e-02
1.012300000000000005e-01 1.469438769287414667e-02
1.032799999999999968e-01 1.764539489775771020e-02
1.053599999999999953e-01 2.072079864158097792e-02
1.074900000000000022e-01 2.377566804037323234e-02
1.096599999999999936e-01 2.684004378981367719e-02
1.118799999999999933e-01 2.986152913461609729e-02
1.141400000000000053e-01 3.280837242927611697e-02
1.164400000000000018e-01 3.567923508395550586e-02
1.188000000000000028e-01 3.843630750405210156e-02
1.212000000000000022e-01 4.114302701061665901e-02
1.236499999999999960e-01 4.383191233724806346e-02
1.261400000000000021e-01 4.652001563489290697e-02
1.286899999999999988e-01 4.926133343028447908e-02
1.312899999999999900e-01 5.216920068992331183e-02
1.339400000000000035e-01 5.526702225009842706e-02
1.366499999999999937e-01 5.866894657456384055e-02
1.394100000000000061e-01 6.238425626659513390e-02
1.422299999999999953e-01 6.659478880293859260e-02
1.451000000000000068e-01 7.131814472446450226e-02
1.480299999999999949e-01 7.659086744433127314e-02
1.510199999999999876e-01 8.246906883867993754e-02
1.540700000000000125e-01 8.895323993023639131e-02
1.571799999999999864e-01 9.602038085962932845e-02
1.603600000000000025e-01 1.036439107023087725e-01
1.635999999999999954e-01 1.116443446942719936e-01
1.668999999999999928e-01 1.198529676006829386e-01
1.702799999999999869e-01 1.280539666084775929e-01
1.737100000000000033e-01 1.359676085470667706e-01
1.772199999999999886e-01 1.433691698659879943e-01
1.807999999999999885e-01 1.502262321322508920e-01
1.844600000000000128e-01 1.564615398171017302e-01
1.881799999999999862e-01 1.622357580753309159e-01
1.919800000000000118e-01 1.677728066190296852e-01
1.958600000000000063e-01 1.733307391458457636e-01
1.998199999999999976e-01 1.792059991324768953e-01
2.038600000000000134e-01 1.857189965416377875e-01
2.079699999999999882e-01 1.933045769676860204e-01
2.121800000000000075e-01 2.021333348326026791e-01
2.164600000000000135e-01 2.123093944190245774e-01
2.208299999999999985e-01 2.237656985038251334e-01
2.253000000000000003e-01 2.362906715204451114e-01
2.298499999999999988e-01 2.495434027207099059e-01
2.344900000000000040e-01 2.629272324494822954e-01
2.392299999999999982e-01 2.759077242586472911e-01
2.440599999999999992e-01 2.880801140921912529e-01
2.489899999999999891e-01 2.990409381477055484e-01
2.540200000000000236e-01 3.088777345502501381e-01
2.591499999999999915e-01 3.180556958155092429e-01
2.643900000000000139e-01 3.270014533311886296e-01
2.697300000000000253e-01 3.366179040098529196e-01
2.751799999999999802e-01 3.476075118320641200e-01
2.807399999999999896e-01 3.605186767894028588e-01
2.864099999999999979e-01 3.751006847473358774e-01
2.921900000000000053e-01 3.912768542874419664e-01
2.980999999999999761e-01 4.083798447226813511e-01
3.041200000000000014e-01 4.255551133455762192e-01
3.102599999999999802e-01 4.420457504959843242e-01
3.165299999999999780e-01 4.571201082003986671e-01
3.229199999999999848e-01 4.710038785551087792e-01
3.294500000000000206e-01 4.841094765077870177e-01
3.361000000000000099e-01 4.974331778398623505e-01
3.428899999999999726e-01 5.117156202647515917e-01
3.498200000000000198e-01 5.278996570483975859e-01
3.568899999999999850e-01 5.458952927337514804e-01
3.640900000000000247e-01 5.653099838685078371e-01
3.714500000000000024e-01 5.851120759989186793e-01
3.789500000000000091e-01 6.044022068935493985e-01
3.866100000000000092e-01 6.226696110689242669e-01
3.944199999999999928e-01 6.399411887810489974e-01
4.023900000000000254e-01 6.568988013500837164e-01
4.105199999999999960e-01 6.744202442330567981e-01
4.188100000000000156e-01 6.932699792539680494e-01
4.272699999999999831e-01 7.136580595657739945e-01
4.359000000000000097e-01 7.350540350669735323e-01
4.447099999999999942e-01 7.565729832117276121e-01
4.536899999999999822e-01 7.776293055166589863e-01
4.628599999999999937e-01 7.979839916663614696e-01
4.722100000000000186e-01 8.180446466752628876e-01
4.817400000000000015e-01 8.386101341993156266e-01
4.914799999999999724e-01 8.600654726418646145e-01
5.014100000000000223e-01 8.825871305135911671e-01
5.115300000000000402e-01 9.055484009299596959e-01
5.218699999999999450e-01 9.284044634125339091e-01
5.324100000000000499e-01 9.509442339565430391e-01
5.431700000000000417e-01 9.733493506380476168e-01
5.541399999999999659e-01 9.961302293857384749e-01
5.653299999999999992e-01 1.019523748819022524e+00
5.767499999999999849e-01 1.043511784330828362e+00
5.884000000000000341e-01 1.067626329544104635e+00
6.002899999999999903e-01 1.091715210660458624e+00
6.124199999999999644e-01 1.115899291375304081e+00
6.247899999999999565e-01 1.140298185143097776e+00
6.374100000000000321e-01 1.164875254920766379e+00
6.502900000000000347e-01 1.189683634253653866e+00
6.634200000000000097e-01 1.214632001635434388e+00
6.768300000000000427e-01 1.239778108692698444e+00
6.905000000000000027e-01 1.265108002150854283e+00
7.044500000000000206e-01 1.290521016180372404e+00
7.186799999999999855e-01 1.316103745538803604e+00
7.331999999999999629e-01 1.341825613670693418e+00
7.480099999999999527e-01 1.367675962783862387e+00
7.631200000000000205e-01 1.393666352555466448e+00
7.785400000000000098e-01 1.419726821149419616e+00
7.942599999999999660e-01 1.445913081740540340e+00
8.103099999999999747e-01 1.472132687683158414e+00
8.266799999999999704e-01 1.498520037552272699e+00
8.433800000000000185e-01 1.524932406833229503e+00
8.604100000000000081e-01 1.551414602120901431e+00
8.778000000000000247e-01 1.577939694918902847e+00
8.955300000000000482e-01 1.604530969185771205e+00
9.136199999999999877e-01 1.631131794618477349e+00
9.320800000000000196e-01 1.657745048041991298e+00
9.509100000000000330e-01 1.684377528792393441e+00
9.701100000000000279e-01 1.711040704393092415e+00
9.897099999999999786e-01 1.737654907663039205e+00
1.009700000000000042e+00 1.764245150323787259e+00
1.030100000000000016e+00 1.790847758567895021e+00
1.050899999999999945e+00 1.817396935564223215e+00
1.072100000000000053e+00 1.843902620969613437e+00
1.093800000000000106e+00 1.870333304404148134e+00
1.115899999999999892e+00 1.896688121191053344e+00
1.138400000000000079e+00 1.922979950245589320e+00
1.161399999999999988e+00 1.949207051357035647e+00
1.184900000000000064e+00 1.975307278518821041e+00
1.208800000000000097e+00 2.001301913691635459e+00
1.233300000000000063e+00 2.027177355644457446e+00
1.258199999999999985e+00 2.052940527067920407e+00
1.283600000000000074e+00 2.078587351826924667e+00
1.309500000000000108e+00 2.104070557732213853e+00
1.336000000000000076e+00 2.129428691647663907e+00
1.362999999999999989e+00 2.154618828406997366e+00
1.390500000000000069e+00 2.179590324554369740e+00
1.418600000000000083e+00 2.204441499254889525e+00
1.447200000000000042e+00 2.229095268961019727e+00
1.476499999999999924e+00 2.253554515312216289e+00
1.506299999999999972e+00 2.277863457925763058e+00
1.536699999999999955e+00 2.301912908790271217e+00
1.567800000000000082e+00 2.325755852179096639e+00
1.599399999999999933e+00 2.349413975311297698e+00
1.631799999999999917e+00 2.372777018955392503e+00
1.664700000000000069e+00 2.395968436381604949e+00
1.698399999999999910e+00 2.418877465801610338e+00
1.732699999999999907e+00 2.441601081403363960e+00
1.767700000000000049e+00 2.464035930816874220e+00
1.803399999999999892e+00 2.486222493556954127e+00
1.839800000000000102e+00 2.508125293830023583e+00
1.877000000000000002e+00 2.529812470051659989e+00
1.914900000000000047e+00 2.551169144152094503e+00
1.953600000000000003e+00 2.572288134549751693e+00
1.993000000000000105e+00 2.593130979411501169e+00
2.033300000000000107e+00 2.613657661762633033e+00
2.074399999999999800e+00 2.633913380991642850e+00
2.116299999999999848e+00 2.653868599152724883e+00
2.158999999999999808e+00 2.673560123043396075e+00
2.202599999999999891e+00 2.692940473517154043e+00
2.247100000000000097e+00 2.712038903916573318e+00
2.292499999999999982e+00 2.730825001397153784e+00
2.338799999999999990e+00 2.749376243041338874e+00
2.386099999999999888e+00 2.767521539433095423e+00
2.434299999999999908e+00 2.785425755294007377e+00
2.483499999999999819e+00 2.803012847720301348e+00
2.533599999999999852e+00 2.820356596390740656e+00
2.584799999999999986e+00 2.837287499916915312e+00
2.637000000000000011e+00 2.853991785382372193e+00
2.690300000000000136e+00 2.870363871648893728e+00
2.744699999999999918e+00 2.886434893970520665e+00
2.800100000000000033e+00 2.902195372953264574e+00
2.856700000000000017e+00 2.917670578262087755e+00
2.914400000000000102e+00 2.932831197426975844e+00
2.973300000000000054e+00 2.947685910965391454e+00
3.033300000000000107e+00 2.962248620924899711e+00
3.094599999999999795e+00 2.976509713706915417e+00
3.157099999999999795e+00 2.990488173053960974e+00
3.220899999999999874e+00 3.004137614524747146e+00
3.286000000000000032e+00 3.017501083964585273e+00
3.352300000000000058e+00 3.030581447039594423e+00
3.420100000000000140e+00 3.043375372788489575e+00
3.489199999999999857e+00 3.055883072310513260e+00
3.559600000000000097e+00 3.068082353820368979e+00
3.631600000000000161e+00 3.080000153210954661e+00
3.704899999999999860e+00 3.091607986498938754e+00
3.779799999999999827e+00 3.102984289768026649e+00
3.856100000000000083e+00 3.114041522270902806e+00
3.934000000000000163e+00 3.124819013755919972e+00
4.013499999999999623e+00 3.135309899437138004e+00
4.094599999999999795e+00 3.145550480184198250e+00
4.177299999999999791e+00 3.155503712402530248e+00
4.261700000000000266e+00 3.165200292290909712e+00
4.347800000000000331e+00 3.174610831752179951e+00
4.435599999999999987e+00 3.183781475208377731e+00
4.525199999999999889e+00 3.192661753273984271e+00
4.616600000000000037e+00 3.201312977627177592e+00
4.709900000000000198e+00 3.209728243584935026e+00
4.804999999999999716e+00 3.217841137194058287e+00
4.902099999999999902e+00 3.225724892909543673e+00
5.001100000000000101e+00 3.233360169223191694e+00
5.102100000000000080e+00 3.240685801630352358e+00
5.205199999999999605e+00 3.247877834844835387e+00
5.310399999999999565e+00 3.254784200416271922e+00
5.417600000000000193e+00 3.261377961536828352e+00
5.527099999999999902e+00 3.267808525772525119e+00
5.638700000000000045e+00 3.274074486780746529e+00
5.752600000000000158e+00 3.280081251115076313e+00
5.868900000000000006e+00 3.285755691975118964e+00
5.987400000000000055e+00 3.291319774990572267e+00
6.108399999999999608e+00 3.296639543603014477e+00
6.231799999999999784e+00 3.301731953554327248e+00
6.357700000000000351e+00 3.306636799890778189e+00
6.486100000000000421e+00 3.311329518049282328e+00
6.617099999999999760e+00 3.315802810181674776e+00
6.750799999999999912e+00 3.320133762134189315e+00
6.887199999999999989e+00 3.324236340526026900e+00
7.026299999999999990e+00 3.328161237811298356e+00
7.168199999999999683e+00 3.331874322666408705e+00
7.312999999999999723e+00 3.335466570524429741e+00
7.460799999999999876e+00 3.338836644540326581e+00
7.611500000000000377e+00 3.342024834126513522e+00
7.765299999999999869e+00 3.345052882553463558e+00
7.922100000000000364e+00 3.347959970373506344e+00
8.082200000000000273e+00 3.350618576434403195e+00
8.245400000000000063e+00 3.353162675714042251e+00
8.412000000000000810e+00 3.355550262297189779e+00
8.581899999999999196e+00 3.357828432254016615e+00
8.755300000000000082e+00 3.359932372540165524e+00
8.932199999999999918e+00 3.361839315304894438e+00
9.112600000000000477e+00 3.363645395331621213e+00
9.296699999999999520e+00 3.365313145551746210e+00
9.484500000000000597e+00 3.366840899735442871e+00
9.676099999999999923e+00 3.368322979725926203e+00
9.871600000000000819e+00 3.369697945001718598e+00
1.007099999999999973e+01 3.371030669128641577e+00
