# # k[h/Mpc], logBoost (P^NLCDM_NL/P^NLCDM_L)
1.000000000000000048e-04 0.000000000000000000e+00
1.020200000000000024e-04 0.000000000000000000e+00
1.040800000000000064e-04 0.000000000000000000e+00
1.061800000000000032e-04 0.000000000000000000e+00
1.083300000000000013e-04 0.000000000000000000e+00
1.105200000000000057e-04 0.000000000000000000e+00
1.127500000000000030e-04 0.000000000000000000e+00
1.150300000000000015e-04 0.000000000000000000e+00
1.173500000000000064e-04 0.000000000000000000e+00
1.197199999999999989e-04 0.000000000000000000e+00
1.221399999999999927e-04 0.000000000000000000e+00
1.246099999999999877e-04 0.000000000000000000e+00
1.271199999999999891e-04 0.000000000000000000e+00
1.296899999999999865e-04 0.000000000000000000e+00
1.323100000000000122e-04 0.000000000000000000e+00
1.349900000000000069e-04 0.000000000000000000e+00
1.377100000000000080e-04 0.000000000000000000e+00
1.404900000000000051e-04 0.000000000000000000e+00
1.433299999999999982e-04 0.000000000000000000e+00
1.462299999999999874e-04 0.000000000000000000e+00
1.491800000000000049e-04 0.000000000000000000e+00
1.522000000000000132e-04 0.000000000000000000e+00
1.552699999999999957e-04 0.000000000000000000e+00
1.584099999999999961e-04 0.000000000000000000e+00
1.616099999999999926e-04 0.000000000000000000e+00
1.648700000000000122e-04 0.000000000000000000e+00
1.681999999999999956e-04 0.000000000000000000e+00
1.715999999999999969e-04 0.000000000000000000e+00
1.750699999999999891e-04 0.000000000000000000e+00
1.786000000000000044e-04 0.000000000000000000e+00
1.822100000000000054e-04 0.000000000000000000e+00
1.858899999999999973e-04 0.000000000000000000e+00
1.896500000000000020e-04 0.000000000000000000e+00
1.934799999999999975e-04 0.000000000000000000e+00
1.973900000000000058e-04 0.000000000000000000e+00
2.013799999999999998e-04 0.000000000000000000e+00
2.054400000000000117e-04 0.000000000000000000e+00
2.095900000000000042e-04 0.000000000000000000e+00
2.138300000000000042e-04 0.000000000000000000e+00
2.181499999999999900e-04 0.000000000000000000e+00
2.225499999999999885e-04 0.000000000000000000e+00
2.270499999999999895e-04 0.000000000000000000e+00
2.316399999999999980e-04 0.000000000000000000e+00
2.363199999999999871e-04 0.000000000000000000e+00
2.410900000000000109e-04 0.000000000000000000e+00
2.459599999999999829e-04 0.000000000000000000e+00
2.509300000000000115e-04 0.000000000000000000e+00
2.559999999999999884e-04 0.000000000000000000e+00
2.611700000000000219e-04 0.000000000000000000e+00
2.664499999999999985e-04 0.000000000000000000e+00
2.718299999999999775e-04 0.000000000000000000e+00
2.773200000000000079e-04 0.000000000000000000e+00
2.829199999999999814e-04 0.000000000000000000e+00
2.886400000000000012e-04 0.000000000000000000e+00
2.944700000000000182e-04 0.000000000000000000e+00
3.004199999999999731e-04 0.000000000000000000e+00
3.064899999999999743e-04 0.000000000000000000e+00
3.126800000000000217e-04 0.000000000000000000e+00
3.189900000000000070e-04 0.000000000000000000e+00
3.254399999999999741e-04 0.000000000000000000e+00
3.320099999999999874e-04 0.000000000000000000e+00
3.387199999999999825e-04 0.000000000000000000e+00
3.455600000000000186e-04 0.000000000000000000e+00
3.525399999999999823e-04 0.000000000000000000e+00
3.596599999999999819e-04 0.000000000000000000e+00
3.669300000000000122e-04 0.000000000000000000e+00
3.743400000000000243e-04 0.000000000000000000e+00
3.819000000000000129e-04 0.000000000000000000e+00
3.896200000000000271e-04 0.000000000000000000e+00
3.974900000000000178e-04 0.000000000000000000e+00
4.055199999999999799e-04 0.000000000000000000e+00
4.137100000000000217e-04 0.000000000000000000e+00
4.220699999999999756e-04 0.000000000000000000e+00
4.306000000000000040e-04 0.000000000000000000e+00
4.392900000000000038e-04 0.000000000000000000e+00
4.481700000000000137e-04 0.000000000000000000e+00
4.572199999999999897e-04 0.000000000000000000e+00
4.664599999999999758e-04 0.000000000000000000e+00
4.758799999999999771e-04 0.000000000000000000e+00
4.854999999999999832e-04 0.000000000000000000e+00
4.952999999999999504e-04 0.000000000000000000e+00
5.053100000000000256e-04 0.000000000000000000e+00
5.155199999999999973e-04 0.000000000000000000e+00
5.259299999999999739e-04 0.000000000000000000e+00
5.365600000000000534e-04 0.000000000000000000e+00
5.473900000000000293e-04 0.000000000000000000e+00
5.584500000000000488e-04 0.000000000000000000e+00
5.697299999999999543e-04 0.000000000000000000e+00
5.812400000000000119e-04 0.000000000000000000e+00
5.929900000000000535e-04 0.000000000000000000e+00
6.049599999999999813e-04 0.000000000000000000e+00
6.171899999999999912e-04 0.000000000000000000e+00
6.296500000000000447e-04 0.000000000000000000e+00
6.423699999999999636e-04 0.000000000000000000e+00
6.553499999999999647e-04 0.000000000000000000e+00
6.685900000000000480e-04 0.000000000000000000e+00
6.821000000000000457e-04 0.000000000000000000e+00
6.958799999999999578e-04 0.000000000000000000e+00
7.099300000000000012e-04 0.000000000000000000e+00
7.242699999999999486e-04 0.000000000000000000e+00
7.389099999999999575e-04 0.000000000000000000e+00
7.538300000000000382e-04 0.000000000000000000e+00
7.690600000000000127e-04 0.000000000000000000e+00
7.845999999999999893e-04 0.000000000000000000e+00
8.004499999999999680e-04 0.000000000000000000e+00
8.166199999999999978e-04 0.000000000000000000e+00
8.331099999999999704e-04 0.000000000000000000e+00
8.499399999999999837e-04 0.000000000000000000e+00
8.671100000000000379e-04 0.000000000000000000e+00
8.846299999999999650e-04 0.000000000000000000e+00
9.024999999999999819e-04 0.000000000000000000e+00
9.207300000000000293e-04 0.000000000000000000e+00
9.393300000000000477e-04 0.000000000000000000e+00
9.583099999999999778e-04 0.000000000000000000e+00
9.776699999999999280e-04 0.000000000000000000e+00
9.974199999999999473e-04 0.000000000000000000e+00
1.017600000000000015e-03 0.000000000000000000e+00
1.038099999999999917e-03 0.000000000000000000e+00
1.059100000000000102e-03 0.000000000000000000e+00
1.080500000000000080e-03 0.000000000000000000e+00
1.102300000000000068e-03 0.000000000000000000e+00
1.124599999999999905e-03 0.000000000000000000e+00
1.147299999999999969e-03 0.000000000000000000e+00
1.170500000000000099e-03 0.000000000000000000e+00
1.194100000000000023e-03 0.000000000000000000e+00
1.218200000000000012e-03 0.000000000000000000e+00
1.242899999999999908e-03 0.000000000000000000e+00
1.268000000000000030e-03 0.000000000000000000e+00
1.293600000000000002e-03 0.000000000000000000e+00
1.319700000000000040e-03 0.000000000000000000e+00
1.346399999999999984e-03 0.000000000000000000e+00
1.373599999999999995e-03 0.000000000000000000e+00
1.401300000000000072e-03 0.000000000000000000e+00
1.429600000000000055e-03 0.000000000000000000e+00
1.458499999999999944e-03 0.000000000000000000e+00
1.487999999999999956e-03 0.000000000000000000e+00
1.518000000000000035e-03 0.000000000000000000e+00
1.548700000000000077e-03 0.000000000000000000e+00
1.580000000000000024e-03 0.000000000000000000e+00
1.611900000000000095e-03 0.000000000000000000e+00
1.644499999999999912e-03 0.000000000000000000e+00
1.677700000000000068e-03 0.000000000000000000e+00
1.711599999999999970e-03 0.000000000000000000e+00
1.746200000000000052e-03 0.000000000000000000e+00
1.781400000000000041e-03 0.000000000000000000e+00
1.817400000000000048e-03 0.000000000000000000e+00
1.854100000000000019e-03 0.000000000000000000e+00
1.891600000000000009e-03 0.000000000000000000e+00
1.929799999999999962e-03 0.000000000000000000e+00
1.968800000000000151e-03 0.000000000000000000e+00
2.008600000000000142e-03 0.000000000000000000e+00
2.049099999999999880e-03 0.000000000000000000e+00
2.090499999999999910e-03 0.000000000000000000e+00
2.132799999999999800e-03 0.000000000000000000e+00
2.175799999999999870e-03 0.000000000000000000e+00
2.219800000000000072e-03 0.000000000000000000e+00
2.264599999999999860e-03 0.000000000000000000e+00
2.310400000000000214e-03 0.000000000000000000e+00
2.357099999999999994e-03 0.000000000000000000e+00
2.404700000000000067e-03 0.000000000000000000e+00
2.453299999999999838e-03 0.000000000000000000e+00
2.502799999999999903e-03 0.000000000000000000e+00
2.553399999999999941e-03 0.000000000000000000e+00
2.605000000000000111e-03 0.000000000000000000e+00
2.657599999999999980e-03 0.000000000000000000e+00
2.711299999999999821e-03 0.000000000000000000e+00
2.765999999999999796e-03 0.000000000000000000e+00
2.821900000000000016e-03 0.000000000000000000e+00
2.878900000000000209e-03 0.000000000000000000e+00
2.937100000000000214e-03 0.000000000000000000e+00
2.996400000000000192e-03 0.000000000000000000e+00
3.056899999999999982e-03 0.000000000000000000e+00
3.118699999999999858e-03 0.000000000000000000e+00
3.181699999999999980e-03 -6.049789771651084932e-05
3.246000000000000187e-03 0.000000000000000000e+00
3.311500000000000207e-03 0.000000000000000000e+00
3.378400000000000153e-03 0.000000000000000000e+00
3.446700000000000024e-03 0.000000000000000000e+00
3.516299999999999981e-03 0.000000000000000000e+00
3.587400000000000137e-03 5.488022392518702362e-05
3.659799999999999946e-03 5.401755571871897494e-05
3.733799999999999793e-03 0.000000000000000000e+00
3.809199999999999999e-03 -5.235190954790269334e-05
3.886099999999999971e-03 -5.154772031343929307e-05
3.964600000000000415e-03 -5.076270972431534814e-05
4.044700000000000031e-03 -4.999625029165153392e-05
4.126399999999999686e-03 0.000000000000000000e+00
4.209799999999999653e-03 9.702144181481644006e-05
4.294799999999999660e-03 1.911771740278389901e-04
4.381600000000000251e-03 2.354769596676374371e-04
4.470100000000000288e-03 1.856665434224204735e-04
4.560400000000000044e-03 0.000000000000000000e+00
4.652500000000000385e-03 -4.512024621960981745e-04
4.746499999999999851e-03 -9.789961622075863280e-04
4.842400000000000176e-03 -1.536334608532316862e-03
4.940199999999999626e-03 -2.078642702365345041e-03
5.040000000000000209e-03 -2.435430287926314014e-03
5.141899999999999596e-03 -2.656044058116296264e-03
5.245699999999999842e-03 -2.745768667714118799e-03
5.351700000000000033e-03 -2.751033371889870845e-03
5.459799999999999896e-03 -2.715465627905214174e-03
5.570099999999999704e-03 -2.680913115621701495e-03
5.682600000000000325e-03 -2.686792876322486711e-03
5.797400000000000296e-03 -2.731709015792923093e-03
5.914499999999999619e-03 -2.814134198494564355e-03
6.034000000000000301e-03 -2.894799004816334814e-03
6.155899999999999740e-03 -2.973672038642662975e-03
6.280299999999999945e-03 -3.050938110882271681e-03
6.407200000000000048e-03 -3.126554328140555665e-03
6.536600000000000049e-03 -3.200701066641018465e-03
6.668600000000000222e-03 -3.273560849128821521e-03
6.803299999999999972e-03 -3.345079806822792538e-03
6.940799999999999574e-03 -3.415436147029661008e-03
7.080999999999999621e-03 -3.484688336484169629e-03
7.224000000000000386e-03 -3.553014310533546098e-03
7.369999999999999815e-03 -3.654562873421006181e-03
7.518900000000000236e-03 -3.720871593255804886e-03
7.670800000000000188e-03 -3.819995932964888145e-03
7.825699999999999670e-03 -3.884660495482456129e-03
7.983799999999999231e-03 -3.981774680108133430e-03
8.145100000000000603e-03 -4.110533305485020508e-03
8.309600000000000319e-03 -4.173210203922286289e-03
8.477500000000000660e-03 -4.267819785163385650e-03
8.648799999999999891e-03 -4.361883477840221811e-03
8.823499999999999746e-03 -4.487146503759692831e-03
9.001699999999999632e-03 -4.611700538979378317e-03
9.183600000000000096e-03 -4.704571479965794813e-03
9.369099999999999998e-03 -4.828385374751612696e-03
9.558300000000000476e-03 -4.952103994625360606e-03
9.751400000000000345e-03 -5.075842600425365357e-03
9.948399999999999604e-03 -5.199713720748651638e-03
1.014900000000000004e-02 -5.354319681273635341e-03
1.035400000000000036e-02 -5.478970898000791456e-03
1.056400000000000047e-02 -5.604438267963618957e-03
1.077700000000000012e-02 -5.760780053746491700e-03
1.099499999999999957e-02 -5.888317733075076020e-03
1.121699999999999954e-02 -6.046971236046390710e-03
1.144300000000000005e-02 -6.206977631737175399e-03
1.167499999999999961e-02 -6.368884862981102381e-03
1.191000000000000045e-02 -6.532701336223770312e-03
1.215100000000000034e-02 -6.728096715292275314e-03
1.239700000000000003e-02 -6.896680258399015377e-03
1.264700000000000026e-02 -7.097636553382000862e-03
1.290200000000000027e-02 -7.272332795537081798e-03
1.316299999999999935e-02 -7.450681265339806347e-03
1.342899999999999996e-02 -7.662197863563786383e-03
1.370000000000000037e-02 -7.848710867584611853e-03
1.397699999999999984e-02 -8.069309894057699606e-03
1.425900000000000084e-02 -8.295128080148678196e-03
1.454699999999999917e-02 -8.526563781651551668e-03
1.484100000000000003e-02 -8.793877228967083431e-03
1.514099999999999994e-02 -9.008263750706535858e-03
1.544700000000000066e-02 -9.259741624318820752e-03
1.575899999999999870e-02 -9.518717571961647639e-03
1.607700000000000101e-02 -9.786325850647877023e-03
1.640199999999999991e-02 -1.003194826144803396e-02
1.673399999999999888e-02 -1.031760058574595490e-02
1.707200000000000037e-02 -1.061354435924687263e-02
1.741600000000000092e-02 -1.092020461587558944e-02
1.776799999999999907e-02 -1.120742094481238550e-02
1.812700000000000075e-02 -1.150607061680637699e-02
1.849299999999999902e-02 -1.181773548047857815e-02
1.886699999999999836e-02 -1.214261210014062203e-02
1.924800000000000122e-02 -1.244904316807745812e-02
1.963700000000000168e-02 -1.280299482829272938e-02
2.003399999999999972e-02 -1.313946536501017434e-02
2.043800000000000130e-02 -1.349225461249062286e-02
2.085100000000000148e-02 -1.382726100365168874e-02
2.127199999999999924e-02 -1.417964401315060727e-02
2.170199999999999907e-02 -1.458523031237675405e-02
2.214100000000000096e-02 -1.493839907887379269e-02
2.258800000000000044e-02 -1.527311829154023859e-02
2.304399999999999851e-02 -1.566356057578938490e-02
2.350999999999999965e-02 -1.603594419786499858e-02
2.398499999999999938e-02 -1.638900039314823351e-02
2.446900000000000117e-02 -1.680108159500508236e-02
2.496400000000000008e-02 -1.719403505706901952e-02
2.546800000000000105e-02 -1.756548805375924768e-02
2.598200000000000162e-02 -1.795640110670220987e-02
2.650699999999999931e-02 -1.836670857446152591e-02
2.704300000000000107e-02 -1.875291587040606861e-02
2.758899999999999894e-02 -1.911162185580835698e-02
2.814600000000000088e-02 -1.948705325188553050e-02
2.871500000000000094e-02 -1.983013538142426591e-02
2.929500000000000159e-02 -2.028506970911185189e-02
2.988700000000000037e-02 -2.065668692473542414e-02
3.048999999999999974e-02 -2.104143594607657194e-02
3.110600000000000170e-02 -2.138409555377749488e-02
3.173499999999999932e-02 -2.173347342302030250e-02
3.237600000000000200e-02 -2.214484051157279698e-02
3.302999999999999686e-02 -2.250640410929430346e-02
3.369699999999999779e-02 -2.287026475130000264e-02
3.437799999999999884e-02 -2.323434623424585482e-02
3.507199999999999901e-02 -2.359771693310692281e-02
3.578100000000000031e-02 -2.395934667625191153e-02
3.650400000000000172e-02 -2.444725976532333492e-02
3.724100000000000327e-02 -2.480186114252307811e-02
3.799299999999999899e-02 -2.514559528552607129e-02
3.876099999999999685e-02 -2.561716437030032989e-02
3.954400000000000276e-02 -2.600542730740336081e-02
4.034299999999999692e-02 -2.652284540978589247e-02
4.115800000000000014e-02 -2.694931627119970252e-02
4.198899999999999855e-02 -2.751268592897421553e-02
4.283800000000000108e-02 -2.806486615349405855e-02
4.370299999999999879e-02 -2.868410613478044116e-02
4.458600000000000063e-02 -2.929658624221984781e-02
4.548599999999999866e-02 -2.990242255835452376e-02
4.640500000000000180e-02 -3.067311580441874075e-02
4.734300000000000314e-02 -3.127530749441862629e-02
4.829900000000000165e-02 -3.213862493864954456e-02
4.927499999999999936e-02 -3.292332758437532120e-02
5.027000000000000218e-02 -3.372166841638241097e-02
5.128599999999999826e-02 -3.462639814219548723e-02
5.232200000000000045e-02 -3.546273395859933508e-02
5.337900000000000283e-02 -3.632646224973238441e-02
5.445699999999999846e-02 -3.722609419794468272e-02
5.555700000000000222e-02 -3.816772880288858000e-02
5.668000000000000121e-02 -3.896725985069528914e-02
5.782500000000000140e-02 -3.975657453542837116e-02
5.899299999999999683e-02 -4.056308456350966873e-02
6.018400000000000138e-02 -4.126161020477302904e-02
6.140000000000000319e-02 -4.187250190130242800e-02
6.264100000000000223e-02 -4.235184158427545559e-02
6.390600000000000447e-02 -4.270224329310928768e-02
6.519700000000000495e-02 -4.287524398070138160e-02
6.651400000000000368e-02 -4.287484416582138663e-02
6.785800000000000165e-02 -4.268471559386319281e-02
6.922899999999999887e-02 -4.226986077423118549e-02
7.062699999999999534e-02 -4.164290881583265769e-02
7.205400000000000693e-02 -4.080115011332991620e-02
7.351000000000000589e-02 -3.974248494887301641e-02
7.499400000000000510e-02 -3.848352360641677655e-02
7.650899999999999368e-02 -3.702930161747611942e-02
7.805499999999999938e-02 -3.540970287858921650e-02
7.963199999999999446e-02 -3.366381737228634624e-02
8.124099999999999377e-02 -3.184594705408491655e-02
8.288199999999999734e-02 -3.000812192051439259e-02
8.455600000000000616e-02 -2.825726061686575225e-02
8.626399999999999346e-02 -2.661718487728418486e-02
8.800700000000000189e-02 -2.520653068441687863e-02
8.978500000000000369e-02 -2.409326658404192453e-02
9.159799999999999887e-02 -2.334825301350330201e-02
9.344900000000000428e-02 -2.297822096280520768e-02
9.533700000000000507e-02 -2.300654513408170038e-02
9.726300000000000223e-02 -2.335361188300458593e-02
9.922699999999999576e-02 -2.398315064656808895e-02
1.012300000000000005e-01 -2.477816263068804981e-02
1.032799999999999968e-01 -2.559079372393228621e-02
1.053599999999999953e-01 -2.634287297678954490e-02
1.074900000000000022e-01 -2.682016697003273414e-02
1.096599999999999936e-01 -2.694826239149458735e-02
1.118799999999999933e-01 -2.649983420398798958e-02
1.141400000000000053e-01 -2.543627417040953895e-02
1.164400000000000018e-01 -2.357598249832933840e-02
1.188000000000000028e-01 -2.084231606083781010e-02
1.212000000000000022e-01 -1.718804678623953378e-02
1.236499999999999960e-01 -1.264582530039526538e-02
1.261400000000000021e-01 -7.222253615357748791e-03
1.286899999999999988e-01 -1.167372086459323279e-03
1.312899999999999900e-01 5.327826474300907493e-03
1.339400000000000035e-01 1.182065870566695320e-02
1.366499999999999937e-01 1.803365460774522880e-02
1.394100000000000061e-01 2.349446358163184354e-02
1.422299999999999953e-01 2.794755799928822296e-02
1.451000000000000068e-01 3.129700672191478017e-02
1.480299999999999949e-01 3.354832703896559049e-02
1.510199999999999876e-01 3.482429437037520142e-02
1.540700000000000125e-01 3.545026924333165297e-02
1.571799999999999864e-01 3.591385738592009491e-02
1.603600000000000025e-01 3.679818244395376137e-02
1.635999999999999954e-01 3.862011935230216797e-02
1.668999999999999928e-01 4.189462209692590422e-02
1.702799999999999869e-01 4.696957355552809632e-02
1.737100000000000033e-01 5.383818477560351617e-02
1.772199999999999886e-01 6.248249167579424806e-02
1.807999999999999885e-01 7.263248424676897741e-02
1.844600000000000128e-01 8.354783464623928568e-02
1.881799999999999862e-01 9.466710788738855187e-02
1.919800000000000118e-01 1.050394368302165760e-01
1.958600000000000063e-01 1.138890982635111793e-01
1.998199999999999976e-01 1.210236393766168095e-01
2.038600000000000134e-01 1.263369252897388884e-01
2.079699999999999882e-01 1.305099292258339316e-01
2.121800000000000075e-01 1.342674658189677572e-01
2.164600000000000135e-01 1.388890480774481184e-01
2.208299999999999985e-01 1.452407569726104908e-01
2.253000000000000003e-01 1.539265211219570106e-01
2.298499999999999988e-01 1.649466920131673620e-01
2.344900000000000040e-01 1.781492385490543451e-01
2.392299999999999982e-01 1.925410086783676811e-01
2.440599999999999992e-01 2.071435917877171295e-01
2.489899999999999891e-01 2.205404484349005045e-01
2.540200000000000236e-01 2.321550933451648202e-01
2.591499999999999915e-01 2.419190544387390118e-01
2.643900000000000139e-01 2.505707290316443459e-01
2.697300000000000253e-01 2.592761072924331667e-01
2.751799999999999802e-01 2.692788184392675976e-01
2.807399999999999896e-01 2.815390314796861193e-01
2.864099999999999979e-01 2.962543593271851350e-01
2.921900000000000053e-01 3.127007046714216920e-01
2.980999999999999761e-01 3.297940090685207437e-01
3.041200000000000014e-01 3.463820834077113164e-01
3.102599999999999802e-01 3.615395122228820535e-01
3.165299999999999780e-01 3.752980413850560693e-01
3.229199999999999848e-01 3.885021289804020950e-01
3.294500000000000206e-01 4.023208213770416708e-01
3.361000000000000099e-01 4.178008059887645120e-01
3.428899999999999726e-01 4.351665266286863232e-01
3.498200000000000198e-01 4.538279505781986911e-01
3.568899999999999850e-01 4.728615073009894698e-01
3.640900000000000247e-01 4.912404010134044929e-01
3.714500000000000024e-01 5.087134219787973199e-01
3.789500000000000091e-01 5.257023414809542938e-01
3.866100000000000092e-01 5.431306664543136264e-01
3.944199999999999928e-01 5.617536829239483387e-01
4.023900000000000254e-01 5.815706019739071975e-01
4.105199999999999960e-01 6.020894261306468653e-01
4.188100000000000156e-01 6.224844869921937196e-01
4.272699999999999831e-01 6.424906708610753636e-01
4.359000000000000097e-01 6.621898239602865832e-01
4.447099999999999942e-01 6.822890902198750496e-01
4.536899999999999822e-01 7.031471590712039532e-01
4.628599999999999937e-01 7.247534981516718933e-01
4.722100000000000186e-01 7.465946731353468868e-01
4.817400000000000015e-01 7.683657307396537517e-01
4.914799999999999724e-01 7.900370999675315753e-01
5.014100000000000223e-01 8.120225917767219803e-01
5.115300000000000402e-01 8.343120422338651254e-01
5.218699999999999450e-01 8.569192475200793080e-01
5.324100000000000499e-01 8.797160173310654141e-01
5.431700000000000417e-01 9.026035634223656956e-01
5.541399999999999659e-01 9.257375831060021820e-01
5.653299999999999992e-01 9.490082687866240319e-01
5.767499999999999849e-01 9.723185633438176101e-01
5.884000000000000341e-01 9.958079843072934478e-01
6.002899999999999903e-01 1.019433099952206767e+00
6.124199999999999644e-01 1.043206349042995251e+00
6.247899999999999565e-01 1.067030566167833650e+00
6.374100000000000321e-01 1.091001632463871163e+00
6.502900000000000347e-01 1.115082711985529107e+00
6.634200000000000097e-01 1.139203398514233356e+00
6.768300000000000427e-01 1.163443409974663556e+00
6.905000000000000027e-01 1.187751513796146074e+00
7.044500000000000206e-01 1.212151625503839814e+00
7.186799999999999855e-01 1.236582674900451595e+00
7.331999999999999629e-01 1.261083356390682253e+00
7.480099999999999527e-01 1.285607453673068390e+00
7.631200000000000205e-01 1.310176493655694996e+00
7.785400000000000098e-01 1.334784221909809165e+00
7.942599999999999660e-01 1.359372657806298790e+00
8.103099999999999747e-01 1.384014062351743624e+00
8.266799999999999704e-01 1.408632423025030223e+00
8.433800000000000185e-01 1.433264759033578528e+00
8.604100000000000081e-01 1.457908999279807993e+00
8.778000000000000247e-01 1.482574532492703101e+00
8.955300000000000482e-01 1.507234307601137191e+00
9.136199999999999877e-01 1.531885922249934806e+00
9.320800000000000196e-01 1.556592452133662485e+00
9.509100000000000330e-01 1.581296622704317478e+00
9.701100000000000279e-01 1.606031055611493841e+00
9.897099999999999786e-01 1.630765356274510802e+00
1.009700000000000042e+00 1.655492946440549451e+00
1.030100000000000016e+00 1.680259439915467556e+00
1.050899999999999945e+00 1.705069071082926602e+00
1.072100000000000053e+00 1.729825450580728230e+00
1.093800000000000106e+00 1.754637046565897585e+00
1.115899999999999892e+00 1.779468681947766973e+00
1.138400000000000079e+00 1.804275277159885782e+00
1.161399999999999988e+00 1.829072086424687660e+00
1.184900000000000064e+00 1.853914897553412988e+00
1.208800000000000097e+00 1.878764843654590289e+00
1.233300000000000063e+00 1.903597603502605207e+00
1.258199999999999985e+00 1.928428914016758755e+00
1.283600000000000074e+00 1.953240187655727711e+00
1.309500000000000108e+00 1.978051658167228499e+00
1.336000000000000076e+00 2.002791936332904754e+00
1.362999999999999989e+00 2.027593605761781159e+00
1.390500000000000069e+00 2.052315500987762498e+00
1.418600000000000083e+00 2.077019213636701611e+00
1.447200000000000042e+00 2.101727780388461309e+00
1.476499999999999924e+00 2.126347531942494484e+00
1.506299999999999972e+00 2.150984451613122239e+00
1.536699999999999955e+00 2.175463638208675388e+00
1.567800000000000082e+00 2.200034755056347269e+00
1.599399999999999933e+00 2.224472427585829859e+00
1.631799999999999917e+00 2.248894704075517836e+00
1.664700000000000069e+00 2.273210281604336913e+00
1.698399999999999910e+00 2.297478832635544865e+00
1.732699999999999907e+00 2.321611604020615616e+00
1.767700000000000049e+00 2.345760898938926697e+00
1.803399999999999892e+00 2.369846112410090466e+00
1.839800000000000102e+00 2.393860667838997980e+00
1.877000000000000002e+00 2.417725420981317264e+00
1.914900000000000047e+00 2.441503751058664573e+00
1.953600000000000003e+00 2.465256229493636209e+00
1.993000000000000105e+00 2.488812090132169974e+00
2.033300000000000107e+00 2.512280435376473608e+00
2.074399999999999800e+00 2.535737390400649272e+00
2.116299999999999848e+00 2.558982723626044287e+00
2.158999999999999808e+00 2.582136027512462295e+00
2.202599999999999891e+00 2.605179255650159842e+00
2.247100000000000097e+00 2.628079014767516153e+00
2.292499999999999982e+00 2.650856277591012056e+00
2.338799999999999990e+00 2.673485973923311221e+00
2.386099999999999888e+00 2.695988092238360778e+00
2.434299999999999908e+00 2.718349854998829862e+00
2.483499999999999819e+00 2.740541540633860240e+00
2.533599999999999852e+00 2.762600553923736602e+00
2.584799999999999986e+00 2.784485450109681626e+00
2.637000000000000011e+00 2.806218093274713166e+00
2.690300000000000136e+00 2.827783468950546997e+00
2.744699999999999918e+00 2.849179011702388298e+00
2.800100000000000033e+00 2.870397109232966759e+00
2.856700000000000017e+00 2.891448908936086859e+00
2.914400000000000102e+00 2.912321156551244350e+00
2.973300000000000054e+00 2.932974929155579780e+00
3.033300000000000107e+00 2.953465180345068664e+00
3.094599999999999795e+00 2.973763540130026417e+00
3.157099999999999795e+00 2.993911311376903139e+00
3.220899999999999874e+00 3.013800967230158445e+00
3.286000000000000032e+00 3.033499220327043666e+00
3.352300000000000058e+00 3.053010915960722826e+00
3.420100000000000140e+00 3.072289465063403835e+00
3.489199999999999857e+00 3.091368667015239158e+00
3.559600000000000097e+00 3.110273019586166310e+00
3.631600000000000161e+00 3.128919869148067079e+00
3.704899999999999860e+00 3.147361706202480569e+00
3.779799999999999827e+00 3.165598903155486976e+00
3.856100000000000083e+00 3.183598637900358685e+00
3.934000000000000163e+00 3.201370942647997264e+00
4.013499999999999623e+00 3.218912754081058480e+00
4.094599999999999795e+00 3.236250185658471334e+00
4.177299999999999791e+00 3.253299211551859749e+00
4.261700000000000266e+00 3.270166269842944118e+00
4.347800000000000331e+00 3.286774187894151211e+00
4.435599999999999987e+00 3.303211199479883398e+00
4.525199999999999889e+00 3.319373754109670838e+00
4.616600000000000037e+00 3.335284654951234273e+00
4.709900000000000198e+00 3.350920559629797513e+00
4.804999999999999716e+00 3.366321786840964059e+00
4.902099999999999902e+00 3.381512900986068271e+00
5.001100000000000101e+00 3.396431596324282154e+00
5.102100000000000080e+00 3.411096550355937840e+00
5.205199999999999605e+00 3.425539021679638640e+00
5.310399999999999565e+00 3.439692559802893346e+00
5.417600000000000193e+00 3.453627591603723346e+00
5.527099999999999902e+00 3.467289517439593460e+00
5.638700000000000045e+00 3.480681133239194036e+00
5.752600000000000158e+00 3.493840988667474168e+00
5.868900000000000006e+00 3.506697137532780228e+00
5.987400000000000055e+00 3.519349529043950486e+00
6.108399999999999608e+00 3.531669589805615406e+00
6.231799999999999784e+00 3.543791810204410808e+00
6.357700000000000351e+00 3.555591719357487968e+00
6.486100000000000421e+00 3.567190615623408778e+00
6.617099999999999760e+00 3.578503897787230770e+00
6.750799999999999912e+00 3.589559602390044901e+00
6.887199999999999989e+00 3.600396628224855622e+00
7.026299999999999990e+00 3.610890267404652576e+00
7.168199999999999683e+00 3.621218311436028348e+00
7.312999999999999723e+00 3.631220976793972710e+00
7.460799999999999876e+00 3.641051788541665335e+00
7.611500000000000377e+00 3.650520512816814556e+00
7.765299999999999869e+00 3.659752813432249230e+00
7.922100000000000364e+00 3.668757922582626563e+00
8.082200000000000273e+00 3.677416914183491592e+00
8.245400000000000063e+00 3.685858985554788525e+00
8.412000000000000810e+00 3.693896989750827142e+00
8.581899999999999196e+00 3.701713834669001724e+00
8.755300000000000082e+00 3.709215661207992287e+00
8.932199999999999918e+00 3.716482602134781210e+00
9.112600000000000477e+00 3.723399339738044489e+00
9.296699999999999520e+00 3.730095017900596943e+00
9.484500000000000597e+00 3.736596387298706023e+00
9.676099999999999923e+00 3.742891213805206618e+00
9.871600000000000819e+00 3.749046633519956373e+00
1.007099999999999973e+01 3.755120554902914964e+00
