#           k/h    P           
    0.10000E-03    0.41355E+03
    0.10202E-03    0.42184E+03
    0.10408E-03    0.43030E+03
    0.10618E-03    0.43893E+03
    0.10833E-03    0.44773E+03
    0.11052E-03    0.45671E+03
    0.11275E-03    0.46587E+03
    0.11503E-03    0.47521E+03
    0.11735E-03    0.48474E+03
    0.11972E-03    0.49445E+03
    0.12214E-03    0.50437E+03
    0.12461E-03    0.51448E+03
    0.12712E-03    0.52479E+03
    0.12969E-03    0.53531E+03
    0.13231E-03    0.54604E+03
    0.13499E-03    0.55699E+03
    0.13771E-03    0.56815E+03
    0.14049E-03    0.57954E+03
    0.14333E-03    0.59116E+03
    0.14623E-03    0.60300E+03
    0.14918E-03    0.61509E+03
    0.15220E-03    0.62741E+03
    0.15527E-03    0.63999E+03
    0.15841E-03    0.65281E+03
    0.16161E-03    0.66589E+03
    0.16487E-03    0.67923E+03
    0.16820E-03    0.69284E+03
    0.17160E-03    0.70672E+03
    0.17507E-03    0.72088E+03
    0.17860E-03    0.73532E+03
    0.18221E-03    0.75004E+03
    0.18589E-03    0.76507E+03
    0.18965E-03    0.78039E+03
    0.19348E-03    0.79601E+03
    0.19739E-03    0.81195E+03
    0.20138E-03    0.82821E+03
    0.20544E-03    0.84479E+03
    0.20959E-03    0.86170E+03
    0.21383E-03    0.87895E+03
    0.21815E-03    0.89654E+03
    0.22255E-03    0.91448E+03
    0.22705E-03    0.93278E+03
    0.23164E-03    0.95144E+03
    0.23632E-03    0.97047E+03
    0.24109E-03    0.98989E+03
    0.24596E-03    0.10097E+04
    0.25093E-03    0.10299E+04
    0.25600E-03    0.10505E+04
    0.26117E-03    0.10715E+04
    0.26645E-03    0.10929E+04
    0.27183E-03    0.11147E+04
    0.27732E-03    0.11370E+04
    0.28292E-03    0.11597E+04
    0.28864E-03    0.11829E+04
    0.29447E-03    0.12065E+04
    0.30042E-03    0.12306E+04
    0.30649E-03    0.12552E+04
    0.31268E-03    0.12802E+04
    0.31899E-03    0.13058E+04
    0.32544E-03    0.13319E+04
    0.33201E-03    0.13584E+04
    0.33872E-03    0.13855E+04
    0.34556E-03    0.14132E+04
    0.35254E-03    0.14413E+04
    0.35966E-03    0.14701E+04
    0.36693E-03    0.14994E+04
    0.37434E-03    0.15292E+04
    0.38190E-03    0.15597E+04
    0.38962E-03    0.15907E+04
    0.39749E-03    0.16224E+04
    0.40552E-03    0.16547E+04
    0.41371E-03    0.16876E+04
    0.42207E-03    0.17212E+04
    0.43060E-03    0.17554E+04
    0.43929E-03    0.17903E+04
    0.44817E-03    0.18259E+04
    0.45722E-03    0.18621E+04
    0.46646E-03    0.18991E+04
    0.47588E-03    0.19368E+04
    0.48550E-03    0.19752E+04
    0.49530E-03    0.20144E+04
    0.50531E-03    0.20543E+04
    0.51552E-03    0.20950E+04
    0.52593E-03    0.21365E+04
    0.53656E-03    0.21788E+04
    0.54739E-03    0.22219E+04
    0.55845E-03    0.22658E+04
    0.56973E-03    0.23106E+04
    0.58124E-03    0.23562E+04
    0.59299E-03    0.24028E+04
    0.60496E-03    0.24502E+04
    0.61719E-03    0.24985E+04
    0.62965E-03    0.25477E+04
    0.64237E-03    0.25979E+04
    0.65535E-03    0.26491E+04
    0.66859E-03    0.27012E+04
    0.68210E-03    0.27543E+04
    0.69588E-03    0.28084E+04
    0.70993E-03    0.28636E+04
    0.72427E-03    0.29197E+04
    0.73891E-03    0.29770E+04
    0.75383E-03    0.30353E+04
    0.76906E-03    0.30947E+04
    0.78460E-03    0.31553E+04
    0.80045E-03    0.32169E+04
    0.81662E-03    0.32797E+04
    0.83311E-03    0.33437E+04
    0.84994E-03    0.34089E+04
    0.86711E-03    0.34753E+04
    0.88463E-03    0.35429E+04
    0.90250E-03    0.36118E+04
    0.92073E-03    0.36819E+04
    0.93933E-03    0.37534E+04
    0.95831E-03    0.38261E+04
    0.97767E-03    0.39002E+04
    0.99742E-03    0.39756E+04
    0.10176E-02    0.40524E+04
    0.10381E-02    0.41306E+04
    0.10591E-02    0.42102E+04
    0.10805E-02    0.42912E+04
    0.11023E-02    0.43737E+04
    0.11246E-02    0.44577E+04
    0.11473E-02    0.45432E+04
    0.11705E-02    0.46302E+04
    0.11941E-02    0.47187E+04
    0.12182E-02    0.48089E+04
    0.12429E-02    0.49006E+04
    0.12680E-02    0.49939E+04
    0.12936E-02    0.50888E+04
    0.13197E-02    0.51854E+04
    0.13464E-02    0.52837E+04
    0.13736E-02    0.53836E+04
    0.14013E-02    0.54853E+04
    0.14296E-02    0.55887E+04
    0.14585E-02    0.56939E+04
    0.14880E-02    0.58009E+04
    0.15180E-02    0.59096E+04
    0.15487E-02    0.60202E+04
    0.15800E-02    0.61327E+04
    0.16119E-02    0.62470E+04
    0.16445E-02    0.63632E+04
    0.16777E-02    0.64813E+04
    0.17116E-02    0.66013E+04
    0.17462E-02    0.67233E+04
    0.17814E-02    0.68472E+04
    0.18174E-02    0.69731E+04
    0.18541E-02    0.71010E+04
    0.18916E-02    0.72310E+04
    0.19298E-02    0.73630E+04
    0.19688E-02    0.74970E+04
    0.20086E-02    0.76331E+04
    0.20491E-02    0.77714E+04
    0.20905E-02    0.79117E+04
    0.21328E-02    0.80541E+04
    0.21758E-02    0.81986E+04
    0.22198E-02    0.83453E+04
    0.22646E-02    0.84942E+04
    0.23104E-02    0.86452E+04
    0.23571E-02    0.87984E+04
    0.24047E-02    0.89538E+04
    0.24533E-02    0.91114E+04
    0.25028E-02    0.92712E+04
    0.25534E-02    0.94332E+04
    0.26050E-02    0.95974E+04
    0.26576E-02    0.97638E+04
    0.27113E-02    0.99325E+04
    0.27660E-02    0.10103E+05
    0.28219E-02    0.10276E+05
    0.28789E-02    0.10452E+05
    0.29371E-02    0.10629E+05
    0.29964E-02    0.10809E+05
    0.30569E-02    0.10991E+05
    0.31187E-02    0.11175E+05
    0.31817E-02    0.11361E+05
    0.32460E-02    0.11550E+05
    0.33115E-02    0.11741E+05
    0.33784E-02    0.11933E+05
    0.34467E-02    0.12128E+05
    0.35163E-02    0.12325E+05
    0.35874E-02    0.12525E+05
    0.36598E-02    0.12726E+05
    0.37338E-02    0.12929E+05
    0.38092E-02    0.13134E+05
    0.38861E-02    0.13342E+05
    0.39646E-02    0.13551E+05
    0.40447E-02    0.13762E+05
    0.41264E-02    0.13975E+05
    0.42098E-02    0.14189E+05
    0.42948E-02    0.14406E+05
    0.43816E-02    0.14624E+05
    0.44701E-02    0.14844E+05
    0.45604E-02    0.15065E+05
    0.46525E-02    0.15288E+05
    0.47465E-02    0.15513E+05
    0.48424E-02    0.15739E+05
    0.49402E-02    0.15966E+05
    0.50400E-02    0.16195E+05
    0.51419E-02    0.16424E+05
    0.52457E-02    0.16655E+05
    0.53517E-02    0.16887E+05
    0.54598E-02    0.17120E+05
    0.55701E-02    0.17354E+05
    0.56826E-02    0.17588E+05
    0.57974E-02    0.17823E+05
    0.59145E-02    0.18058E+05
    0.60340E-02    0.18294E+05
    0.61559E-02    0.18531E+05
    0.62803E-02    0.18767E+05
    0.64072E-02    0.19003E+05
    0.65366E-02    0.19240E+05
    0.66686E-02    0.19476E+05
    0.68033E-02    0.19711E+05
    0.69408E-02    0.19946E+05
    0.70810E-02    0.20181E+05
    0.72240E-02    0.20414E+05
    0.73700E-02    0.20647E+05
    0.75189E-02    0.20878E+05
    0.76708E-02    0.21108E+05
    0.78257E-02    0.21337E+05
    0.79838E-02    0.21563E+05
    0.81451E-02    0.21788E+05
    0.83096E-02    0.22011E+05
    0.84775E-02    0.22231E+05
    0.86488E-02    0.22449E+05
    0.88235E-02    0.22664E+05
    0.90017E-02    0.22875E+05
    0.91836E-02    0.23084E+05
    0.93691E-02    0.23289E+05
    0.95583E-02    0.23490E+05
    0.97514E-02    0.23688E+05
    0.99484E-02    0.23881E+05
    0.10149E-01    0.24069E+05
    0.10354E-01    0.24253E+05
    0.10564E-01    0.24431E+05
    0.10777E-01    0.24604E+05
    0.10995E-01    0.24772E+05
    0.11217E-01    0.24933E+05
    0.11443E-01    0.25088E+05
    0.11675E-01    0.25237E+05
    0.11910E-01    0.25379E+05
    0.12151E-01    0.25513E+05
    0.12397E-01    0.25640E+05
    0.12647E-01    0.25759E+05
    0.12902E-01    0.25870E+05
    0.13163E-01    0.25973E+05
    0.13429E-01    0.26067E+05
    0.13700E-01    0.26151E+05
    0.13977E-01    0.26226E+05
    0.14259E-01    0.26292E+05
    0.14547E-01    0.26347E+05
    0.14841E-01    0.26392E+05
    0.15141E-01    0.26426E+05
    0.15447E-01    0.26449E+05
    0.15759E-01    0.26461E+05
    0.16077E-01    0.26462E+05
    0.16402E-01    0.26451E+05
    0.16734E-01    0.26428E+05
    0.17072E-01    0.26392E+05
    0.17416E-01    0.26345E+05
    0.17768E-01    0.26284E+05
    0.18127E-01    0.26211E+05
    0.18493E-01    0.26125E+05
    0.18867E-01    0.26026E+05
    0.19248E-01    0.25915E+05
    0.19637E-01    0.25790E+05
    0.20034E-01    0.25652E+05
    0.20438E-01    0.25500E+05
    0.20851E-01    0.25336E+05
    0.21272E-01    0.25159E+05
    0.21702E-01    0.24970E+05
    0.22141E-01    0.24767E+05
    0.22588E-01    0.24553E+05
    0.23044E-01    0.24326E+05
    0.23510E-01    0.24087E+05
    0.23985E-01    0.23838E+05
    0.24469E-01    0.23577E+05
    0.24964E-01    0.23305E+05
    0.25468E-01    0.23024E+05
    0.25982E-01    0.22733E+05
    0.26507E-01    0.22433E+05
    0.27043E-01    0.22125E+05
    0.27589E-01    0.21810E+05
    0.28146E-01    0.21488E+05
    0.28715E-01    0.21160E+05
    0.29295E-01    0.20827E+05
    0.29887E-01    0.20490E+05
    0.30490E-01    0.20149E+05
    0.31106E-01    0.19806E+05
    0.31735E-01    0.19461E+05
    0.32376E-01    0.19116E+05
    0.33030E-01    0.18770E+05
    0.33697E-01    0.18426E+05
    0.34378E-01    0.18084E+05
    0.35072E-01    0.17746E+05
    0.35781E-01    0.17412E+05
    0.36504E-01    0.17083E+05
    0.37241E-01    0.16759E+05
    0.37993E-01    0.16442E+05
    0.38761E-01    0.16131E+05
    0.39544E-01    0.15828E+05
    0.40343E-01    0.15531E+05
    0.41158E-01    0.15243E+05
    0.41989E-01    0.14964E+05
    0.42838E-01    0.14695E+05
    0.43703E-01    0.14438E+05
    0.44586E-01    0.14192E+05
    0.45486E-01    0.13956E+05
    0.46405E-01    0.13730E+05
    0.47343E-01    0.13513E+05
    0.48299E-01    0.13303E+05
    0.49275E-01    0.13100E+05
    0.50270E-01    0.12904E+05
    0.51286E-01    0.12712E+05
    0.52322E-01    0.12526E+05
    0.53379E-01    0.12343E+05
    0.54457E-01    0.12163E+05
    0.55557E-01    0.11985E+05
    0.56680E-01    0.11807E+05
    0.57825E-01    0.11628E+05
    0.58993E-01    0.11446E+05
    0.60184E-01    0.11258E+05
    0.61400E-01    0.11065E+05
    0.62641E-01    0.10864E+05
    0.63906E-01    0.10654E+05
    0.65197E-01    0.10435E+05
    0.66514E-01    0.10205E+05
    0.67858E-01    0.99645E+04
    0.69229E-01    0.97135E+04
    0.70627E-01    0.94527E+04
    0.72054E-01    0.91831E+04
    0.73510E-01    0.89062E+04
    0.74994E-01    0.86239E+04
    0.76509E-01    0.83380E+04
    0.78055E-01    0.80509E+04
    0.79632E-01    0.77647E+04
    0.81241E-01    0.74817E+04
    0.82882E-01    0.72042E+04
    0.84556E-01    0.69343E+04
    0.86264E-01    0.66745E+04
    0.88007E-01    0.64269E+04
    0.89785E-01    0.61933E+04
    0.91598E-01    0.59756E+04
    0.93449E-01    0.57751E+04
    0.95337E-01    0.55926E+04
    0.97263E-01    0.54277E+04
    0.99227E-01    0.52800E+04
    0.10123E+00    0.51478E+04
    0.10328E+00    0.50284E+04
    0.10536E+00    0.49194E+04
    0.10749E+00    0.48173E+04
    0.10966E+00    0.47190E+04
    0.11188E+00    0.46212E+04
    0.11414E+00    0.45211E+04
    0.11644E+00    0.44161E+04
    0.11880E+00    0.43040E+04
    0.12120E+00    0.41835E+04
    0.12365E+00    0.40537E+04
    0.12614E+00    0.39149E+04
    0.12869E+00    0.37682E+04
    0.13129E+00    0.36156E+04
    0.13394E+00    0.34600E+04
    0.13665E+00    0.33044E+04
    0.13941E+00    0.31523E+04
    0.14223E+00    0.30072E+04
    0.14510E+00    0.28720E+04
    0.14803E+00    0.27491E+04
    0.15102E+00    0.26399E+04
    0.15407E+00    0.25444E+04
    0.15718E+00    0.24614E+04
    0.16036E+00    0.23890E+04
    0.16360E+00    0.23242E+04
    0.16690E+00    0.22639E+04
    0.17028E+00    0.22049E+04
    0.17371E+00    0.21441E+04
    0.17722E+00    0.20788E+04
    0.18080E+00    0.20076E+04
    0.18446E+00    0.19302E+04
    0.18818E+00    0.18479E+04
    0.19198E+00    0.17632E+04
    0.19586E+00    0.16789E+04
    0.19982E+00    0.15978E+04
    0.20386E+00    0.15224E+04
    0.20797E+00    0.14544E+04
    0.21218E+00    0.13948E+04
    0.21646E+00    0.13430E+04
    0.22083E+00    0.12973E+04
    0.22530E+00    0.12554E+04
    0.22985E+00    0.12150E+04
    0.23449E+00    0.11738E+04
    0.23923E+00    0.11303E+04
    0.24406E+00    0.10838E+04
    0.24899E+00    0.10352E+04
    0.25402E+00    0.98651E+03
    0.25915E+00    0.93946E+03
    0.26439E+00    0.89555E+03
    0.26973E+00    0.85581E+03
    0.27518E+00    0.82052E+03
    0.28074E+00    0.78895E+03
    0.28641E+00    0.75958E+03
    0.29219E+00    0.73085E+03
    0.29810E+00    0.70179E+03
    0.30412E+00    0.67197E+03
    0.31026E+00    0.64162E+03
    0.31653E+00    0.61168E+03
    0.32292E+00    0.58331E+03
    0.32945E+00    0.55717E+03
    0.33610E+00    0.53329E+03
    0.34289E+00    0.51130E+03
    0.34982E+00    0.49051E+03
    0.35689E+00    0.47012E+03
    0.36409E+00    0.44977E+03
    0.37145E+00    0.42961E+03
    0.37895E+00    0.41003E+03
    0.38661E+00    0.39149E+03
    0.39442E+00    0.37426E+03
    0.40239E+00    0.35818E+03
    0.41052E+00    0.34294E+03
    0.41881E+00    0.32822E+03
    0.42727E+00    0.31381E+03
    0.43590E+00    0.29980E+03
    0.44471E+00    0.28640E+03
    0.45369E+00    0.27372E+03
    0.46286E+00    0.26179E+03
    0.47221E+00    0.25044E+03
    0.48174E+00    0.23953E+03
    0.49148E+00    0.22900E+03
    0.50141E+00    0.21886E+03
    0.51153E+00    0.20921E+03
    0.52187E+00    0.20005E+03
    0.53241E+00    0.19134E+03
    0.54317E+00    0.18299E+03
    0.55414E+00    0.17499E+03
    0.56533E+00    0.16734E+03
    0.57675E+00    0.16003E+03
    0.58840E+00    0.15304E+03
    0.60029E+00    0.14637E+03
    0.61242E+00    0.14000E+03
    0.62479E+00    0.13392E+03
    0.63741E+00    0.12812E+03
    0.65029E+00    0.12257E+03
    0.66342E+00    0.11727E+03
    0.67683E+00    0.11221E+03
    0.69050E+00    0.10738E+03
    0.70445E+00    0.10276E+03
    0.71868E+00    0.98345E+02
    0.73320E+00    0.94125E+02
    0.74801E+00    0.90091E+02
    0.76312E+00    0.86233E+02
    0.77854E+00    0.82544E+02
    0.79426E+00    0.79017E+02
    0.81031E+00    0.75642E+02
    0.82668E+00    0.72413E+02
    0.84338E+00    0.69324E+02
    0.86041E+00    0.66368E+02
    0.87780E+00    0.63539E+02
    0.89553E+00    0.60831E+02
    0.91362E+00    0.58238E+02
    0.93208E+00    0.55755E+02
    0.95091E+00    0.53377E+02
    0.97011E+00    0.51099E+02
    0.98971E+00    0.48916E+02
    0.10097E+01    0.46823E+02
    0.10301E+01    0.44818E+02
    0.10509E+01    0.42895E+02
    0.10721E+01    0.41051E+02
    0.10938E+01    0.39283E+02
    0.11159E+01    0.37588E+02
    0.11384E+01    0.35963E+02
    0.11614E+01    0.34405E+02
    0.11849E+01    0.32911E+02
    0.12088E+01    0.31480E+02
    0.12333E+01    0.30109E+02
    0.12582E+01    0.28795E+02
    0.12836E+01    0.27536E+02
    0.13095E+01    0.26331E+02
    0.13360E+01    0.25176E+02
    0.13630E+01    0.24071E+02
    0.13905E+01    0.23012E+02
    0.14186E+01    0.21998E+02
    0.14472E+01    0.21027E+02
    0.14765E+01    0.20098E+02
    0.15063E+01    0.19209E+02
    0.15367E+01    0.18357E+02
    0.15678E+01    0.17542E+02
    0.15994E+01    0.16762E+02
    0.16318E+01    0.16016E+02
    0.16647E+01    0.15301E+02
    0.16984E+01    0.14618E+02
    0.17327E+01    0.13964E+02
    0.17677E+01    0.13339E+02
    0.18034E+01    0.12740E+02
    0.18398E+01    0.12168E+02
    0.18770E+01    0.11621E+02
    0.19149E+01    0.11097E+02
    0.19536E+01    0.10597E+02
    0.19930E+01    0.10118E+02
    0.20333E+01    0.96609E+01
    0.20744E+01    0.92236E+01
    0.21163E+01    0.88056E+01
    0.21590E+01    0.84060E+01
    0.22026E+01    0.80241E+01
    0.22471E+01    0.76591E+01
    0.22925E+01    0.73104E+01
    0.23388E+01    0.69772E+01
    0.23861E+01    0.66588E+01
    0.24343E+01    0.63546E+01
    0.24835E+01    0.60641E+01
    0.25336E+01    0.57865E+01
    0.25848E+01    0.55214E+01
    0.26370E+01    0.52682E+01
    0.26903E+01    0.50264E+01
    0.27447E+01    0.47956E+01
    0.28001E+01    0.45751E+01
    0.28567E+01    0.43646E+01
    0.29144E+01    0.41637E+01
    0.29733E+01    0.39718E+01
    0.30333E+01    0.37887E+01
    0.30946E+01    0.36139E+01
    0.31571E+01    0.34471E+01
    0.32209E+01    0.32878E+01
    0.32860E+01    0.31359E+01
    0.33523E+01    0.29909E+01
    0.34201E+01    0.28525E+01
    0.34892E+01    0.27205E+01
    0.35596E+01    0.25945E+01
    0.36316E+01    0.24744E+01
    0.37049E+01    0.23597E+01
    0.37798E+01    0.22504E+01
    0.38561E+01    0.21461E+01
    0.39340E+01    0.20465E+01
    0.40135E+01    0.19516E+01
    0.40946E+01    0.18611E+01
    0.41773E+01    0.17748E+01
    0.42617E+01    0.16925E+01
    0.43478E+01    0.16140E+01
    0.44356E+01    0.15391E+01
    0.45252E+01    0.14677E+01
    0.46166E+01    0.13996E+01
    0.47099E+01    0.13347E+01
    0.48050E+01    0.12729E+01
    0.49021E+01    0.12139E+01
    0.50011E+01    0.11576E+01
    0.51021E+01    0.11040E+01
    0.52052E+01    0.10529E+01
    0.53104E+01    0.10041E+01
    0.54176E+01    0.95769E+00
    0.55271E+01    0.91341E+00
    0.56387E+01    0.87119E+00
    0.57526E+01    0.83095E+00
    0.58689E+01    0.79259E+00
    0.59874E+01    0.75603E+00
    0.61084E+01    0.72117E+00
    0.62318E+01    0.68794E+00
    0.63577E+01    0.65626E+00
    0.64861E+01    0.62606E+00
    0.66171E+01    0.59727E+00
    0.67508E+01    0.56983E+00
    0.68872E+01    0.54367E+00
    0.70263E+01    0.51874E+00
    0.71682E+01    0.49497E+00
    0.73130E+01    0.47232E+00
    0.74608E+01    0.45073E+00
    0.76115E+01    0.43015E+00
    0.77653E+01    0.41054E+00
    0.79221E+01    0.39185E+00
    0.80822E+01    0.37403E+00
    0.82454E+01    0.35705E+00
    0.84120E+01    0.34086E+00
    0.85819E+01    0.32541E+00
    0.87553E+01    0.31068E+00
    0.89322E+01    0.29663E+00
    0.91126E+01    0.28322E+00
    0.92967E+01    0.27043E+00
    0.94845E+01    0.25821E+00
    0.96761E+01    0.24655E+00
    0.98716E+01    0.23541E+00
    0.10071E+02    0.22478E+00
    0.10274E+02    0.21463E+00
    0.10482E+02    0.20493E+00
    0.10694E+02    0.19568E+00
    0.10910E+02    0.18684E+00
    0.11130E+02    0.17840E+00
    0.11355E+02    0.17034E+00
    0.11584E+02    0.16265E+00
    0.11818E+02    0.15530E+00
