#           k/h    P           
    0.10000E-03    0.38445E+03
    0.10202E-03    0.39174E+03
    0.10408E-03    0.39916E+03
    0.10618E-03    0.40673E+03
    0.10833E-03    0.41444E+03
    0.11052E-03    0.42230E+03
    0.11275E-03    0.43031E+03
    0.11503E-03    0.43846E+03
    0.11735E-03    0.44678E+03
    0.11972E-03    0.45524E+03
    0.12214E-03    0.46387E+03
    0.12461E-03    0.47267E+03
    0.12712E-03    0.48163E+03
    0.12969E-03    0.49076E+03
    0.13231E-03    0.50006E+03
    0.13499E-03    0.50953E+03
    0.13771E-03    0.51919E+03
    0.14049E-03    0.52903E+03
    0.14333E-03    0.53906E+03
    0.14623E-03    0.54927E+03
    0.14918E-03    0.55968E+03
    0.15220E-03    0.57029E+03
    0.15527E-03    0.58109E+03
    0.15841E-03    0.59210E+03
    0.16161E-03    0.60332E+03
    0.16487E-03    0.61475E+03
    0.16820E-03    0.62640E+03
    0.17160E-03    0.63827E+03
    0.17507E-03    0.65036E+03
    0.17860E-03    0.66268E+03
    0.18221E-03    0.67523E+03
    0.18589E-03    0.68802E+03
    0.18965E-03    0.70105E+03
    0.19348E-03    0.71433E+03
    0.19739E-03    0.72786E+03
    0.20138E-03    0.74164E+03
    0.20544E-03    0.75568E+03
    0.20959E-03    0.76999E+03
    0.21383E-03    0.78457E+03
    0.21815E-03    0.79942E+03
    0.22255E-03    0.81455E+03
    0.22705E-03    0.82997E+03
    0.23164E-03    0.84568E+03
    0.23632E-03    0.86168E+03
    0.24109E-03    0.87799E+03
    0.24596E-03    0.89460E+03
    0.25093E-03    0.91153E+03
    0.25600E-03    0.92877E+03
    0.26117E-03    0.94634E+03
    0.26645E-03    0.96424E+03
    0.27183E-03    0.98247E+03
    0.27732E-03    0.10011E+04
    0.28292E-03    0.10200E+04
    0.28864E-03    0.10393E+04
    0.29447E-03    0.10589E+04
    0.30042E-03    0.10789E+04
    0.30649E-03    0.10993E+04
    0.31268E-03    0.11201E+04
    0.31899E-03    0.11412E+04
    0.32544E-03    0.11628E+04
    0.33201E-03    0.11848E+04
    0.33872E-03    0.12071E+04
    0.34556E-03    0.12299E+04
    0.35254E-03    0.12531E+04
    0.35966E-03    0.12768E+04
    0.36693E-03    0.13009E+04
    0.37434E-03    0.13254E+04
    0.38190E-03    0.13504E+04
    0.38962E-03    0.13759E+04
    0.39749E-03    0.14018E+04
    0.40552E-03    0.14282E+04
    0.41371E-03    0.14551E+04
    0.42207E-03    0.14826E+04
    0.43060E-03    0.15105E+04
    0.43929E-03    0.15389E+04
    0.44817E-03    0.15679E+04
    0.45722E-03    0.15974E+04
    0.46646E-03    0.16274E+04
    0.47588E-03    0.16580E+04
    0.48550E-03    0.16892E+04
    0.49530E-03    0.17210E+04
    0.50531E-03    0.17533E+04
    0.51552E-03    0.17862E+04
    0.52593E-03    0.18198E+04
    0.53656E-03    0.18539E+04
    0.54739E-03    0.18887E+04
    0.55845E-03    0.19241E+04
    0.56973E-03    0.19602E+04
    0.58124E-03    0.19969E+04
    0.59299E-03    0.20343E+04
    0.60496E-03    0.20724E+04
    0.61719E-03    0.21112E+04
    0.62965E-03    0.21507E+04
    0.64237E-03    0.21909E+04
    0.65535E-03    0.22318E+04
    0.66859E-03    0.22735E+04
    0.68210E-03    0.23159E+04
    0.69588E-03    0.23592E+04
    0.70993E-03    0.24031E+04
    0.72427E-03    0.24479E+04
    0.73891E-03    0.24935E+04
    0.75383E-03    0.25399E+04
    0.76906E-03    0.25872E+04
    0.78460E-03    0.26352E+04
    0.80045E-03    0.26842E+04
    0.81662E-03    0.27340E+04
    0.83311E-03    0.27847E+04
    0.84994E-03    0.28364E+04
    0.86711E-03    0.28889E+04
    0.88463E-03    0.29423E+04
    0.90250E-03    0.29968E+04
    0.92073E-03    0.30521E+04
    0.93933E-03    0.31085E+04
    0.95831E-03    0.31658E+04
    0.97767E-03    0.32242E+04
    0.99742E-03    0.32835E+04
    0.10176E-02    0.33440E+04
    0.10381E-02    0.34054E+04
    0.10591E-02    0.34680E+04
    0.10805E-02    0.35316E+04
    0.11023E-02    0.35964E+04
    0.11246E-02    0.36623E+04
    0.11473E-02    0.37294E+04
    0.11705E-02    0.37977E+04
    0.11941E-02    0.38671E+04
    0.12182E-02    0.39377E+04
    0.12429E-02    0.40096E+04
    0.12680E-02    0.40826E+04
    0.12936E-02    0.41570E+04
    0.13197E-02    0.42326E+04
    0.13464E-02    0.43095E+04
    0.13736E-02    0.43877E+04
    0.14013E-02    0.44673E+04
    0.14296E-02    0.45482E+04
    0.14585E-02    0.46304E+04
    0.14880E-02    0.47141E+04
    0.15180E-02    0.47991E+04
    0.15487E-02    0.48856E+04
    0.15800E-02    0.49735E+04
    0.16119E-02    0.50628E+04
    0.16445E-02    0.51536E+04
    0.16777E-02    0.52459E+04
    0.17116E-02    0.53397E+04
    0.17462E-02    0.54350E+04
    0.17814E-02    0.55319E+04
    0.18174E-02    0.56303E+04
    0.18541E-02    0.57303E+04
    0.18916E-02    0.58319E+04
    0.19298E-02    0.59351E+04
    0.19688E-02    0.60399E+04
    0.20086E-02    0.61464E+04
    0.20491E-02    0.62545E+04
    0.20905E-02    0.63643E+04
    0.21328E-02    0.64757E+04
    0.21758E-02    0.65889E+04
    0.22198E-02    0.67038E+04
    0.22646E-02    0.68204E+04
    0.23104E-02    0.69388E+04
    0.23571E-02    0.70589E+04
    0.24047E-02    0.71808E+04
    0.24533E-02    0.73044E+04
    0.25028E-02    0.74299E+04
    0.25534E-02    0.75571E+04
    0.26050E-02    0.76862E+04
    0.26576E-02    0.78170E+04
    0.27113E-02    0.79497E+04
    0.27660E-02    0.80843E+04
    0.28219E-02    0.82207E+04
    0.28789E-02    0.83589E+04
    0.29371E-02    0.84990E+04
    0.29964E-02    0.86410E+04
    0.30569E-02    0.87848E+04
    0.31187E-02    0.89304E+04
    0.31817E-02    0.90780E+04
    0.32460E-02    0.92274E+04
    0.33115E-02    0.93787E+04
    0.33784E-02    0.95318E+04
    0.34467E-02    0.96868E+04
    0.35163E-02    0.98437E+04
    0.35874E-02    0.10002E+05
    0.36598E-02    0.10163E+05
    0.37338E-02    0.10325E+05
    0.38092E-02    0.10490E+05
    0.38861E-02    0.10656E+05
    0.39646E-02    0.10823E+05
    0.40447E-02    0.10993E+05
    0.41264E-02    0.11164E+05
    0.42098E-02    0.11337E+05
    0.42948E-02    0.11512E+05
    0.43816E-02    0.11689E+05
    0.44701E-02    0.11867E+05
    0.45604E-02    0.12047E+05
    0.46525E-02    0.12228E+05
    0.47465E-02    0.12411E+05
    0.48424E-02    0.12596E+05
    0.49402E-02    0.12782E+05
    0.50400E-02    0.12970E+05
    0.51419E-02    0.13159E+05
    0.52457E-02    0.13349E+05
    0.53517E-02    0.13541E+05
    0.54598E-02    0.13734E+05
    0.55701E-02    0.13928E+05
    0.56826E-02    0.14124E+05
    0.57974E-02    0.14320E+05
    0.59145E-02    0.14518E+05
    0.60340E-02    0.14716E+05
    0.61559E-02    0.14916E+05
    0.62803E-02    0.15116E+05
    0.64072E-02    0.15318E+05
    0.65366E-02    0.15520E+05
    0.66686E-02    0.15722E+05
    0.68033E-02    0.15925E+05
    0.69408E-02    0.16129E+05
    0.70810E-02    0.16332E+05
    0.72240E-02    0.16537E+05
    0.73700E-02    0.16741E+05
    0.75189E-02    0.16945E+05
    0.76708E-02    0.17149E+05
    0.78257E-02    0.17354E+05
    0.79838E-02    0.17557E+05
    0.81451E-02    0.17761E+05
    0.83096E-02    0.17964E+05
    0.84775E-02    0.18166E+05
    0.86488E-02    0.18368E+05
    0.88235E-02    0.18569E+05
    0.90017E-02    0.18768E+05
    0.91836E-02    0.18967E+05
    0.93691E-02    0.19164E+05
    0.95583E-02    0.19360E+05
    0.97514E-02    0.19555E+05
    0.99484E-02    0.19747E+05
    0.10149E-01    0.19938E+05
    0.10354E-01    0.20127E+05
    0.10564E-01    0.20313E+05
    0.10777E-01    0.20497E+05
    0.10995E-01    0.20678E+05
    0.11217E-01    0.20856E+05
    0.11443E-01    0.21031E+05
    0.11675E-01    0.21203E+05
    0.11910E-01    0.21371E+05
    0.12151E-01    0.21535E+05
    0.12397E-01    0.21695E+05
    0.12647E-01    0.21851E+05
    0.12902E-01    0.22002E+05
    0.13163E-01    0.22149E+05
    0.13429E-01    0.22290E+05
    0.13700E-01    0.22426E+05
    0.13977E-01    0.22556E+05
    0.14259E-01    0.22680E+05
    0.14547E-01    0.22798E+05
    0.14841E-01    0.22909E+05
    0.15141E-01    0.23013E+05
    0.15447E-01    0.23110E+05
    0.15759E-01    0.23199E+05
    0.16077E-01    0.23281E+05
    0.16402E-01    0.23355E+05
    0.16734E-01    0.23421E+05
    0.17072E-01    0.23478E+05
    0.17416E-01    0.23526E+05
    0.17768E-01    0.23564E+05
    0.18127E-01    0.23594E+05
    0.18493E-01    0.23614E+05
    0.18867E-01    0.23624E+05
    0.19248E-01    0.23623E+05
    0.19637E-01    0.23613E+05
    0.20034E-01    0.23592E+05
    0.20438E-01    0.23560E+05
    0.20851E-01    0.23517E+05
    0.21272E-01    0.23463E+05
    0.21702E-01    0.23398E+05
    0.22141E-01    0.23321E+05
    0.22588E-01    0.23233E+05
    0.23044E-01    0.23133E+05
    0.23510E-01    0.23022E+05
    0.23985E-01    0.22900E+05
    0.24469E-01    0.22766E+05
    0.24964E-01    0.22620E+05
    0.25468E-01    0.22463E+05
    0.25982E-01    0.22295E+05
    0.26507E-01    0.22116E+05
    0.27043E-01    0.21927E+05
    0.27589E-01    0.21727E+05
    0.28146E-01    0.21516E+05
    0.28715E-01    0.21296E+05
    0.29295E-01    0.21067E+05
    0.29887E-01    0.20829E+05
    0.30490E-01    0.20582E+05
    0.31106E-01    0.20327E+05
    0.31735E-01    0.20065E+05
    0.32376E-01    0.19796E+05
    0.33030E-01    0.19521E+05
    0.33697E-01    0.19240E+05
    0.34378E-01    0.18955E+05
    0.35072E-01    0.18665E+05
    0.35781E-01    0.18373E+05
    0.36504E-01    0.18078E+05
    0.37241E-01    0.17781E+05
    0.37993E-01    0.17483E+05
    0.38761E-01    0.17186E+05
    0.39544E-01    0.16889E+05
    0.40343E-01    0.16594E+05
    0.41158E-01    0.16301E+05
    0.41989E-01    0.16012E+05
    0.42838E-01    0.15727E+05
    0.43703E-01    0.15447E+05
    0.44586E-01    0.15171E+05
    0.45486E-01    0.14902E+05
    0.46405E-01    0.14638E+05
    0.47343E-01    0.14380E+05
    0.48299E-01    0.14129E+05
    0.49275E-01    0.13886E+05
    0.50270E-01    0.13652E+05
    0.51286E-01    0.13428E+05
    0.52322E-01    0.13214E+05
    0.53379E-01    0.13009E+05
    0.54457E-01    0.12812E+05
    0.55557E-01    0.12623E+05
    0.56680E-01    0.12440E+05
    0.57825E-01    0.12263E+05
    0.58993E-01    0.12092E+05
    0.60184E-01    0.11924E+05
    0.61400E-01    0.11761E+05
    0.62641E-01    0.11600E+05
    0.63906E-01    0.11442E+05
    0.65197E-01    0.11285E+05
    0.66514E-01    0.11129E+05
    0.67858E-01    0.10972E+05
    0.69229E-01    0.10813E+05
    0.70627E-01    0.10649E+05
    0.72054E-01    0.10479E+05
    0.73510E-01    0.10303E+05
    0.74994E-01    0.10118E+05
    0.76509E-01    0.99242E+04
    0.78055E-01    0.97211E+04
    0.79632E-01    0.95080E+04
    0.81241E-01    0.92853E+04
    0.82882E-01    0.90535E+04
    0.84556E-01    0.88137E+04
    0.86264E-01    0.85672E+04
    0.88007E-01    0.83158E+04
    0.89785E-01    0.80613E+04
    0.91598E-01    0.78058E+04
    0.93449E-01    0.75513E+04
    0.95337E-01    0.72999E+04
    0.97263E-01    0.70535E+04
    0.99227E-01    0.68142E+04
    0.10123E+00    0.65839E+04
    0.10328E+00    0.63646E+04
    0.10536E+00    0.61580E+04
    0.10749E+00    0.59656E+04
    0.10966E+00    0.57888E+04
    0.11188E+00    0.56283E+04
    0.11414E+00    0.54840E+04
    0.11644E+00    0.53555E+04
    0.11880E+00    0.52411E+04
    0.12120E+00    0.51386E+04
    0.12365E+00    0.50453E+04
    0.12614E+00    0.49579E+04
    0.12869E+00    0.48733E+04
    0.13129E+00    0.47883E+04
    0.13394E+00    0.47000E+04
    0.13665E+00    0.46060E+04
    0.13941E+00    0.45043E+04
    0.14223E+00    0.43937E+04
    0.14510E+00    0.42737E+04
    0.14803E+00    0.41446E+04
    0.15102E+00    0.40074E+04
    0.15407E+00    0.38643E+04
    0.15718E+00    0.37178E+04
    0.16036E+00    0.35711E+04
    0.16360E+00    0.34276E+04
    0.16690E+00    0.32909E+04
    0.17028E+00    0.31641E+04
    0.17371E+00    0.30496E+04
    0.17722E+00    0.29489E+04
    0.18080E+00    0.28618E+04
    0.18446E+00    0.27868E+04
    0.18818E+00    0.27218E+04
    0.19198E+00    0.26635E+04
    0.19586E+00    0.26087E+04
    0.19982E+00    0.25544E+04
    0.20386E+00    0.24971E+04
    0.20797E+00    0.24341E+04
    0.21218E+00    0.23637E+04
    0.21646E+00    0.22858E+04
    0.22083E+00    0.22022E+04
    0.22530E+00    0.21158E+04
    0.22985E+00    0.20299E+04
    0.23449E+00    0.19476E+04
    0.23923E+00    0.18712E+04
    0.24406E+00    0.18029E+04
    0.24899E+00    0.17434E+04
    0.25402E+00    0.16921E+04
    0.25915E+00    0.16471E+04
    0.26439E+00    0.16054E+04
    0.26973E+00    0.15642E+04
    0.27518E+00    0.15209E+04
    0.28074E+00    0.14740E+04
    0.28641E+00    0.14232E+04
    0.29219E+00    0.13696E+04
    0.29810E+00    0.13155E+04
    0.30412E+00    0.12633E+04
    0.31026E+00    0.12149E+04
    0.31653E+00    0.11714E+04
    0.32292E+00    0.11327E+04
    0.32945E+00    0.10978E+04
    0.33610E+00    0.10650E+04
    0.34289E+00    0.10322E+04
    0.34982E+00    0.99811E+03
    0.35689E+00    0.96253E+03
    0.36409E+00    0.92610E+03
    0.37145E+00    0.89006E+03
    0.37895E+00    0.85580E+03
    0.38661E+00    0.82422E+03
    0.39442E+00    0.79532E+03
    0.40239E+00    0.76832E+03
    0.41052E+00    0.74229E+03
    0.41881E+00    0.71637E+03
    0.42727E+00    0.69009E+03
    0.43590E+00    0.66375E+03
    0.44471E+00    0.63811E+03
    0.45369E+00    0.61374E+03
    0.46286E+00    0.59086E+03
    0.47221E+00    0.56935E+03
    0.48174E+00    0.54863E+03
    0.49148E+00    0.52826E+03
    0.50141E+00    0.50817E+03
    0.51153E+00    0.48844E+03
    0.52187E+00    0.46945E+03
    0.53241E+00    0.45139E+03
    0.54317E+00    0.43416E+03
    0.55414E+00    0.41761E+03
    0.56533E+00    0.40149E+03
    0.57675E+00    0.38577E+03
    0.58840E+00    0.37055E+03
    0.60029E+00    0.35592E+03
    0.61242E+00    0.34193E+03
    0.62479E+00    0.32845E+03
    0.63741E+00    0.31541E+03
    0.65029E+00    0.30282E+03
    0.66342E+00    0.29067E+03
    0.67683E+00    0.27897E+03
    0.69050E+00    0.26770E+03
    0.70445E+00    0.25686E+03
    0.71868E+00    0.24643E+03
    0.73320E+00    0.23638E+03
    0.74801E+00    0.22672E+03
    0.76312E+00    0.21742E+03
    0.77854E+00    0.20848E+03
    0.79426E+00    0.19987E+03
    0.81031E+00    0.19159E+03
    0.82668E+00    0.18363E+03
    0.84338E+00    0.17598E+03
    0.86041E+00    0.16862E+03
    0.87780E+00    0.16155E+03
    0.89553E+00    0.15475E+03
    0.91362E+00    0.14822E+03
    0.93208E+00    0.14195E+03
    0.95091E+00    0.13593E+03
    0.97011E+00    0.13016E+03
    0.98971E+00    0.12461E+03
    0.10097E+01    0.11929E+03
    0.10301E+01    0.11418E+03
    0.10509E+01    0.10929E+03
    0.10721E+01    0.10459E+03
    0.10938E+01    0.10009E+03
    0.11159E+01    0.95767E+02
    0.11384E+01    0.91624E+02
    0.11614E+01    0.87653E+02
    0.11849E+01    0.83845E+02
    0.12088E+01    0.80195E+02
    0.12333E+01    0.76696E+02
    0.12582E+01    0.73343E+02
    0.12836E+01    0.70129E+02
    0.13095E+01    0.67049E+02
    0.13360E+01    0.64098E+02
    0.13630E+01    0.61271E+02
    0.13905E+01    0.58563E+02
    0.14186E+01    0.55968E+02
    0.14472E+01    0.53483E+02
    0.14765E+01    0.51104E+02
    0.15063E+01    0.48825E+02
    0.15367E+01    0.46643E+02
    0.15678E+01    0.44554E+02
    0.15994E+01    0.42554E+02
    0.16318E+01    0.40639E+02
    0.16647E+01    0.38807E+02
    0.16984E+01    0.37054E+02
    0.17327E+01    0.35376E+02
    0.17677E+01    0.33770E+02
    0.18034E+01    0.32234E+02
    0.18398E+01    0.30765E+02
    0.18770E+01    0.29359E+02
    0.19149E+01    0.28015E+02
    0.19536E+01    0.26729E+02
    0.19930E+01    0.25499E+02
    0.20333E+01    0.24324E+02
    0.20744E+01    0.23200E+02
    0.21163E+01    0.22126E+02
    0.21590E+01    0.21099E+02
    0.22026E+01    0.20118E+02
    0.22471E+01    0.19180E+02
    0.22925E+01    0.18284E+02
    0.23388E+01    0.17427E+02
    0.23861E+01    0.16610E+02
    0.24343E+01    0.15828E+02
    0.24835E+01    0.15082E+02
    0.25336E+01    0.14369E+02
    0.25848E+01    0.13689E+02
    0.26370E+01    0.13039E+02
    0.26903E+01    0.12419E+02
    0.27447E+01    0.11827E+02
    0.28001E+01    0.11261E+02
    0.28567E+01    0.10722E+02
    0.29144E+01    0.10207E+02
    0.29733E+01    0.97159E+01
    0.30333E+01    0.92473E+01
    0.30946E+01    0.88003E+01
    0.31571E+01    0.83739E+01
    0.32209E+01    0.79672E+01
    0.32860E+01    0.75794E+01
    0.33523E+01    0.72096E+01
    0.34201E+01    0.68570E+01
    0.34892E+01    0.65209E+01
    0.35596E+01    0.62006E+01
    0.36316E+01    0.58953E+01
    0.37049E+01    0.56043E+01
    0.37798E+01    0.53270E+01
    0.38561E+01    0.50629E+01
    0.39340E+01    0.48112E+01
    0.40135E+01    0.45716E+01
    0.40946E+01    0.43433E+01
    0.41773E+01    0.41259E+01
    0.42617E+01    0.39189E+01
    0.43478E+01    0.37218E+01
    0.44356E+01    0.35342E+01
    0.45252E+01    0.33557E+01
    0.46166E+01    0.31857E+01
    0.47099E+01    0.30240E+01
    0.48050E+01    0.28701E+01
    0.49021E+01    0.27238E+01
    0.50011E+01    0.25845E+01
    0.51021E+01    0.24521E+01
    0.52052E+01    0.23261E+01
    0.53104E+01    0.22063E+01
    0.54176E+01    0.20925E+01
    0.55271E+01    0.19842E+01
    0.56387E+01    0.18813E+01
    0.57526E+01    0.17835E+01
    0.58689E+01    0.16905E+01
    0.59874E+01    0.16022E+01
    0.61084E+01    0.15183E+01
    0.62318E+01    0.14386E+01
    0.63577E+01    0.13629E+01
    0.64861E+01    0.12910E+01
    0.66171E+01    0.12227E+01
    0.67508E+01    0.11579E+01
    0.68872E+01    0.10964E+01
    0.70263E+01    0.10380E+01
    0.71682E+01    0.98253E+00
    0.73130E+01    0.92994E+00
    0.74608E+01    0.88004E+00
    0.76115E+01    0.83271E+00
    0.77653E+01    0.78781E+00
    0.79221E+01    0.74522E+00
    0.80822E+01    0.70483E+00
    0.82454E+01    0.66653E+00
    0.84120E+01    0.63022E+00
    0.85819E+01    0.59578E+00
    0.87553E+01    0.56314E+00
    0.89322E+01    0.53220E+00
    0.91126E+01    0.50288E+00
    0.92967E+01    0.47509E+00
    0.94845E+01    0.44878E+00
    0.96761E+01    0.42386E+00
    0.98716E+01    0.40029E+00
    0.10071E+02    0.37799E+00
    0.10274E+02    0.35690E+00
    0.10482E+02    0.33697E+00
    0.10694E+02    0.31813E+00
    0.10910E+02    0.30034E+00
