#           k/h    P           
    0.10000E-03    0.53655E+03
    0.10202E-03    0.54658E+03
    0.10408E-03    0.55679E+03
    0.10618E-03    0.56720E+03
    0.10833E-03    0.57780E+03
    0.11052E-03    0.58859E+03
    0.11275E-03    0.59959E+03
    0.11503E-03    0.61080E+03
    0.11735E-03    0.62221E+03
    0.11972E-03    0.63384E+03
    0.12214E-03    0.64568E+03
    0.12461E-03    0.65774E+03
    0.12712E-03    0.67003E+03
    0.12969E-03    0.68255E+03
    0.13231E-03    0.69530E+03
    0.13499E-03    0.70829E+03
    0.13771E-03    0.72152E+03
    0.14049E-03    0.73500E+03
    0.14333E-03    0.74873E+03
    0.14623E-03    0.76271E+03
    0.14918E-03    0.77696E+03
    0.15220E-03    0.79147E+03
    0.15527E-03    0.80625E+03
    0.15841E-03    0.82131E+03
    0.16161E-03    0.83664E+03
    0.16487E-03    0.85227E+03
    0.16820E-03    0.86818E+03
    0.17160E-03    0.88439E+03
    0.17507E-03    0.90090E+03
    0.17860E-03    0.91772E+03
    0.18221E-03    0.93485E+03
    0.18589E-03    0.95230E+03
    0.18965E-03    0.97007E+03
    0.19348E-03    0.98818E+03
    0.19739E-03    0.10066E+04
    0.20138E-03    0.10254E+04
    0.20544E-03    0.10445E+04
    0.20959E-03    0.10640E+04
    0.21383E-03    0.10839E+04
    0.21815E-03    0.11041E+04
    0.22255E-03    0.11247E+04
    0.22705E-03    0.11457E+04
    0.23164E-03    0.11670E+04
    0.23632E-03    0.11888E+04
    0.24109E-03    0.12109E+04
    0.24596E-03    0.12335E+04
    0.25093E-03    0.12565E+04
    0.25600E-03    0.12799E+04
    0.26117E-03    0.13038E+04
    0.26645E-03    0.13281E+04
    0.27183E-03    0.13528E+04
    0.27732E-03    0.13780E+04
    0.28292E-03    0.14037E+04
    0.28864E-03    0.14298E+04
    0.29447E-03    0.14564E+04
    0.30042E-03    0.14836E+04
    0.30649E-03    0.15112E+04
    0.31268E-03    0.15393E+04
    0.31899E-03    0.15679E+04
    0.32544E-03    0.15971E+04
    0.33201E-03    0.16268E+04
    0.33872E-03    0.16570E+04
    0.34556E-03    0.16878E+04
    0.35254E-03    0.17192E+04
    0.35966E-03    0.17512E+04
    0.36693E-03    0.17837E+04
    0.37434E-03    0.18168E+04
    0.38190E-03    0.18506E+04
    0.38962E-03    0.18849E+04
    0.39749E-03    0.19199E+04
    0.40552E-03    0.19555E+04
    0.41371E-03    0.19918E+04
    0.42207E-03    0.20287E+04
    0.43060E-03    0.20663E+04
    0.43929E-03    0.21046E+04
    0.44817E-03    0.21436E+04
    0.45722E-03    0.21833E+04
    0.46646E-03    0.22237E+04
    0.47588E-03    0.22648E+04
    0.48550E-03    0.23067E+04
    0.49530E-03    0.23494E+04
    0.50531E-03    0.23928E+04
    0.51552E-03    0.24370E+04
    0.52593E-03    0.24820E+04
    0.53656E-03    0.25278E+04
    0.54739E-03    0.25744E+04
    0.55845E-03    0.26219E+04
    0.56973E-03    0.26702E+04
    0.58124E-03    0.27194E+04
    0.59299E-03    0.27695E+04
    0.60496E-03    0.28204E+04
    0.61719E-03    0.28723E+04
    0.62965E-03    0.29251E+04
    0.64237E-03    0.29788E+04
    0.65535E-03    0.30335E+04
    0.66859E-03    0.30892E+04
    0.68210E-03    0.31458E+04
    0.69588E-03    0.32035E+04
    0.70993E-03    0.32621E+04
    0.72427E-03    0.33218E+04
    0.73891E-03    0.33826E+04
    0.75383E-03    0.34444E+04
    0.76906E-03    0.35073E+04
    0.78460E-03    0.35712E+04
    0.80045E-03    0.36363E+04
    0.81662E-03    0.37026E+04
    0.83311E-03    0.37700E+04
    0.84994E-03    0.38385E+04
    0.86711E-03    0.39082E+04
    0.88463E-03    0.39792E+04
    0.90250E-03    0.40513E+04
    0.92073E-03    0.41247E+04
    0.93933E-03    0.41994E+04
    0.95831E-03    0.42753E+04
    0.97767E-03    0.43525E+04
    0.99742E-03    0.44310E+04
    0.10176E-02    0.45109E+04
    0.10381E-02    0.45921E+04
    0.10591E-02    0.46747E+04
    0.10805E-02    0.47587E+04
    0.11023E-02    0.48441E+04
    0.11246E-02    0.49310E+04
    0.11473E-02    0.50193E+04
    0.11705E-02    0.51091E+04
    0.11941E-02    0.52004E+04
    0.12182E-02    0.52932E+04
    0.12429E-02    0.53876E+04
    0.12680E-02    0.54835E+04
    0.12936E-02    0.55810E+04
    0.13197E-02    0.56801E+04
    0.13464E-02    0.57808E+04
    0.13736E-02    0.58832E+04
    0.14013E-02    0.59872E+04
    0.14296E-02    0.60929E+04
    0.14585E-02    0.62003E+04
    0.14880E-02    0.63094E+04
    0.15180E-02    0.64202E+04
    0.15487E-02    0.65328E+04
    0.15800E-02    0.66471E+04
    0.16119E-02    0.67633E+04
    0.16445E-02    0.68812E+04
    0.16777E-02    0.70010E+04
    0.17116E-02    0.71226E+04
    0.17462E-02    0.72461E+04
    0.17814E-02    0.73715E+04
    0.18174E-02    0.74987E+04
    0.18541E-02    0.76279E+04
    0.18916E-02    0.77590E+04
    0.19298E-02    0.78920E+04
    0.19688E-02    0.80270E+04
    0.20086E-02    0.81639E+04
    0.20491E-02    0.83029E+04
    0.20905E-02    0.84438E+04
    0.21328E-02    0.85867E+04
    0.21758E-02    0.87316E+04
    0.22198E-02    0.88786E+04
    0.22646E-02    0.90276E+04
    0.23104E-02    0.91787E+04
    0.23571E-02    0.93318E+04
    0.24047E-02    0.94870E+04
    0.24533E-02    0.96442E+04
    0.25028E-02    0.98035E+04
    0.25534E-02    0.99649E+04
    0.26050E-02    0.10128E+05
    0.26576E-02    0.10294E+05
    0.27113E-02    0.10462E+05
    0.27660E-02    0.10631E+05
    0.28219E-02    0.10803E+05
    0.28789E-02    0.10977E+05
    0.29371E-02    0.11153E+05
    0.29964E-02    0.11331E+05
    0.30569E-02    0.11511E+05
    0.31187E-02    0.11693E+05
    0.31817E-02    0.11877E+05
    0.32460E-02    0.12063E+05
    0.33115E-02    0.12252E+05
    0.33784E-02    0.12442E+05
    0.34467E-02    0.12634E+05
    0.35163E-02    0.12828E+05
    0.35874E-02    0.13024E+05
    0.36598E-02    0.13222E+05
    0.37338E-02    0.13422E+05
    0.38092E-02    0.13623E+05
    0.38861E-02    0.13827E+05
    0.39646E-02    0.14032E+05
    0.40447E-02    0.14239E+05
    0.41264E-02    0.14448E+05
    0.42098E-02    0.14658E+05
    0.42948E-02    0.14870E+05
    0.43816E-02    0.15084E+05
    0.44701E-02    0.15299E+05
    0.45604E-02    0.15516E+05
    0.46525E-02    0.15734E+05
    0.47465E-02    0.15953E+05
    0.48424E-02    0.16174E+05
    0.49402E-02    0.16396E+05
    0.50400E-02    0.16619E+05
    0.51419E-02    0.16843E+05
    0.52457E-02    0.17068E+05
    0.53517E-02    0.17295E+05
    0.54598E-02    0.17522E+05
    0.55701E-02    0.17749E+05
    0.56826E-02    0.17978E+05
    0.57974E-02    0.18207E+05
    0.59145E-02    0.18436E+05
    0.60340E-02    0.18666E+05
    0.61559E-02    0.18896E+05
    0.62803E-02    0.19127E+05
    0.64072E-02    0.19357E+05
    0.65366E-02    0.19587E+05
    0.66686E-02    0.19817E+05
    0.68033E-02    0.20047E+05
    0.69408E-02    0.20276E+05
    0.70810E-02    0.20505E+05
    0.72240E-02    0.20733E+05
    0.73700E-02    0.20960E+05
    0.75189E-02    0.21186E+05
    0.76708E-02    0.21410E+05
    0.78257E-02    0.21634E+05
    0.79838E-02    0.21855E+05
    0.81451E-02    0.22076E+05
    0.83096E-02    0.22294E+05
    0.84775E-02    0.22510E+05
    0.86488E-02    0.22723E+05
    0.88235E-02    0.22934E+05
    0.90017E-02    0.23143E+05
    0.91836E-02    0.23348E+05
    0.93691E-02    0.23550E+05
    0.95583E-02    0.23749E+05
    0.97514E-02    0.23944E+05
    0.99484E-02    0.24135E+05
    0.10149E-01    0.24322E+05
    0.10354E-01    0.24505E+05
    0.10564E-01    0.24683E+05
    0.10777E-01    0.24856E+05
    0.10995E-01    0.25024E+05
    0.11217E-01    0.25187E+05
    0.11443E-01    0.25344E+05
    0.11675E-01    0.25495E+05
    0.11910E-01    0.25640E+05
    0.12151E-01    0.25779E+05
    0.12397E-01    0.25910E+05
    0.12647E-01    0.26035E+05
    0.12902E-01    0.26153E+05
    0.13163E-01    0.26262E+05
    0.13429E-01    0.26364E+05
    0.13700E-01    0.26458E+05
    0.13977E-01    0.26544E+05
    0.14259E-01    0.26620E+05
    0.14547E-01    0.26688E+05
    0.14841E-01    0.26747E+05
    0.15141E-01    0.26796E+05
    0.15447E-01    0.26835E+05
    0.15759E-01    0.26864E+05
    0.16077E-01    0.26882E+05
    0.16402E-01    0.26890E+05
    0.16734E-01    0.26888E+05
    0.17072E-01    0.26874E+05
    0.17416E-01    0.26849E+05
    0.17768E-01    0.26813E+05
    0.18127E-01    0.26764E+05
    0.18493E-01    0.26705E+05
    0.18867E-01    0.26633E+05
    0.19248E-01    0.26549E+05
    0.19637E-01    0.26452E+05
    0.20034E-01    0.26344E+05
    0.20438E-01    0.26223E+05
    0.20851E-01    0.26090E+05
    0.21272E-01    0.25944E+05
    0.21702E-01    0.25786E+05
    0.22141E-01    0.25615E+05
    0.22588E-01    0.25433E+05
    0.23044E-01    0.25238E+05
    0.23510E-01    0.25032E+05
    0.23985E-01    0.24813E+05
    0.24469E-01    0.24584E+05
    0.24964E-01    0.24343E+05
    0.25468E-01    0.24092E+05
    0.25982E-01    0.23830E+05
    0.26507E-01    0.23558E+05
    0.27043E-01    0.23277E+05
    0.27589E-01    0.22987E+05
    0.28146E-01    0.22688E+05
    0.28715E-01    0.22382E+05
    0.29295E-01    0.22069E+05
    0.29887E-01    0.21749E+05
    0.30490E-01    0.21424E+05
    0.31106E-01    0.21094E+05
    0.31735E-01    0.20760E+05
    0.32376E-01    0.20423E+05
    0.33030E-01    0.20084E+05
    0.33697E-01    0.19744E+05
    0.34378E-01    0.19403E+05
    0.35072E-01    0.19063E+05
    0.35781E-01    0.18724E+05
    0.36504E-01    0.18387E+05
    0.37241E-01    0.18055E+05
    0.37993E-01    0.17727E+05
    0.38761E-01    0.17404E+05
    0.39544E-01    0.17087E+05
    0.40343E-01    0.16777E+05
    0.41158E-01    0.16474E+05
    0.41989E-01    0.16179E+05
    0.42838E-01    0.15891E+05
    0.43703E-01    0.15612E+05
    0.44586E-01    0.15343E+05
    0.45486E-01    0.15084E+05
    0.46405E-01    0.14838E+05
    0.47343E-01    0.14605E+05
    0.48299E-01    0.14383E+05
    0.49275E-01    0.14171E+05
    0.50270E-01    0.13970E+05
    0.51286E-01    0.13777E+05
    0.52322E-01    0.13593E+05
    0.53379E-01    0.13416E+05
    0.54457E-01    0.13245E+05
    0.55557E-01    0.13080E+05
    0.56680E-01    0.12920E+05
    0.57825E-01    0.12764E+05
    0.58993E-01    0.12610E+05
    0.60184E-01    0.12458E+05
    0.61400E-01    0.12305E+05
    0.62641E-01    0.12150E+05
    0.63906E-01    0.11990E+05
    0.65197E-01    0.11823E+05
    0.66514E-01    0.11649E+05
    0.67858E-01    0.11465E+05
    0.69229E-01    0.11270E+05
    0.70627E-01    0.11062E+05
    0.72054E-01    0.10843E+05
    0.73510E-01    0.10610E+05
    0.74994E-01    0.10364E+05
    0.76509E-01    0.10107E+05
    0.78055E-01    0.98392E+04
    0.79632E-01    0.95625E+04
    0.81241E-01    0.92789E+04
    0.82882E-01    0.89906E+04
    0.84556E-01    0.87003E+04
    0.86264E-01    0.84103E+04
    0.88007E-01    0.81233E+04
    0.89785E-01    0.78420E+04
    0.91598E-01    0.75691E+04
    0.93449E-01    0.73075E+04
    0.95337E-01    0.70596E+04
    0.97263E-01    0.68279E+04
    0.99227E-01    0.66145E+04
    0.10123E+00    0.64208E+04
    0.10328E+00    0.62471E+04
    0.10536E+00    0.60936E+04
    0.10749E+00    0.59588E+04
    0.10966E+00    0.58403E+04
    0.11188E+00    0.57355E+04
    0.11414E+00    0.56406E+04
    0.11644E+00    0.55519E+04
    0.11880E+00    0.54655E+04
    0.12120E+00    0.53774E+04
    0.12365E+00    0.52843E+04
    0.12614E+00    0.51830E+04
    0.12869E+00    0.50709E+04
    0.13129E+00    0.49462E+04
    0.13394E+00    0.48084E+04
    0.13665E+00    0.46579E+04
    0.13941E+00    0.44966E+04
    0.14223E+00    0.43273E+04
    0.14510E+00    0.41540E+04
    0.14803E+00    0.39808E+04
    0.15102E+00    0.38124E+04
    0.15407E+00    0.36533E+04
    0.15718E+00    0.35072E+04
    0.16036E+00    0.33771E+04
    0.16360E+00    0.32641E+04
    0.16690E+00    0.31678E+04
    0.17028E+00    0.30865E+04
    0.17371E+00    0.30169E+04
    0.17722E+00    0.29552E+04
    0.18080E+00    0.28970E+04
    0.18446E+00    0.28379E+04
    0.18818E+00    0.27736E+04
    0.19198E+00    0.27009E+04
    0.19586E+00    0.26181E+04
    0.19982E+00    0.25260E+04
    0.20386E+00    0.24270E+04
    0.20797E+00    0.23249E+04
    0.21218E+00    0.22237E+04
    0.21646E+00    0.21274E+04
    0.22083E+00    0.20395E+04
    0.22530E+00    0.19624E+04
    0.22985E+00    0.18965E+04
    0.23449E+00    0.18405E+04
    0.23923E+00    0.17915E+04
    0.24406E+00    0.17459E+04
    0.24899E+00    0.17003E+04
    0.25402E+00    0.16513E+04
    0.25915E+00    0.15970E+04
    0.26439E+00    0.15375E+04
    0.26973E+00    0.14750E+04
    0.27518E+00    0.14125E+04
    0.28074E+00    0.13527E+04
    0.28641E+00    0.12979E+04
    0.29219E+00    0.12495E+04
    0.29810E+00    0.12073E+04
    0.30412E+00    0.11694E+04
    0.31026E+00    0.11333E+04
    0.31653E+00    0.10968E+04
    0.32292E+00    0.10585E+04
    0.32945E+00    0.10181E+04
    0.33610E+00    0.97668E+03
    0.34289E+00    0.93612E+03
    0.34982E+00    0.89819E+03
    0.35689E+00    0.86358E+03
    0.36409E+00    0.83214E+03
    0.37145E+00    0.80301E+03
    0.37895E+00    0.77474E+03
    0.38661E+00    0.74619E+03
    0.39442E+00    0.71716E+03
    0.40239E+00    0.68815E+03
    0.41052E+00    0.66003E+03
    0.41881E+00    0.63361E+03
    0.42727E+00    0.60906E+03
    0.43590E+00    0.58600E+03
    0.44471E+00    0.56378E+03
    0.45369E+00    0.54186E+03
    0.46286E+00    0.52011E+03
    0.47221E+00    0.49890E+03
    0.48174E+00    0.47857E+03
    0.49148E+00    0.45937E+03
    0.50141E+00    0.44116E+03
    0.51153E+00    0.42361E+03
    0.52187E+00    0.40654E+03
    0.53241E+00    0.38986E+03
    0.54317E+00    0.37379E+03
    0.55414E+00    0.35841E+03
    0.56533E+00    0.34375E+03
    0.57675E+00    0.32966E+03
    0.58840E+00    0.31604E+03
    0.60029E+00    0.30290E+03
    0.61242E+00    0.29024E+03
    0.62479E+00    0.27808E+03
    0.63741E+00    0.26639E+03
    0.65029E+00    0.25518E+03
    0.66342E+00    0.24441E+03
    0.67683E+00    0.23407E+03
    0.69050E+00    0.22414E+03
    0.70445E+00    0.21461E+03
    0.71868E+00    0.20545E+03
    0.73320E+00    0.19666E+03
    0.74801E+00    0.18823E+03
    0.76312E+00    0.18013E+03
    0.77854E+00    0.17235E+03
    0.79426E+00    0.16488E+03
    0.81031E+00    0.15772E+03
    0.82668E+00    0.15085E+03
    0.84338E+00    0.14426E+03
    0.86041E+00    0.13794E+03
    0.87780E+00    0.13188E+03
    0.89553E+00    0.12608E+03
    0.91362E+00    0.12051E+03
    0.93208E+00    0.11518E+03
    0.95091E+00    0.11007E+03
    0.97011E+00    0.10518E+03
    0.98971E+00    0.10050E+03
    0.10097E+01    0.96012E+02
    0.10301E+01    0.91718E+02
    0.10509E+01    0.87607E+02
    0.10721E+01    0.83673E+02
    0.10938E+01    0.79907E+02
    0.11159E+01    0.76304E+02
    0.11384E+01    0.72857E+02
    0.11614E+01    0.69559E+02
    0.11849E+01    0.66404E+02
    0.12088E+01    0.63387E+02
    0.12333E+01    0.60502E+02
    0.12582E+01    0.57743E+02
    0.12836E+01    0.55105E+02
    0.13095E+01    0.52583E+02
    0.13360E+01    0.50172E+02
    0.13630E+01    0.47868E+02
    0.13905E+01    0.45666E+02
    0.14186E+01    0.43562E+02
    0.14472E+01    0.41552E+02
    0.14765E+01    0.39631E+02
    0.15063E+01    0.37796E+02
    0.15367E+01    0.36044E+02
    0.15678E+01    0.34370E+02
    0.15994E+01    0.32771E+02
    0.16318E+01    0.31245E+02
    0.16647E+01    0.29788E+02
    0.16984E+01    0.28396E+02
    0.17327E+01    0.27068E+02
    0.17677E+01    0.25801E+02
    0.18034E+01    0.24591E+02
    0.18398E+01    0.23436E+02
    0.18770E+01    0.22334E+02
    0.19149E+01    0.21283E+02
    0.19536E+01    0.20280E+02
    0.19930E+01    0.19323E+02
    0.20333E+01    0.18410E+02
    0.20744E+01    0.17540E+02
    0.21163E+01    0.16709E+02
    0.21590E+01    0.15918E+02
    0.22026E+01    0.15162E+02
    0.22471E+01    0.14443E+02
    0.22925E+01    0.13756E+02
    0.23388E+01    0.13102E+02
    0.23861E+01    0.12478E+02
    0.24343E+01    0.11883E+02
    0.24835E+01    0.11316E+02
    0.25336E+01    0.10776E+02
    0.25848E+01    0.10261E+02
    0.26370E+01    0.97703E+01
    0.26903E+01    0.93028E+01
    0.27447E+01    0.88573E+01
    0.28001E+01    0.84328E+01
    0.28567E+01    0.80284E+01
    0.29144E+01    0.76431E+01
    0.29733E+01    0.72761E+01
    0.30333E+01    0.69265E+01
    0.30946E+01    0.65935E+01
    0.31571E+01    0.62764E+01
    0.32209E+01    0.59743E+01
    0.32860E+01    0.56867E+01
    0.33523E+01    0.54127E+01
    0.34201E+01    0.51518E+01
    0.34892E+01    0.49034E+01
    0.35596E+01    0.46669E+01
    0.36316E+01    0.44417E+01
    0.37049E+01    0.42273E+01
    0.37798E+01    0.40232E+01
    0.38561E+01    0.38288E+01
    0.39340E+01    0.36438E+01
    0.40135E+01    0.34677E+01
    0.40946E+01    0.33000E+01
    0.41773E+01    0.31404E+01
    0.42617E+01    0.29885E+01
    0.43478E+01    0.28440E+01
    0.44356E+01    0.27063E+01
    0.45252E+01    0.25754E+01
    0.46166E+01    0.24507E+01
    0.47099E+01    0.23321E+01
    0.48050E+01    0.22192E+01
    0.49021E+01    0.21117E+01
    0.50011E+01    0.20094E+01
    0.51021E+01    0.19121E+01
    0.52052E+01    0.18195E+01
    0.53104E+01    0.17314E+01
    0.54176E+01    0.16475E+01
    0.55271E+01    0.15677E+01
    0.56387E+01    0.14918E+01
    0.57526E+01    0.14195E+01
    0.58689E+01    0.13508E+01
    0.59874E+01    0.12854E+01
    0.61084E+01    0.12231E+01
    0.62318E+01    0.11639E+01
    0.63577E+01    0.11075E+01
    0.64861E+01    0.10539E+01
    0.66171E+01    0.10029E+01
    0.67508E+01    0.95432E+00
    0.68872E+01    0.90812E+00
    0.70263E+01    0.86417E+00
    0.71682E+01    0.82234E+00
    0.73130E+01    0.78255E+00
    0.74608E+01    0.74468E+00
    0.76115E+01    0.70865E+00
    0.77653E+01    0.67437E+00
    0.79221E+01    0.64175E+00
    0.80822E+01    0.61072E+00
    0.82454E+01    0.58119E+00
    0.84120E+01    0.55309E+00
    0.85819E+01    0.52635E+00
    0.87553E+01    0.50091E+00
    0.89322E+01    0.47670E+00
    0.91126E+01    0.45367E+00
    0.92967E+01    0.43175E+00
    0.94845E+01    0.41089E+00
    0.96761E+01    0.39104E+00
    0.98716E+01    0.37215E+00
    0.10071E+02    0.35417E+00
