#           k/h    P           
    0.10000E-03    0.47249E+03
    0.10202E-03    0.48188E+03
    0.10408E-03    0.49145E+03
    0.10618E-03    0.50122E+03
    0.10833E-03    0.51118E+03
    0.11052E-03    0.52133E+03
    0.11275E-03    0.53169E+03
    0.11503E-03    0.54225E+03
    0.11735E-03    0.55303E+03
    0.11972E-03    0.56401E+03
    0.12214E-03    0.57522E+03
    0.12461E-03    0.58664E+03
    0.12712E-03    0.59830E+03
    0.12969E-03    0.61018E+03
    0.13231E-03    0.62230E+03
    0.13499E-03    0.63466E+03
    0.13771E-03    0.64727E+03
    0.14049E-03    0.66012E+03
    0.14333E-03    0.67323E+03
    0.14623E-03    0.68660E+03
    0.14918E-03    0.70023E+03
    0.15220E-03    0.71414E+03
    0.15527E-03    0.72832E+03
    0.15841E-03    0.74278E+03
    0.16161E-03    0.75752E+03
    0.16487E-03    0.77256E+03
    0.16820E-03    0.78790E+03
    0.17160E-03    0.80354E+03
    0.17507E-03    0.81949E+03
    0.17860E-03    0.83575E+03
    0.18221E-03    0.85234E+03
    0.18589E-03    0.86925E+03
    0.18965E-03    0.88650E+03
    0.19348E-03    0.90409E+03
    0.19739E-03    0.92202E+03
    0.20138E-03    0.94032E+03
    0.20544E-03    0.95897E+03
    0.20959E-03    0.97799E+03
    0.21383E-03    0.99738E+03
    0.21815E-03    0.10172E+04
    0.22255E-03    0.10373E+04
    0.22705E-03    0.10579E+04
    0.23164E-03    0.10789E+04
    0.23632E-03    0.11003E+04
    0.24109E-03    0.11221E+04
    0.24596E-03    0.11443E+04
    0.25093E-03    0.11670E+04
    0.25600E-03    0.11901E+04
    0.26117E-03    0.12137E+04
    0.26645E-03    0.12377E+04
    0.27183E-03    0.12622E+04
    0.27732E-03    0.12872E+04
    0.28292E-03    0.13127E+04
    0.28864E-03    0.13387E+04
    0.29447E-03    0.13652E+04
    0.30042E-03    0.13922E+04
    0.30649E-03    0.14197E+04
    0.31268E-03    0.14478E+04
    0.31899E-03    0.14764E+04
    0.32544E-03    0.15056E+04
    0.33201E-03    0.15354E+04
    0.33872E-03    0.15657E+04
    0.34556E-03    0.15966E+04
    0.35254E-03    0.16282E+04
    0.35966E-03    0.16603E+04
    0.36693E-03    0.16931E+04
    0.37434E-03    0.17265E+04
    0.38190E-03    0.17606E+04
    0.38962E-03    0.17953E+04
    0.39749E-03    0.18307E+04
    0.40552E-03    0.18668E+04
    0.41371E-03    0.19036E+04
    0.42207E-03    0.19411E+04
    0.43060E-03    0.19793E+04
    0.43929E-03    0.20183E+04
    0.44817E-03    0.20580E+04
    0.45722E-03    0.20985E+04
    0.46646E-03    0.21398E+04
    0.47588E-03    0.21818E+04
    0.48550E-03    0.22247E+04
    0.49530E-03    0.22684E+04
    0.50531E-03    0.23129E+04
    0.51552E-03    0.23583E+04
    0.52593E-03    0.24046E+04
    0.53656E-03    0.24517E+04
    0.54739E-03    0.24998E+04
    0.55845E-03    0.25487E+04
    0.56973E-03    0.25986E+04
    0.58124E-03    0.26495E+04
    0.59299E-03    0.27013E+04
    0.60496E-03    0.27541E+04
    0.61719E-03    0.28079E+04
    0.62965E-03    0.28627E+04
    0.64237E-03    0.29185E+04
    0.65535E-03    0.29754E+04
    0.66859E-03    0.30334E+04
    0.68210E-03    0.30924E+04
    0.69588E-03    0.31526E+04
    0.70993E-03    0.32139E+04
    0.72427E-03    0.32763E+04
    0.73891E-03    0.33399E+04
    0.75383E-03    0.34047E+04
    0.76906E-03    0.34707E+04
    0.78460E-03    0.35379E+04
    0.80045E-03    0.36064E+04
    0.81662E-03    0.36761E+04
    0.83311E-03    0.37471E+04
    0.84994E-03    0.38194E+04
    0.86711E-03    0.38931E+04
    0.88463E-03    0.39680E+04
    0.90250E-03    0.40444E+04
    0.92073E-03    0.41221E+04
    0.93933E-03    0.42013E+04
    0.95831E-03    0.42819E+04
    0.97767E-03    0.43639E+04
    0.99742E-03    0.44475E+04
    0.10176E-02    0.45325E+04
    0.10381E-02    0.46190E+04
    0.10591E-02    0.47071E+04
    0.10805E-02    0.47968E+04
    0.11023E-02    0.48880E+04
    0.11246E-02    0.49809E+04
    0.11473E-02    0.50753E+04
    0.11705E-02    0.51715E+04
    0.11941E-02    0.52693E+04
    0.12182E-02    0.53688E+04
    0.12429E-02    0.54700E+04
    0.12680E-02    0.55730E+04
    0.12936E-02    0.56777E+04
    0.13197E-02    0.57843E+04
    0.13464E-02    0.58926E+04
    0.13736E-02    0.60028E+04
    0.14013E-02    0.61148E+04
    0.14296E-02    0.62288E+04
    0.14585E-02    0.63446E+04
    0.14880E-02    0.64623E+04
    0.15180E-02    0.65820E+04
    0.15487E-02    0.67037E+04
    0.15800E-02    0.68274E+04
    0.16119E-02    0.69530E+04
    0.16445E-02    0.70808E+04
    0.16777E-02    0.72105E+04
    0.17116E-02    0.73424E+04
    0.17462E-02    0.74763E+04
    0.17814E-02    0.76123E+04
    0.18174E-02    0.77505E+04
    0.18541E-02    0.78908E+04
    0.18916E-02    0.80333E+04
    0.19298E-02    0.81780E+04
    0.19688E-02    0.83249E+04
    0.20086E-02    0.84741E+04
    0.20491E-02    0.86254E+04
    0.20905E-02    0.87790E+04
    0.21328E-02    0.89349E+04
    0.21758E-02    0.90931E+04
    0.22198E-02    0.92535E+04
    0.22646E-02    0.94163E+04
    0.23104E-02    0.95814E+04
    0.23571E-02    0.97488E+04
    0.24047E-02    0.99185E+04
    0.24533E-02    0.10091E+05
    0.25028E-02    0.10265E+05
    0.25534E-02    0.10442E+05
    0.26050E-02    0.10621E+05
    0.26576E-02    0.10803E+05
    0.27113E-02    0.10986E+05
    0.27660E-02    0.11173E+05
    0.28219E-02    0.11361E+05
    0.28789E-02    0.11552E+05
    0.29371E-02    0.11746E+05
    0.29964E-02    0.11942E+05
    0.30569E-02    0.12140E+05
    0.31187E-02    0.12340E+05
    0.31817E-02    0.12543E+05
    0.32460E-02    0.12748E+05
    0.33115E-02    0.12955E+05
    0.33784E-02    0.13165E+05
    0.34467E-02    0.13377E+05
    0.35163E-02    0.13591E+05
    0.35874E-02    0.13808E+05
    0.36598E-02    0.14026E+05
    0.37338E-02    0.14247E+05
    0.38092E-02    0.14470E+05
    0.38861E-02    0.14696E+05
    0.39646E-02    0.14923E+05
    0.40447E-02    0.15152E+05
    0.41264E-02    0.15383E+05
    0.42098E-02    0.15617E+05
    0.42948E-02    0.15852E+05
    0.43816E-02    0.16089E+05
    0.44701E-02    0.16328E+05
    0.45604E-02    0.16568E+05
    0.46525E-02    0.16811E+05
    0.47465E-02    0.17054E+05
    0.48424E-02    0.17300E+05
    0.49402E-02    0.17547E+05
    0.50400E-02    0.17795E+05
    0.51419E-02    0.18045E+05
    0.52457E-02    0.18296E+05
    0.53517E-02    0.18549E+05
    0.54598E-02    0.18802E+05
    0.55701E-02    0.19056E+05
    0.56826E-02    0.19312E+05
    0.57974E-02    0.19568E+05
    0.59145E-02    0.19824E+05
    0.60340E-02    0.20082E+05
    0.61559E-02    0.20339E+05
    0.62803E-02    0.20598E+05
    0.64072E-02    0.20856E+05
    0.65366E-02    0.21114E+05
    0.66686E-02    0.21373E+05
    0.68033E-02    0.21631E+05
    0.69408E-02    0.21889E+05
    0.70810E-02    0.22146E+05
    0.72240E-02    0.22403E+05
    0.73700E-02    0.22658E+05
    0.75189E-02    0.22913E+05
    0.76708E-02    0.23167E+05
    0.78257E-02    0.23419E+05
    0.79838E-02    0.23670E+05
    0.81451E-02    0.23919E+05
    0.83096E-02    0.24166E+05
    0.84775E-02    0.24411E+05
    0.86488E-02    0.24653E+05
    0.88235E-02    0.24894E+05
    0.90017E-02    0.25131E+05
    0.91836E-02    0.25365E+05
    0.93691E-02    0.25596E+05
    0.95583E-02    0.25824E+05
    0.97514E-02    0.26048E+05
    0.99484E-02    0.26267E+05
    0.10149E-01    0.26483E+05
    0.10354E-01    0.26694E+05
    0.10564E-01    0.26900E+05
    0.10777E-01    0.27100E+05
    0.10995E-01    0.27296E+05
    0.11217E-01    0.27485E+05
    0.11443E-01    0.27668E+05
    0.11675E-01    0.27845E+05
    0.11910E-01    0.28014E+05
    0.12151E-01    0.28177E+05
    0.12397E-01    0.28332E+05
    0.12647E-01    0.28479E+05
    0.12902E-01    0.28618E+05
    0.13163E-01    0.28748E+05
    0.13429E-01    0.28869E+05
    0.13700E-01    0.28981E+05
    0.13977E-01    0.29083E+05
    0.14259E-01    0.29174E+05
    0.14547E-01    0.29255E+05
    0.14841E-01    0.29325E+05
    0.15141E-01    0.29383E+05
    0.15447E-01    0.29430E+05
    0.15759E-01    0.29465E+05
    0.16077E-01    0.29487E+05
    0.16402E-01    0.29497E+05
    0.16734E-01    0.29494E+05
    0.17072E-01    0.29477E+05
    0.17416E-01    0.29447E+05
    0.17768E-01    0.29404E+05
    0.18127E-01    0.29346E+05
    0.18493E-01    0.29273E+05
    0.18867E-01    0.29187E+05
    0.19248E-01    0.29086E+05
    0.19637E-01    0.28970E+05
    0.20034E-01    0.28839E+05
    0.20438E-01    0.28694E+05
    0.20851E-01    0.28534E+05
    0.21272E-01    0.28359E+05
    0.21702E-01    0.28170E+05
    0.22141E-01    0.27966E+05
    0.22588E-01    0.27747E+05
    0.23044E-01    0.27515E+05
    0.23510E-01    0.27269E+05
    0.23985E-01    0.27009E+05
    0.24469E-01    0.26737E+05
    0.24964E-01    0.26452E+05
    0.25468E-01    0.26155E+05
    0.25982E-01    0.25847E+05
    0.26507E-01    0.25528E+05
    0.27043E-01    0.25199E+05
    0.27589E-01    0.24861E+05
    0.28146E-01    0.24515E+05
    0.28715E-01    0.24162E+05
    0.29295E-01    0.23801E+05
    0.29887E-01    0.23436E+05
    0.30490E-01    0.23066E+05
    0.31106E-01    0.22692E+05
    0.31735E-01    0.22316E+05
    0.32376E-01    0.21939E+05
    0.33030E-01    0.21561E+05
    0.33697E-01    0.21185E+05
    0.34378E-01    0.20810E+05
    0.35072E-01    0.20439E+05
    0.35781E-01    0.20073E+05
    0.36504E-01    0.19713E+05
    0.37241E-01    0.19359E+05
    0.37993E-01    0.19013E+05
    0.38761E-01    0.18674E+05
    0.39544E-01    0.18342E+05
    0.40343E-01    0.18020E+05
    0.41158E-01    0.17708E+05
    0.41989E-01    0.17407E+05
    0.42838E-01    0.17119E+05
    0.43703E-01    0.16844E+05
    0.44586E-01    0.16584E+05
    0.45486E-01    0.16338E+05
    0.46405E-01    0.16103E+05
    0.47343E-01    0.15879E+05
    0.48299E-01    0.15665E+05
    0.49275E-01    0.15460E+05
    0.50270E-01    0.15264E+05
    0.51286E-01    0.15075E+05
    0.52322E-01    0.14893E+05
    0.53379E-01    0.14718E+05
    0.54457E-01    0.14546E+05
    0.55557E-01    0.14376E+05
    0.56680E-01    0.14207E+05
    0.57825E-01    0.14037E+05
    0.58993E-01    0.13863E+05
    0.60184E-01    0.13683E+05
    0.61400E-01    0.13494E+05
    0.62641E-01    0.13296E+05
    0.63906E-01    0.13086E+05
    0.65197E-01    0.12863E+05
    0.66514E-01    0.12626E+05
    0.67858E-01    0.12373E+05
    0.69229E-01    0.12104E+05
    0.70627E-01    0.11821E+05
    0.72054E-01    0.11524E+05
    0.73510E-01    0.11213E+05
    0.74994E-01    0.10892E+05
    0.76509E-01    0.10563E+05
    0.78055E-01    0.10228E+05
    0.79632E-01    0.98907E+04
    0.81241E-01    0.95535E+04
    0.82882E-01    0.92200E+04
    0.84556E-01    0.88932E+04
    0.86264E-01    0.85769E+04
    0.88007E-01    0.82744E+04
    0.89785E-01    0.79886E+04
    0.91598E-01    0.77224E+04
    0.93449E-01    0.74784E+04
    0.95337E-01    0.72578E+04
    0.97263E-01    0.70611E+04
    0.99227E-01    0.68880E+04
    0.10123E+00    0.67366E+04
    0.10328E+00    0.66041E+04
    0.10536E+00    0.64874E+04
    0.10749E+00    0.63820E+04
    0.10966E+00    0.62837E+04
    0.11188E+00    0.61878E+04
    0.11414E+00    0.60900E+04
    0.11644E+00    0.59860E+04
    0.11880E+00    0.58718E+04
    0.12120E+00    0.57444E+04
    0.12365E+00    0.56016E+04
    0.12614E+00    0.54429E+04
    0.12869E+00    0.52690E+04
    0.13129E+00    0.50823E+04
    0.13394E+00    0.48865E+04
    0.13665E+00    0.46863E+04
    0.13941E+00    0.44867E+04
    0.14223E+00    0.42931E+04
    0.14510E+00    0.41106E+04
    0.14803E+00    0.39437E+04
    0.15102E+00    0.37956E+04
    0.15407E+00    0.36679E+04
    0.15718E+00    0.35600E+04
    0.16036E+00    0.34697E+04
    0.16360E+00    0.33928E+04
    0.16690E+00    0.33248E+04
    0.17028E+00    0.32604E+04
    0.17371E+00    0.31945E+04
    0.17722E+00    0.31220E+04
    0.18080E+00    0.30394E+04
    0.18446E+00    0.29449E+04
    0.18818E+00    0.28394E+04
    0.19198E+00    0.27258E+04
    0.19586E+00    0.26085E+04
    0.19982E+00    0.24926E+04
    0.20386E+00    0.23829E+04
    0.20797E+00    0.22834E+04
    0.21218E+00    0.21965E+04
    0.21646E+00    0.21227E+04
    0.22083E+00    0.20602E+04
    0.22530E+00    0.20058E+04
    0.22985E+00    0.19553E+04
    0.23449E+00    0.19042E+04
    0.23923E+00    0.18487E+04
    0.24406E+00    0.17867E+04
    0.24899E+00    0.17189E+04
    0.25402E+00    0.16478E+04
    0.25915E+00    0.15767E+04
    0.26439E+00    0.15087E+04
    0.26973E+00    0.14468E+04
    0.27518E+00    0.13926E+04
    0.28074E+00    0.13455E+04
    0.28641E+00    0.13031E+04
    0.29219E+00    0.12626E+04
    0.29810E+00    0.12216E+04
    0.30412E+00    0.11783E+04
    0.31026E+00    0.11324E+04
    0.31653E+00    0.10855E+04
    0.32292E+00    0.10398E+04
    0.32945E+00    0.99702E+03
    0.33610E+00    0.95819E+03
    0.34289E+00    0.92312E+03
    0.34982E+00    0.89055E+03
    0.35689E+00    0.85879E+03
    0.36409E+00    0.82674E+03
    0.37145E+00    0.79407E+03
    0.37895E+00    0.76139E+03
    0.38661E+00    0.72989E+03
    0.39442E+00    0.70035E+03
    0.40239E+00    0.67292E+03
    0.41052E+00    0.64725E+03
    0.41881E+00    0.62243E+03
    0.42727E+00    0.59792E+03
    0.43590E+00    0.57365E+03
    0.44471E+00    0.54993E+03
    0.45369E+00    0.52732E+03
    0.46286E+00    0.50598E+03
    0.47221E+00    0.48574E+03
    0.48174E+00    0.46628E+03
    0.49148E+00    0.44728E+03
    0.50141E+00    0.42880E+03
    0.51153E+00    0.41096E+03
    0.52187E+00    0.39396E+03
    0.53241E+00    0.37775E+03
    0.54317E+00    0.36220E+03
    0.55414E+00    0.34719E+03
    0.56533E+00    0.33270E+03
    0.57675E+00    0.31874E+03
    0.58840E+00    0.30534E+03
    0.60029E+00    0.29248E+03
    0.61242E+00    0.28015E+03
    0.62479E+00    0.26833E+03
    0.63741E+00    0.25699E+03
    0.65029E+00    0.24611E+03
    0.66342E+00    0.23568E+03
    0.67683E+00    0.22567E+03
    0.69050E+00    0.21607E+03
    0.70445E+00    0.20686E+03
    0.71868E+00    0.19802E+03
    0.73320E+00    0.18954E+03
    0.74801E+00    0.18141E+03
    0.76312E+00    0.17362E+03
    0.77854E+00    0.16614E+03
    0.79426E+00    0.15898E+03
    0.81031E+00    0.15211E+03
    0.82668E+00    0.14553E+03
    0.84338E+00    0.13923E+03
    0.86041E+00    0.13319E+03
    0.87780E+00    0.12741E+03
    0.89553E+00    0.12188E+03
    0.91362E+00    0.11658E+03
    0.93208E+00    0.11151E+03
    0.95091E+00    0.10665E+03
    0.97011E+00    0.10201E+03
    0.98971E+00    0.97558E+02
    0.10097E+01    0.93300E+02
    0.10301E+01    0.89225E+02
    0.10509E+01    0.85325E+02
    0.10721E+01    0.81593E+02
    0.10938E+01    0.78022E+02
    0.11159E+01    0.74604E+02
    0.11384E+01    0.71334E+02
    0.11614E+01    0.68205E+02
    0.11849E+01    0.65212E+02
    0.12088E+01    0.62347E+02
    0.12333E+01    0.59607E+02
    0.12582E+01    0.56985E+02
    0.12836E+01    0.54476E+02
    0.13095E+01    0.52077E+02
    0.13360E+01    0.49781E+02
    0.13630E+01    0.47585E+02
    0.13905E+01    0.45484E+02
    0.14186E+01    0.43474E+02
    0.14472E+01    0.41552E+02
    0.14765E+01    0.39713E+02
    0.15063E+01    0.37955E+02
    0.15367E+01    0.36272E+02
    0.15678E+01    0.34664E+02
    0.15994E+01    0.33125E+02
    0.16318E+01    0.31653E+02
    0.16647E+01    0.30245E+02
    0.16984E+01    0.28899E+02
    0.17327E+01    0.27612E+02
    0.17677E+01    0.26381E+02
    0.18034E+01    0.25203E+02
    0.18398E+01    0.24078E+02
    0.18770E+01    0.23001E+02
    0.19149E+01    0.21972E+02
    0.19536E+01    0.20988E+02
    0.19930E+01    0.20047E+02
    0.20333E+01    0.19147E+02
    0.20744E+01    0.18287E+02
    0.21163E+01    0.17464E+02
    0.21590E+01    0.16678E+02
    0.22026E+01    0.15926E+02
    0.22471E+01    0.15208E+02
    0.22925E+01    0.14521E+02
    0.23388E+01    0.13864E+02
    0.23861E+01    0.13236E+02
    0.24343E+01    0.12637E+02
    0.24835E+01    0.12063E+02
    0.25336E+01    0.11515E+02
    0.25848E+01    0.10991E+02
    0.26370E+01    0.10491E+02
    0.26903E+01    0.10012E+02
    0.27447E+01    0.95550E+01
    0.28001E+01    0.91182E+01
    0.28567E+01    0.87007E+01
    0.29144E+01    0.83019E+01
    0.29733E+01    0.79208E+01
    0.30333E+01    0.75567E+01
    0.30946E+01    0.72089E+01
    0.31571E+01    0.68766E+01
    0.32209E+01    0.65591E+01
    0.32860E+01    0.62559E+01
    0.33523E+01    0.59663E+01
    0.34201E+01    0.56896E+01
    0.34892E+01    0.54254E+01
    0.35596E+01    0.51731E+01
    0.36316E+01    0.49322E+01
    0.37049E+01    0.47021E+01
    0.37798E+01    0.44824E+01
    0.38561E+01    0.42726E+01
    0.39340E+01    0.40723E+01
    0.40135E+01    0.38811E+01
    0.40946E+01    0.36986E+01
    0.41773E+01    0.35244E+01
    0.42617E+01    0.33581E+01
    0.43478E+01    0.31994E+01
    0.44356E+01    0.30479E+01
    0.45252E+01    0.29034E+01
    0.46166E+01    0.27654E+01
    0.47099E+01    0.26338E+01
    0.48050E+01    0.25082E+01
    0.49021E+01    0.23884E+01
    0.50011E+01    0.22742E+01
    0.51021E+01    0.21652E+01
    0.52052E+01    0.20612E+01
    0.53104E+01    0.19620E+01
    0.54176E+01    0.18674E+01
    0.55271E+01    0.17773E+01
    0.56387E+01    0.16913E+01
    0.57526E+01    0.16093E+01
    0.58689E+01    0.15311E+01
    0.59874E+01    0.14566E+01
    0.61084E+01    0.13856E+01
    0.62318E+01    0.13179E+01
    0.63577E+01    0.12534E+01
    0.64861E+01    0.11920E+01
    0.66171E+01    0.11334E+01
    0.67508E+01    0.10776E+01
    0.68872E+01    0.10245E+01
    0.70263E+01    0.97382E+00
    0.71682E+01    0.92559E+00
    0.73130E+01    0.87966E+00
    0.74608E+01    0.83591E+00
    0.76115E+01    0.79425E+00
    0.77653E+01    0.75458E+00
    0.79221E+01    0.71681E+00
    0.80822E+01    0.68086E+00
    0.82454E+01    0.64664E+00
    0.84120E+01    0.61406E+00
    0.85819E+01    0.58307E+00
    0.87553E+01    0.55358E+00
    0.89322E+01    0.52553E+00
    0.91126E+01    0.49885E+00
    0.92967E+01    0.47347E+00
    0.94845E+01    0.44934E+00
    0.96761E+01    0.42640E+00
    0.98716E+01    0.40460E+00
    0.10071E+02    0.38387E+00
    0.10274E+02    0.36418E+00
    0.10482E+02    0.34548E+00
    0.10694E+02    0.32772E+00
    0.10910E+02    0.31086E+00
    0.11130E+02    0.29485E+00
    0.11355E+02    0.27966E+00
    0.11584E+02    0.26525E+00
