#           k/h    P           
    0.10000E-03    0.57051E+03
    0.10202E-03    0.58154E+03
    0.10408E-03    0.59278E+03
    0.10618E-03    0.60424E+03
    0.10833E-03    0.61592E+03
    0.11052E-03    0.62783E+03
    0.11275E-03    0.63996E+03
    0.11503E-03    0.65233E+03
    0.11735E-03    0.66494E+03
    0.11972E-03    0.67779E+03
    0.12214E-03    0.69089E+03
    0.12461E-03    0.70424E+03
    0.12712E-03    0.71785E+03
    0.12969E-03    0.73172E+03
    0.13231E-03    0.74586E+03
    0.13499E-03    0.76028E+03
    0.13771E-03    0.77497E+03
    0.14049E-03    0.78994E+03
    0.14333E-03    0.80520E+03
    0.14623E-03    0.82076E+03
    0.14918E-03    0.83661E+03
    0.15220E-03    0.85277E+03
    0.15527E-03    0.86925E+03
    0.15841E-03    0.88604E+03
    0.16161E-03    0.90315E+03
    0.16487E-03    0.92059E+03
    0.16820E-03    0.93837E+03
    0.17160E-03    0.95649E+03
    0.17507E-03    0.97496E+03
    0.17860E-03    0.99378E+03
    0.18221E-03    0.10130E+04
    0.18589E-03    0.10325E+04
    0.18965E-03    0.10525E+04
    0.19348E-03    0.10728E+04
    0.19739E-03    0.10935E+04
    0.20138E-03    0.11146E+04
    0.20544E-03    0.11361E+04
    0.20959E-03    0.11580E+04
    0.21383E-03    0.11803E+04
    0.21815E-03    0.12031E+04
    0.22255E-03    0.12263E+04
    0.22705E-03    0.12500E+04
    0.23164E-03    0.12741E+04
    0.23632E-03    0.12986E+04
    0.24109E-03    0.13237E+04
    0.24596E-03    0.13492E+04
    0.25093E-03    0.13752E+04
    0.25600E-03    0.14017E+04
    0.26117E-03    0.14287E+04
    0.26645E-03    0.14562E+04
    0.27183E-03    0.14843E+04
    0.27732E-03    0.15129E+04
    0.28292E-03    0.15420E+04
    0.28864E-03    0.15717E+04
    0.29447E-03    0.16019E+04
    0.30042E-03    0.16328E+04
    0.30649E-03    0.16642E+04
    0.31268E-03    0.16962E+04
    0.31899E-03    0.17288E+04
    0.32544E-03    0.17621E+04
    0.33201E-03    0.17959E+04
    0.33872E-03    0.18305E+04
    0.34556E-03    0.18656E+04
    0.35254E-03    0.19015E+04
    0.35966E-03    0.19380E+04
    0.36693E-03    0.19752E+04
    0.37434E-03    0.20131E+04
    0.38190E-03    0.20518E+04
    0.38962E-03    0.20911E+04
    0.39749E-03    0.21312E+04
    0.40552E-03    0.21721E+04
    0.41371E-03    0.22137E+04
    0.42207E-03    0.22561E+04
    0.43060E-03    0.22993E+04
    0.43929E-03    0.23434E+04
    0.44817E-03    0.23882E+04
    0.45722E-03    0.24339E+04
    0.46646E-03    0.24804E+04
    0.47588E-03    0.25279E+04
    0.48550E-03    0.25762E+04
    0.49530E-03    0.26254E+04
    0.50531E-03    0.26755E+04
    0.51552E-03    0.27265E+04
    0.52593E-03    0.27785E+04
    0.53656E-03    0.28315E+04
    0.54739E-03    0.28854E+04
    0.55845E-03    0.29404E+04
    0.56973E-03    0.29963E+04
    0.58124E-03    0.30533E+04
    0.59299E-03    0.31114E+04
    0.60496E-03    0.31705E+04
    0.61719E-03    0.32307E+04
    0.62965E-03    0.32920E+04
    0.64237E-03    0.33544E+04
    0.65535E-03    0.34179E+04
    0.66859E-03    0.34827E+04
    0.68210E-03    0.35486E+04
    0.69588E-03    0.36157E+04
    0.70993E-03    0.36840E+04
    0.72427E-03    0.37535E+04
    0.73891E-03    0.38243E+04
    0.75383E-03    0.38964E+04
    0.76906E-03    0.39698E+04
    0.78460E-03    0.40445E+04
    0.80045E-03    0.41206E+04
    0.81662E-03    0.41980E+04
    0.83311E-03    0.42767E+04
    0.84994E-03    0.43569E+04
    0.86711E-03    0.44385E+04
    0.88463E-03    0.45216E+04
    0.90250E-03    0.46061E+04
    0.92073E-03    0.46921E+04
    0.93933E-03    0.47796E+04
    0.95831E-03    0.48686E+04
    0.97767E-03    0.49592E+04
    0.99742E-03    0.50514E+04
    0.10176E-02    0.51452E+04
    0.10381E-02    0.52406E+04
    0.10591E-02    0.53376E+04
    0.10805E-02    0.54363E+04
    0.11023E-02    0.55367E+04
    0.11246E-02    0.56388E+04
    0.11473E-02    0.57427E+04
    0.11705E-02    0.58483E+04
    0.11941E-02    0.59557E+04
    0.12182E-02    0.60648E+04
    0.12429E-02    0.61758E+04
    0.12680E-02    0.62887E+04
    0.12936E-02    0.64034E+04
    0.13197E-02    0.65201E+04
    0.13464E-02    0.66386E+04
    0.13736E-02    0.67591E+04
    0.14013E-02    0.68815E+04
    0.14296E-02    0.70059E+04
    0.14585E-02    0.71323E+04
    0.14880E-02    0.72608E+04
    0.15180E-02    0.73913E+04
    0.15487E-02    0.75238E+04
    0.15800E-02    0.76584E+04
    0.16119E-02    0.77952E+04
    0.16445E-02    0.79341E+04
    0.16777E-02    0.80751E+04
    0.17116E-02    0.82182E+04
    0.17462E-02    0.83636E+04
    0.17814E-02    0.85111E+04
    0.18174E-02    0.86609E+04
    0.18541E-02    0.88129E+04
    0.18916E-02    0.89672E+04
    0.19298E-02    0.91237E+04
    0.19688E-02    0.92825E+04
    0.20086E-02    0.94435E+04
    0.20491E-02    0.96069E+04
    0.20905E-02    0.97726E+04
    0.21328E-02    0.99406E+04
    0.21758E-02    0.10111E+05
    0.22198E-02    0.10284E+05
    0.22646E-02    0.10459E+05
    0.23104E-02    0.10636E+05
    0.23571E-02    0.10816E+05
    0.24047E-02    0.10998E+05
    0.24533E-02    0.11182E+05
    0.25028E-02    0.11369E+05
    0.25534E-02    0.11559E+05
    0.26050E-02    0.11750E+05
    0.26576E-02    0.11944E+05
    0.27113E-02    0.12140E+05
    0.27660E-02    0.12339E+05
    0.28219E-02    0.12540E+05
    0.28789E-02    0.12743E+05
    0.29371E-02    0.12949E+05
    0.29964E-02    0.13157E+05
    0.30569E-02    0.13367E+05
    0.31187E-02    0.13580E+05
    0.31817E-02    0.13795E+05
    0.32460E-02    0.14012E+05
    0.33115E-02    0.14231E+05
    0.33784E-02    0.14453E+05
    0.34467E-02    0.14676E+05
    0.35163E-02    0.14902E+05
    0.35874E-02    0.15130E+05
    0.36598E-02    0.15359E+05
    0.37338E-02    0.15591E+05
    0.38092E-02    0.15825E+05
    0.38861E-02    0.16061E+05
    0.39646E-02    0.16298E+05
    0.40447E-02    0.16538E+05
    0.41264E-02    0.16779E+05
    0.42098E-02    0.17022E+05
    0.42948E-02    0.17266E+05
    0.43816E-02    0.17512E+05
    0.44701E-02    0.17760E+05
    0.45604E-02    0.18009E+05
    0.46525E-02    0.18259E+05
    0.47465E-02    0.18511E+05
    0.48424E-02    0.18764E+05
    0.49402E-02    0.19018E+05
    0.50400E-02    0.19272E+05
    0.51419E-02    0.19528E+05
    0.52457E-02    0.19785E+05
    0.53517E-02    0.20042E+05
    0.54598E-02    0.20300E+05
    0.55701E-02    0.20558E+05
    0.56826E-02    0.20817E+05
    0.57974E-02    0.21075E+05
    0.59145E-02    0.21334E+05
    0.60340E-02    0.21593E+05
    0.61559E-02    0.21852E+05
    0.62803E-02    0.22110E+05
    0.64072E-02    0.22368E+05
    0.65366E-02    0.22625E+05
    0.66686E-02    0.22881E+05
    0.68033E-02    0.23137E+05
    0.69408E-02    0.23391E+05
    0.70810E-02    0.23644E+05
    0.72240E-02    0.23895E+05
    0.73700E-02    0.24145E+05
    0.75189E-02    0.24392E+05
    0.76708E-02    0.24638E+05
    0.78257E-02    0.24881E+05
    0.79838E-02    0.25122E+05
    0.81451E-02    0.25360E+05
    0.83096E-02    0.25595E+05
    0.84775E-02    0.25827E+05
    0.86488E-02    0.26055E+05
    0.88235E-02    0.26279E+05
    0.90017E-02    0.26500E+05
    0.91836E-02    0.26716E+05
    0.93691E-02    0.26928E+05
    0.95583E-02    0.27136E+05
    0.97514E-02    0.27338E+05
    0.99484E-02    0.27535E+05
    0.10149E-01    0.27726E+05
    0.10354E-01    0.27911E+05
    0.10564E-01    0.28090E+05
    0.10777E-01    0.28263E+05
    0.10995E-01    0.28429E+05
    0.11217E-01    0.28588E+05
    0.11443E-01    0.28739E+05
    0.11675E-01    0.28883E+05
    0.11910E-01    0.29018E+05
    0.12151E-01    0.29146E+05
    0.12397E-01    0.29264E+05
    0.12647E-01    0.29374E+05
    0.12902E-01    0.29474E+05
    0.13163E-01    0.29564E+05
    0.13429E-01    0.29645E+05
    0.13700E-01    0.29715E+05
    0.13977E-01    0.29774E+05
    0.14259E-01    0.29823E+05
    0.14547E-01    0.29860E+05
    0.14841E-01    0.29886E+05
    0.15141E-01    0.29899E+05
    0.15447E-01    0.29901E+05
    0.15759E-01    0.29890E+05
    0.16077E-01    0.29866E+05
    0.16402E-01    0.29830E+05
    0.16734E-01    0.29780E+05
    0.17072E-01    0.29716E+05
    0.17416E-01    0.29639E+05
    0.17768E-01    0.29548E+05
    0.18127E-01    0.29443E+05
    0.18493E-01    0.29324E+05
    0.18867E-01    0.29191E+05
    0.19248E-01    0.29043E+05
    0.19637E-01    0.28881E+05
    0.20034E-01    0.28704E+05
    0.20438E-01    0.28513E+05
    0.20851E-01    0.28308E+05
    0.21272E-01    0.28088E+05
    0.21702E-01    0.27854E+05
    0.22141E-01    0.27607E+05
    0.22588E-01    0.27346E+05
    0.23044E-01    0.27071E+05
    0.23510E-01    0.26783E+05
    0.23985E-01    0.26483E+05
    0.24469E-01    0.26171E+05
    0.24964E-01    0.25846E+05
    0.25468E-01    0.25511E+05
    0.25982E-01    0.25165E+05
    0.26507E-01    0.24809E+05
    0.27043E-01    0.24444E+05
    0.27589E-01    0.24070E+05
    0.28146E-01    0.23689E+05
    0.28715E-01    0.23301E+05
    0.29295E-01    0.22908E+05
    0.29887E-01    0.22509E+05
    0.30490E-01    0.22107E+05
    0.31106E-01    0.21701E+05
    0.31735E-01    0.21294E+05
    0.32376E-01    0.20887E+05
    0.33030E-01    0.20479E+05
    0.33697E-01    0.20073E+05
    0.34378E-01    0.19669E+05
    0.35072E-01    0.19270E+05
    0.35781E-01    0.18875E+05
    0.36504E-01    0.18486E+05
    0.37241E-01    0.18104E+05
    0.37993E-01    0.17730E+05
    0.38761E-01    0.17365E+05
    0.39544E-01    0.17009E+05
    0.40343E-01    0.16663E+05
    0.41158E-01    0.16327E+05
    0.41989E-01    0.16001E+05
    0.42838E-01    0.15687E+05
    0.43703E-01    0.15386E+05
    0.44586E-01    0.15099E+05
    0.45486E-01    0.14827E+05
    0.46405E-01    0.14569E+05
    0.47343E-01    0.14326E+05
    0.48299E-01    0.14094E+05
    0.49275E-01    0.13874E+05
    0.50270E-01    0.13665E+05
    0.51286E-01    0.13464E+05
    0.52322E-01    0.13273E+05
    0.53379E-01    0.13090E+05
    0.54457E-01    0.12913E+05
    0.55557E-01    0.12742E+05
    0.56680E-01    0.12574E+05
    0.57825E-01    0.12408E+05
    0.58993E-01    0.12241E+05
    0.60184E-01    0.12072E+05
    0.61400E-01    0.11899E+05
    0.62641E-01    0.11721E+05
    0.63906E-01    0.11535E+05
    0.65197E-01    0.11340E+05
    0.66514E-01    0.11134E+05
    0.67858E-01    0.10916E+05
    0.69229E-01    0.10686E+05
    0.70627E-01    0.10443E+05
    0.72054E-01    0.10186E+05
    0.73510E-01    0.99161E+04
    0.74994E-01    0.96345E+04
    0.76509E-01    0.93424E+04
    0.78055E-01    0.90420E+04
    0.79632E-01    0.87353E+04
    0.81241E-01    0.84253E+04
    0.82882E-01    0.81147E+04
    0.84556E-01    0.78066E+04
    0.86264E-01    0.75042E+04
    0.88007E-01    0.72105E+04
    0.89785E-01    0.69289E+04
    0.91598E-01    0.66622E+04
    0.93449E-01    0.64128E+04
    0.95337E-01    0.61829E+04
    0.97263E-01    0.59739E+04
    0.99227E-01    0.57865E+04
    0.10123E+00    0.56204E+04
    0.10328E+00    0.54748E+04
    0.10536E+00    0.53475E+04
    0.10749E+00    0.52362E+04
    0.10966E+00    0.51377E+04
    0.11188E+00    0.50483E+04
    0.11414E+00    0.49643E+04
    0.11644E+00    0.48814E+04
    0.11880E+00    0.47957E+04
    0.12120E+00    0.47033E+04
    0.12365E+00    0.46009E+04
    0.12614E+00    0.44863E+04
    0.12869E+00    0.43582E+04
    0.13129E+00    0.42170E+04
    0.13394E+00    0.40641E+04
    0.13665E+00    0.39023E+04
    0.13941E+00    0.37348E+04
    0.14223E+00    0.35655E+04
    0.14510E+00    0.33987E+04
    0.14803E+00    0.32388E+04
    0.15102E+00    0.30903E+04
    0.15407E+00    0.29567E+04
    0.15718E+00    0.28403E+04
    0.16036E+00    0.27416E+04
    0.16360E+00    0.26589E+04
    0.16690E+00    0.25896E+04
    0.17028E+00    0.25300E+04
    0.17371E+00    0.24763E+04
    0.17722E+00    0.24244E+04
    0.18080E+00    0.23701E+04
    0.18446E+00    0.23095E+04
    0.18818E+00    0.22399E+04
    0.19198E+00    0.21606E+04
    0.19586E+00    0.20732E+04
    0.19982E+00    0.19809E+04
    0.20386E+00    0.18875E+04
    0.20797E+00    0.17971E+04
    0.21218E+00    0.17129E+04
    0.21646E+00    0.16379E+04
    0.22083E+00    0.15735E+04
    0.22530E+00    0.15195E+04
    0.22985E+00    0.14739E+04
    0.23449E+00    0.14337E+04
    0.23923E+00    0.13953E+04
    0.24406E+00    0.13552E+04
    0.24899E+00    0.13111E+04
    0.25402E+00    0.12623E+04
    0.25915E+00    0.12095E+04
    0.26439E+00    0.11550E+04
    0.26973E+00    0.11015E+04
    0.27518E+00    0.10517E+04
    0.28074E+00    0.10072E+04
    0.28641E+00    0.96862E+03
    0.29219E+00    0.93506E+03
    0.29810E+00    0.90455E+03
    0.30412E+00    0.87481E+03
    0.31026E+00    0.84407E+03
    0.31653E+00    0.81151E+03
    0.32292E+00    0.77740E+03
    0.32945E+00    0.74309E+03
    0.33610E+00    0.71028E+03
    0.34289E+00    0.68016E+03
    0.34982E+00    0.65301E+03
    0.35689E+00    0.62845E+03
    0.36409E+00    0.60542E+03
    0.37145E+00    0.58265E+03
    0.37895E+00    0.55950E+03
    0.38661E+00    0.53606E+03
    0.39442E+00    0.51293E+03
    0.40239E+00    0.49091E+03
    0.41052E+00    0.47048E+03
    0.41881E+00    0.45156E+03
    0.42727E+00    0.43373E+03
    0.43590E+00    0.41638E+03
    0.44471E+00    0.39919E+03
    0.45369E+00    0.38225E+03
    0.46286E+00    0.36588E+03
    0.47221E+00    0.35039E+03
    0.48174E+00    0.33579E+03
    0.49148E+00    0.32194E+03
    0.50141E+00    0.30856E+03
    0.51153E+00    0.29551E+03
    0.52187E+00    0.28286E+03
    0.53241E+00    0.27073E+03
    0.54317E+00    0.25921E+03
    0.55414E+00    0.24820E+03
    0.56533E+00    0.23760E+03
    0.57675E+00    0.22741E+03
    0.58840E+00    0.21762E+03
    0.60029E+00    0.20823E+03
    0.61242E+00    0.19923E+03
    0.62479E+00    0.19060E+03
    0.63741E+00    0.18233E+03
    0.65029E+00    0.17440E+03
    0.66342E+00    0.16680E+03
    0.67683E+00    0.15952E+03
    0.69050E+00    0.15254E+03
    0.70445E+00    0.14585E+03
    0.71868E+00    0.13944E+03
    0.73320E+00    0.13330E+03
    0.74801E+00    0.12742E+03
    0.76312E+00    0.12178E+03
    0.77854E+00    0.11638E+03
    0.79426E+00    0.11121E+03
    0.81031E+00    0.10626E+03
    0.82668E+00    0.10152E+03
    0.84338E+00    0.96982E+02
    0.86041E+00    0.92639E+02
    0.87780E+00    0.88482E+02
    0.89553E+00    0.84504E+02
    0.91362E+00    0.80698E+02
    0.93208E+00    0.77057E+02
    0.95091E+00    0.73574E+02
    0.97011E+00    0.70243E+02
    0.98971E+00    0.67057E+02
    0.10097E+01    0.64010E+02
    0.10301E+01    0.61096E+02
    0.10509E+01    0.58311E+02
    0.10721E+01    0.55648E+02
    0.10938E+01    0.53102E+02
    0.11159E+01    0.50668E+02
    0.11384E+01    0.48343E+02
    0.11614E+01    0.46120E+02
    0.11849E+01    0.43996E+02
    0.12088E+01    0.41967E+02
    0.12333E+01    0.40028E+02
    0.12582E+01    0.38176E+02
    0.12836E+01    0.36407E+02
    0.13095E+01    0.34717E+02
    0.13360E+01    0.33104E+02
    0.13630E+01    0.31563E+02
    0.13905E+01    0.30091E+02
    0.14186E+01    0.28686E+02
    0.14472E+01    0.27345E+02
    0.14765E+01    0.26065E+02
    0.15063E+01    0.24843E+02
    0.15367E+01    0.23676E+02
    0.15678E+01    0.22563E+02
    0.15994E+01    0.21501E+02
    0.16318E+01    0.20487E+02
    0.16647E+01    0.19520E+02
    0.16984E+01    0.18597E+02
    0.17327E+01    0.17717E+02
    0.17677E+01    0.16877E+02
    0.18034E+01    0.16076E+02
    0.18398E+01    0.15312E+02
    0.18770E+01    0.14583E+02
    0.19149E+01    0.13889E+02
    0.19536E+01    0.13226E+02
    0.19930E+01    0.12595E+02
    0.20333E+01    0.11992E+02
    0.20744E+01    0.11418E+02
    0.21163E+01    0.10871E+02
    0.21590E+01    0.10349E+02
    0.22026E+01    0.98521E+01
    0.22471E+01    0.93782E+01
    0.22925E+01    0.89266E+01
    0.23388E+01    0.84963E+01
    0.23861E+01    0.80862E+01
    0.24343E+01    0.76955E+01
    0.24835E+01    0.73233E+01
    0.25336E+01    0.69687E+01
    0.25848E+01    0.66309E+01
    0.26370E+01    0.63091E+01
    0.26903E+01    0.60026E+01
    0.27447E+01    0.57107E+01
    0.28001E+01    0.54327E+01
    0.28567E+01    0.51680E+01
    0.29144E+01    0.49159E+01
    0.29733E+01    0.46759E+01
    0.30333E+01    0.44473E+01
    0.30946E+01    0.42297E+01
    0.31571E+01    0.40226E+01
    0.32209E+01    0.38254E+01
    0.32860E+01    0.36377E+01
    0.33523E+01    0.34590E+01
    0.34201E+01    0.32889E+01
    0.34892E+01    0.31271E+01
    0.35596E+01    0.29731E+01
    0.36316E+01    0.28265E+01
    0.37049E+01    0.26870E+01
    0.37798E+01    0.25543E+01
    0.38561E+01    0.24280E+01
    0.39340E+01    0.23079E+01
    0.40135E+01    0.21936E+01
    0.40946E+01    0.20848E+01
    0.41773E+01    0.19814E+01
    0.42617E+01    0.18830E+01
    0.43478E+01    0.17895E+01
    0.44356E+01    0.17005E+01
    0.45252E+01    0.16158E+01
    0.46166E+01    0.15353E+01
    0.47099E+01    0.14587E+01
    0.48050E+01    0.13860E+01
    0.49021E+01    0.13167E+01
    0.50011E+01    0.12509E+01
    0.51021E+01    0.11883E+01
    0.52052E+01    0.11289E+01
    0.53104E+01    0.10723E+01
    0.54176E+01    0.10185E+01
    0.55271E+01    0.96742E+00
    0.56387E+01    0.91884E+00
    0.57526E+01    0.87267E+00
    0.58689E+01    0.82878E+00
    0.59874E+01    0.78706E+00
    0.61084E+01    0.74742E+00
    0.62318E+01    0.70975E+00
    0.63577E+01    0.67395E+00
    0.64861E+01    0.63993E+00
    0.66171E+01    0.60760E+00
    0.67508E+01    0.57688E+00
    0.68872E+01    0.54770E+00
    0.70263E+01    0.51997E+00
    0.71682E+01    0.49363E+00
    0.73130E+01    0.46861E+00
    0.74608E+01    0.44484E+00
    0.76115E+01    0.42226E+00
    0.77653E+01    0.40081E+00
    0.79221E+01    0.38044E+00
    0.80822E+01    0.36109E+00
    0.82454E+01    0.34272E+00
    0.84120E+01    0.32526E+00
    0.85819E+01    0.30869E+00
    0.87553E+01    0.29295E+00
    0.89322E+01    0.27800E+00
    0.91126E+01    0.26381E+00
    0.92967E+01    0.25033E+00
    0.94845E+01    0.23753E+00
    0.96761E+01    0.22538E+00
    0.98716E+01    0.21384E+00
    0.10071E+02    0.20288E+00
    0.10274E+02    0.19247E+00
    0.10482E+02    0.18260E+00
    0.10694E+02    0.17322E+00
    0.10910E+02    0.16433E+00
    0.11130E+02    0.15588E+00
    0.11355E+02    0.14787E+00
    0.11584E+02    0.14027E+00
    0.11818E+02    0.13306E+00
