#           k/h    P           
    0.10000E-03    0.25328E+03
    0.10202E-03    0.25845E+03
    0.10408E-03    0.26373E+03
    0.10618E-03    0.26912E+03
    0.10833E-03    0.27462E+03
    0.11052E-03    0.28023E+03
    0.11275E-03    0.28595E+03
    0.11503E-03    0.29179E+03
    0.11735E-03    0.29775E+03
    0.11972E-03    0.30383E+03
    0.12214E-03    0.31003E+03
    0.12461E-03    0.31637E+03
    0.12712E-03    0.32283E+03
    0.12969E-03    0.32942E+03
    0.13231E-03    0.33615E+03
    0.13499E-03    0.34301E+03
    0.13771E-03    0.35001E+03
    0.14049E-03    0.35716E+03
    0.14333E-03    0.36445E+03
    0.14623E-03    0.37189E+03
    0.14918E-03    0.37949E+03
    0.15220E-03    0.38723E+03
    0.15527E-03    0.39514E+03
    0.15841E-03    0.40321E+03
    0.16161E-03    0.41144E+03
    0.16487E-03    0.41983E+03
    0.16820E-03    0.42840E+03
    0.17160E-03    0.43715E+03
    0.17507E-03    0.44607E+03
    0.17860E-03    0.45517E+03
    0.18221E-03    0.46446E+03
    0.18589E-03    0.47394E+03
    0.18965E-03    0.48361E+03
    0.19348E-03    0.49348E+03
    0.19739E-03    0.50355E+03
    0.20138E-03    0.51382E+03
    0.20544E-03    0.52430E+03
    0.20959E-03    0.53499E+03
    0.21383E-03    0.54591E+03
    0.21815E-03    0.55704E+03
    0.22255E-03    0.56840E+03
    0.22705E-03    0.57999E+03
    0.23164E-03    0.59182E+03
    0.23632E-03    0.60388E+03
    0.24109E-03    0.61619E+03
    0.24596E-03    0.62875E+03
    0.25093E-03    0.64157E+03
    0.25600E-03    0.65465E+03
    0.26117E-03    0.66799E+03
    0.26645E-03    0.68160E+03
    0.27183E-03    0.69548E+03
    0.27732E-03    0.70965E+03
    0.28292E-03    0.72411E+03
    0.28864E-03    0.73885E+03
    0.29447E-03    0.75390E+03
    0.30042E-03    0.76925E+03
    0.30649E-03    0.78491E+03
    0.31268E-03    0.80089E+03
    0.31899E-03    0.81719E+03
    0.32544E-03    0.83381E+03
    0.33201E-03    0.85078E+03
    0.33872E-03    0.86808E+03
    0.34556E-03    0.88574E+03
    0.35254E-03    0.90375E+03
    0.35966E-03    0.92212E+03
    0.36693E-03    0.94087E+03
    0.37434E-03    0.95999E+03
    0.38190E-03    0.97949E+03
    0.38962E-03    0.99939E+03
    0.39749E-03    0.10197E+04
    0.40552E-03    0.10404E+04
    0.41371E-03    0.10615E+04
    0.42207E-03    0.10831E+04
    0.43060E-03    0.11050E+04
    0.43929E-03    0.11274E+04
    0.44817E-03    0.11503E+04
    0.45722E-03    0.11736E+04
    0.46646E-03    0.11974E+04
    0.47588E-03    0.12217E+04
    0.48550E-03    0.12464E+04
    0.49530E-03    0.12716E+04
    0.50531E-03    0.12974E+04
    0.51552E-03    0.13236E+04
    0.52593E-03    0.13504E+04
    0.53656E-03    0.13777E+04
    0.54739E-03    0.14055E+04
    0.55845E-03    0.14339E+04
    0.56973E-03    0.14629E+04
    0.58124E-03    0.14924E+04
    0.59299E-03    0.15225E+04
    0.60496E-03    0.15532E+04
    0.61719E-03    0.15845E+04
    0.62965E-03    0.16165E+04
    0.64237E-03    0.16490E+04
    0.65535E-03    0.16822E+04
    0.66859E-03    0.17161E+04
    0.68210E-03    0.17506E+04
    0.69588E-03    0.17857E+04
    0.70993E-03    0.18216E+04
    0.72427E-03    0.18582E+04
    0.73891E-03    0.18954E+04
    0.75383E-03    0.19334E+04
    0.76906E-03    0.19722E+04
    0.78460E-03    0.20117E+04
    0.80045E-03    0.20519E+04
    0.81662E-03    0.20929E+04
    0.83311E-03    0.21348E+04
    0.84994E-03    0.21774E+04
    0.86711E-03    0.22208E+04
    0.88463E-03    0.22651E+04
    0.90250E-03    0.23102E+04
    0.92073E-03    0.23562E+04
    0.93933E-03    0.24031E+04
    0.95831E-03    0.24508E+04
    0.97767E-03    0.24995E+04
    0.99742E-03    0.25490E+04
    0.10176E-02    0.25995E+04
    0.10381E-02    0.26510E+04
    0.10591E-02    0.27034E+04
    0.10805E-02    0.27569E+04
    0.11023E-02    0.28113E+04
    0.11246E-02    0.28667E+04
    0.11473E-02    0.29231E+04
    0.11705E-02    0.29807E+04
    0.11941E-02    0.30392E+04
    0.12182E-02    0.30989E+04
    0.12429E-02    0.31596E+04
    0.12680E-02    0.32215E+04
    0.12936E-02    0.32845E+04
    0.13197E-02    0.33486E+04
    0.13464E-02    0.34139E+04
    0.13736E-02    0.34804E+04
    0.14013E-02    0.35481E+04
    0.14296E-02    0.36170E+04
    0.14585E-02    0.36871E+04
    0.14880E-02    0.37585E+04
    0.15180E-02    0.38311E+04
    0.15487E-02    0.39051E+04
    0.15800E-02    0.39803E+04
    0.16119E-02    0.40569E+04
    0.16445E-02    0.41347E+04
    0.16777E-02    0.42140E+04
    0.17116E-02    0.42946E+04
    0.17462E-02    0.43766E+04
    0.17814E-02    0.44600E+04
    0.18174E-02    0.45448E+04
    0.18541E-02    0.46311E+04
    0.18916E-02    0.47188E+04
    0.19298E-02    0.48080E+04
    0.19688E-02    0.48986E+04
    0.20086E-02    0.49908E+04
    0.20491E-02    0.50845E+04
    0.20905E-02    0.51797E+04
    0.21328E-02    0.52764E+04
    0.21758E-02    0.53747E+04
    0.22198E-02    0.54746E+04
    0.22646E-02    0.55761E+04
    0.23104E-02    0.56792E+04
    0.23571E-02    0.57839E+04
    0.24047E-02    0.58902E+04
    0.24533E-02    0.59982E+04
    0.25028E-02    0.61078E+04
    0.25534E-02    0.62191E+04
    0.26050E-02    0.63320E+04
    0.26576E-02    0.64466E+04
    0.27113E-02    0.65630E+04
    0.27660E-02    0.66810E+04
    0.28219E-02    0.68007E+04
    0.28789E-02    0.69221E+04
    0.29371E-02    0.70453E+04
    0.29964E-02    0.71701E+04
    0.30569E-02    0.72967E+04
    0.31187E-02    0.74251E+04
    0.31817E-02    0.75551E+04
    0.32460E-02    0.76869E+04
    0.33115E-02    0.78204E+04
    0.33784E-02    0.79557E+04
    0.34467E-02    0.80927E+04
    0.35163E-02    0.82314E+04
    0.35874E-02    0.83718E+04
    0.36598E-02    0.85140E+04
    0.37338E-02    0.86578E+04
    0.38092E-02    0.88034E+04
    0.38861E-02    0.89506E+04
    0.39646E-02    0.90995E+04
    0.40447E-02    0.92501E+04
    0.41264E-02    0.94023E+04
    0.42098E-02    0.95561E+04
    0.42948E-02    0.97115E+04
    0.43816E-02    0.98686E+04
    0.44701E-02    0.10027E+05
    0.45604E-02    0.10187E+05
    0.46525E-02    0.10349E+05
    0.47465E-02    0.10512E+05
    0.48424E-02    0.10677E+05
    0.49402E-02    0.10843E+05
    0.50400E-02    0.11010E+05
    0.51419E-02    0.11179E+05
    0.52457E-02    0.11348E+05
    0.53517E-02    0.11520E+05
    0.54598E-02    0.11692E+05
    0.55701E-02    0.11866E+05
    0.56826E-02    0.12040E+05
    0.57974E-02    0.12216E+05
    0.59145E-02    0.12393E+05
    0.60340E-02    0.12570E+05
    0.61559E-02    0.12749E+05
    0.62803E-02    0.12928E+05
    0.64072E-02    0.13108E+05
    0.65366E-02    0.13289E+05
    0.66686E-02    0.13470E+05
    0.68033E-02    0.13651E+05
    0.69408E-02    0.13834E+05
    0.70810E-02    0.14016E+05
    0.72240E-02    0.14198E+05
    0.73700E-02    0.14381E+05
    0.75189E-02    0.14564E+05
    0.76708E-02    0.14746E+05
    0.78257E-02    0.14929E+05
    0.79838E-02    0.15111E+05
    0.81451E-02    0.15293E+05
    0.83096E-02    0.15474E+05
    0.84775E-02    0.15654E+05
    0.86488E-02    0.15834E+05
    0.88235E-02    0.16013E+05
    0.90017E-02    0.16190E+05
    0.91836E-02    0.16366E+05
    0.93691E-02    0.16541E+05
    0.95583E-02    0.16715E+05
    0.97514E-02    0.16887E+05
    0.99484E-02    0.17057E+05
    0.10149E-01    0.17224E+05
    0.10354E-01    0.17390E+05
    0.10564E-01    0.17553E+05
    0.10777E-01    0.17714E+05
    0.10995E-01    0.17872E+05
    0.11217E-01    0.18027E+05
    0.11443E-01    0.18179E+05
    0.11675E-01    0.18328E+05
    0.11910E-01    0.18473E+05
    0.12151E-01    0.18614E+05
    0.12397E-01    0.18751E+05
    0.12647E-01    0.18885E+05
    0.12902E-01    0.19013E+05
    0.13163E-01    0.19137E+05
    0.13429E-01    0.19257E+05
    0.13700E-01    0.19371E+05
    0.13977E-01    0.19480E+05
    0.14259E-01    0.19583E+05
    0.14547E-01    0.19680E+05
    0.14841E-01    0.19772E+05
    0.15141E-01    0.19857E+05
    0.15447E-01    0.19936E+05
    0.15759E-01    0.20008E+05
    0.16077E-01    0.20072E+05
    0.16402E-01    0.20130E+05
    0.16734E-01    0.20180E+05
    0.17072E-01    0.20223E+05
    0.17416E-01    0.20257E+05
    0.17768E-01    0.20284E+05
    0.18127E-01    0.20302E+05
    0.18493E-01    0.20312E+05
    0.18867E-01    0.20312E+05
    0.19248E-01    0.20304E+05
    0.19637E-01    0.20287E+05
    0.20034E-01    0.20260E+05
    0.20438E-01    0.20224E+05
    0.20851E-01    0.20179E+05
    0.21272E-01    0.20123E+05
    0.21702E-01    0.20058E+05
    0.22141E-01    0.19983E+05
    0.22588E-01    0.19899E+05
    0.23044E-01    0.19804E+05
    0.23510E-01    0.19699E+05
    0.23985E-01    0.19584E+05
    0.24469E-01    0.19460E+05
    0.24964E-01    0.19325E+05
    0.25468E-01    0.19181E+05
    0.25982E-01    0.19028E+05
    0.26507E-01    0.18865E+05
    0.27043E-01    0.18693E+05
    0.27589E-01    0.18512E+05
    0.28146E-01    0.18323E+05
    0.28715E-01    0.18125E+05
    0.29295E-01    0.17919E+05
    0.29887E-01    0.17706E+05
    0.30490E-01    0.17486E+05
    0.31106E-01    0.17260E+05
    0.31735E-01    0.17027E+05
    0.32376E-01    0.16789E+05
    0.33030E-01    0.16546E+05
    0.33697E-01    0.16299E+05
    0.34378E-01    0.16048E+05
    0.35072E-01    0.15794E+05
    0.35781E-01    0.15539E+05
    0.36504E-01    0.15281E+05
    0.37241E-01    0.15023E+05
    0.37993E-01    0.14765E+05
    0.38761E-01    0.14508E+05
    0.39544E-01    0.14252E+05
    0.40343E-01    0.13999E+05
    0.41158E-01    0.13749E+05
    0.41989E-01    0.13502E+05
    0.42838E-01    0.13261E+05
    0.43703E-01    0.13024E+05
    0.44586E-01    0.12792E+05
    0.45486E-01    0.12565E+05
    0.46405E-01    0.12345E+05
    0.47343E-01    0.12131E+05
    0.48299E-01    0.11924E+05
    0.49275E-01    0.11726E+05
    0.50270E-01    0.11536E+05
    0.51286E-01    0.11356E+05
    0.52322E-01    0.11185E+05
    0.53379E-01    0.11022E+05
    0.54457E-01    0.10867E+05
    0.55557E-01    0.10718E+05
    0.56680E-01    0.10574E+05
    0.57825E-01    0.10436E+05
    0.58993E-01    0.10303E+05
    0.60184E-01    0.10175E+05
    0.61400E-01    0.10050E+05
    0.62641E-01    0.99273E+04
    0.63906E-01    0.98062E+04
    0.65197E-01    0.96854E+04
    0.66514E-01    0.95633E+04
    0.67858E-01    0.94386E+04
    0.69229E-01    0.93098E+04
    0.70627E-01    0.91757E+04
    0.72054E-01    0.90349E+04
    0.73510E-01    0.88863E+04
    0.74994E-01    0.87289E+04
    0.76509E-01    0.85620E+04
    0.78055E-01    0.83852E+04
    0.79632E-01    0.81983E+04
    0.81241E-01    0.80019E+04
    0.82882E-01    0.77963E+04
    0.84556E-01    0.75827E+04
    0.86264E-01    0.73625E+04
    0.88007E-01    0.71373E+04
    0.89785E-01    0.69088E+04
    0.91598E-01    0.66791E+04
    0.93449E-01    0.64501E+04
    0.95337E-01    0.62239E+04
    0.97263E-01    0.60027E+04
    0.99227E-01    0.57887E+04
    0.10123E+00    0.55841E+04
    0.10328E+00    0.53907E+04
    0.10536E+00    0.52104E+04
    0.10749E+00    0.50447E+04
    0.10966E+00    0.48945E+04
    0.11188E+00    0.47600E+04
    0.11414E+00    0.46408E+04
    0.11644E+00    0.45358E+04
    0.11880E+00    0.44430E+04
    0.12120E+00    0.43602E+04
    0.12365E+00    0.42845E+04
    0.12614E+00    0.42132E+04
    0.12869E+00    0.41432E+04
    0.13129E+00    0.40717E+04
    0.13394E+00    0.39960E+04
    0.13665E+00    0.39137E+04
    0.13941E+00    0.38231E+04
    0.14223E+00    0.37228E+04
    0.14510E+00    0.36126E+04
    0.14803E+00    0.34932E+04
    0.15102E+00    0.33661E+04
    0.15407E+00    0.32339E+04
    0.15718E+00    0.30995E+04
    0.16036E+00    0.29663E+04
    0.16360E+00    0.28375E+04
    0.16690E+00    0.27164E+04
    0.17028E+00    0.26057E+04
    0.17371E+00    0.25073E+04
    0.17722E+00    0.24220E+04
    0.18080E+00    0.23494E+04
    0.18446E+00    0.22878E+04
    0.18818E+00    0.22345E+04
    0.19198E+00    0.21867E+04
    0.19586E+00    0.21409E+04
    0.19982E+00    0.20939E+04
    0.20386E+00    0.20428E+04
    0.20797E+00    0.19853E+04
    0.21218E+00    0.19207E+04
    0.21646E+00    0.18495E+04
    0.22083E+00    0.17738E+04
    0.22530E+00    0.16965E+04
    0.22985E+00    0.16206E+04
    0.23449E+00    0.15490E+04
    0.23923E+00    0.14841E+04
    0.24406E+00    0.14274E+04
    0.24899E+00    0.13788E+04
    0.25402E+00    0.13372E+04
    0.25915E+00    0.13004E+04
    0.26439E+00    0.12659E+04
    0.26973E+00    0.12309E+04
    0.27518E+00    0.11932E+04
    0.28074E+00    0.11517E+04
    0.28641E+00    0.11069E+04
    0.29219E+00    0.10605E+04
    0.29810E+00    0.10144E+04
    0.30412E+00    0.97072E+03
    0.31026E+00    0.93091E+03
    0.31653E+00    0.89589E+03
    0.32292E+00    0.86520E+03
    0.32945E+00    0.83730E+03
    0.33610E+00    0.81048E+03
    0.34289E+00    0.78329E+03
    0.34982E+00    0.75483E+03
    0.35689E+00    0.72500E+03
    0.36409E+00    0.69476E+03
    0.37145E+00    0.66549E+03
    0.37895E+00    0.63821E+03
    0.38661E+00    0.61334E+03
    0.39442E+00    0.59075E+03
    0.40239E+00    0.56964E+03
    0.41052E+00    0.54900E+03
    0.41881E+00    0.52822E+03
    0.42727E+00    0.50719E+03
    0.43590E+00    0.48628E+03
    0.44471E+00    0.46621E+03
    0.45369E+00    0.44740E+03
    0.46286E+00    0.42988E+03
    0.47221E+00    0.41340E+03
    0.48174E+00    0.39745E+03
    0.49148E+00    0.38171E+03
    0.50141E+00    0.36620E+03
    0.51153E+00    0.35110E+03
    0.52187E+00    0.33672E+03
    0.53241E+00    0.32313E+03
    0.54317E+00    0.31020E+03
    0.55414E+00    0.29776E+03
    0.56533E+00    0.28563E+03
    0.57675E+00    0.27385E+03
    0.58840E+00    0.26250E+03
    0.60029E+00    0.25168E+03
    0.61242E+00    0.24134E+03
    0.62479E+00    0.23137E+03
    0.63741E+00    0.22178E+03
    0.65029E+00    0.21255E+03
    0.66342E+00    0.20369E+03
    0.67683E+00    0.19517E+03
    0.69050E+00    0.18699E+03
    0.70445E+00    0.17914E+03
    0.71868E+00    0.17159E+03
    0.73320E+00    0.16435E+03
    0.74801E+00    0.15740E+03
    0.76312E+00    0.15073E+03
    0.77854E+00    0.14433E+03
    0.79426E+00    0.13818E+03
    0.81031E+00    0.13228E+03
    0.82668E+00    0.12662E+03
    0.84338E+00    0.12119E+03
    0.86041E+00    0.11598E+03
    0.87780E+00    0.11099E+03
    0.89553E+00    0.10620E+03
    0.91362E+00    0.10160E+03
    0.93208E+00    0.97196E+02
    0.95091E+00    0.92973E+02
    0.97011E+00    0.88925E+02
    0.98971E+00    0.85046E+02
    0.10097E+01    0.81329E+02
    0.10301E+01    0.77768E+02
    0.10509E+01    0.74356E+02
    0.10721E+01    0.71087E+02
    0.10938E+01    0.67956E+02
    0.11159E+01    0.64957E+02
    0.11384E+01    0.62086E+02
    0.11614E+01    0.59336E+02
    0.11849E+01    0.56704E+02
    0.12088E+01    0.54183E+02
    0.12333E+01    0.51771E+02
    0.12582E+01    0.49461E+02
    0.12836E+01    0.47251E+02
    0.13095E+01    0.45137E+02
    0.13360E+01    0.43113E+02
    0.13630E+01    0.41177E+02
    0.13905E+01    0.39324E+02
    0.14186E+01    0.37553E+02
    0.14472E+01    0.35858E+02
    0.14765E+01    0.34237E+02
    0.15063E+01    0.32687E+02
    0.15367E+01    0.31204E+02
    0.15678E+01    0.29787E+02
    0.15994E+01    0.28432E+02
    0.16318E+01    0.27137E+02
    0.16647E+01    0.25899E+02
    0.16984E+01    0.24715E+02
    0.17327E+01    0.23584E+02
    0.17677E+01    0.22503E+02
    0.18034E+01    0.21470E+02
    0.18398E+01    0.20484E+02
    0.18770E+01    0.19541E+02
    0.19149E+01    0.18640E+02
    0.19536E+01    0.17780E+02
    0.19930E+01    0.16958E+02
    0.20333E+01    0.16173E+02
    0.20744E+01    0.15424E+02
    0.21163E+01    0.14708E+02
    0.21590E+01    0.14025E+02
    0.22026E+01    0.13372E+02
    0.22471E+01    0.12749E+02
    0.22925E+01    0.12154E+02
    0.23388E+01    0.11587E+02
    0.23861E+01    0.11045E+02
    0.24343E+01    0.10528E+02
    0.24835E+01    0.10034E+02
    0.25336E+01    0.95632E+01
    0.25848E+01    0.91138E+01
    0.26370E+01    0.86850E+01
    0.26903E+01    0.82759E+01
    0.27447E+01    0.78856E+01
    0.28001E+01    0.75133E+01
    0.28567E+01    0.71582E+01
    0.29144E+01    0.68194E+01
    0.29733E+01    0.64964E+01
    0.30333E+01    0.61883E+01
    0.30946E+01    0.58944E+01
    0.31571E+01    0.56143E+01
    0.32209E+01    0.53471E+01
    0.32860E+01    0.50924E+01
    0.33523E+01    0.48496E+01
    0.34201E+01    0.46181E+01
    0.34892E+01    0.43974E+01
    0.35596E+01    0.41871E+01
    0.36316E+01    0.39866E+01
    0.37049E+01    0.37955E+01
    0.37798E+01    0.36134E+01
    0.38561E+01    0.34399E+01
    0.39340E+01    0.32745E+01
    0.40135E+01    0.31169E+01
    0.40946E+01    0.29668E+01
    0.41773E+01    0.28238E+01
    0.42617E+01    0.26875E+01
    0.43478E+01    0.25577E+01
    0.44356E+01    0.24340E+01
    0.45252E+01    0.23162E+01
    0.46166E+01    0.22040E+01
    0.47099E+01    0.20972E+01
    0.48050E+01    0.19954E+01
    0.49021E+01    0.18985E+01
    0.50011E+01    0.18062E+01
    0.51021E+01    0.17183E+01
    0.52052E+01    0.16346E+01
    0.53104E+01    0.15549E+01
    0.54176E+01    0.14791E+01
    0.55271E+01    0.14069E+01
    0.56387E+01    0.13381E+01
    0.57526E+01    0.12727E+01
    0.58689E+01    0.12104E+01
    0.59874E+01    0.11511E+01
    0.61084E+01    0.10947E+01
    0.62318E+01    0.10410E+01
    0.63577E+01    0.98984E+00
    0.64861E+01    0.94120E+00
    0.66171E+01    0.89491E+00
    0.67508E+01    0.85086E+00
    0.68872E+01    0.80895E+00
    0.70263E+01    0.76907E+00
    0.71682E+01    0.73114E+00
    0.73130E+01    0.69504E+00
    0.74608E+01    0.66071E+00
    0.76115E+01    0.62805E+00
    0.77653E+01    0.59698E+00
    0.79221E+01    0.56742E+00
    0.80822E+01    0.53931E+00
    0.82454E+01    0.51257E+00
    0.84120E+01    0.48713E+00
    0.85819E+01    0.46294E+00
    0.87553E+01    0.43992E+00
    0.89322E+01    0.41804E+00
    0.91126E+01    0.39722E+00
    0.92967E+01    0.37743E+00
    0.94845E+01    0.35861E+00
    0.96761E+01    0.34072E+00
    0.98716E+01    0.32371E+00
    0.10071E+02    0.30755E+00
    0.10274E+02    0.29218E+00
    0.10482E+02    0.27759E+00
    0.10694E+02    0.26372E+00
