#           k/h    P           
    0.10000E-03    0.56739E+03
    0.10202E-03    0.57874E+03
    0.10408E-03    0.59032E+03
    0.10618E-03    0.60213E+03
    0.10833E-03    0.61417E+03
    0.11052E-03    0.62646E+03
    0.11275E-03    0.63899E+03
    0.11503E-03    0.65177E+03
    0.11735E-03    0.66480E+03
    0.11972E-03    0.67810E+03
    0.12214E-03    0.69166E+03
    0.12461E-03    0.70549E+03
    0.12712E-03    0.71960E+03
    0.12969E-03    0.73398E+03
    0.13231E-03    0.74866E+03
    0.13499E-03    0.76363E+03
    0.13771E-03    0.77889E+03
    0.14049E-03    0.79447E+03
    0.14333E-03    0.81035E+03
    0.14623E-03    0.82654E+03
    0.14918E-03    0.84307E+03
    0.15220E-03    0.85992E+03
    0.15527E-03    0.87710E+03
    0.15841E-03    0.89463E+03
    0.16161E-03    0.91251E+03
    0.16487E-03    0.93074E+03
    0.16820E-03    0.94933E+03
    0.17160E-03    0.96830E+03
    0.17507E-03    0.98764E+03
    0.17860E-03    0.10074E+04
    0.18221E-03    0.10275E+04
    0.18589E-03    0.10480E+04
    0.18965E-03    0.10689E+04
    0.19348E-03    0.10903E+04
    0.19739E-03    0.11121E+04
    0.20138E-03    0.11343E+04
    0.20544E-03    0.11569E+04
    0.20959E-03    0.11800E+04
    0.21383E-03    0.12035E+04
    0.21815E-03    0.12275E+04
    0.22255E-03    0.12520E+04
    0.22705E-03    0.12770E+04
    0.23164E-03    0.13025E+04
    0.23632E-03    0.13285E+04
    0.24109E-03    0.13549E+04
    0.24596E-03    0.13820E+04
    0.25093E-03    0.14095E+04
    0.25600E-03    0.14376E+04
    0.26117E-03    0.14662E+04
    0.26645E-03    0.14955E+04
    0.27183E-03    0.15252E+04
    0.27732E-03    0.15556E+04
    0.28292E-03    0.15866E+04
    0.28864E-03    0.16182E+04
    0.29447E-03    0.16504E+04
    0.30042E-03    0.16832E+04
    0.30649E-03    0.17167E+04
    0.31268E-03    0.17509E+04
    0.31899E-03    0.17857E+04
    0.32544E-03    0.18212E+04
    0.33201E-03    0.18574E+04
    0.33872E-03    0.18943E+04
    0.34556E-03    0.19319E+04
    0.35254E-03    0.19703E+04
    0.35966E-03    0.20094E+04
    0.36693E-03    0.20493E+04
    0.37434E-03    0.20899E+04
    0.38190E-03    0.21314E+04
    0.38962E-03    0.21736E+04
    0.39749E-03    0.22167E+04
    0.40552E-03    0.22606E+04
    0.41371E-03    0.23054E+04
    0.42207E-03    0.23510E+04
    0.43060E-03    0.23975E+04
    0.43929E-03    0.24450E+04
    0.44817E-03    0.24933E+04
    0.45722E-03    0.25426E+04
    0.46646E-03    0.25928E+04
    0.47588E-03    0.26440E+04
    0.48550E-03    0.26962E+04
    0.49530E-03    0.27493E+04
    0.50531E-03    0.28035E+04
    0.51552E-03    0.28588E+04
    0.52593E-03    0.29151E+04
    0.53656E-03    0.29724E+04
    0.54739E-03    0.30309E+04
    0.55845E-03    0.30905E+04
    0.56973E-03    0.31512E+04
    0.58124E-03    0.32131E+04
    0.59299E-03    0.32761E+04
    0.60496E-03    0.33403E+04
    0.61719E-03    0.34058E+04
    0.62965E-03    0.34724E+04
    0.64237E-03    0.35404E+04
    0.65535E-03    0.36096E+04
    0.66859E-03    0.36801E+04
    0.68210E-03    0.37519E+04
    0.69588E-03    0.38251E+04
    0.70993E-03    0.38996E+04
    0.72427E-03    0.39755E+04
    0.73891E-03    0.40529E+04
    0.75383E-03    0.41316E+04
    0.76906E-03    0.42118E+04
    0.78460E-03    0.42935E+04
    0.80045E-03    0.43767E+04
    0.81662E-03    0.44614E+04
    0.83311E-03    0.45477E+04
    0.84994E-03    0.46355E+04
    0.86711E-03    0.47250E+04
    0.88463E-03    0.48160E+04
    0.90250E-03    0.49087E+04
    0.92073E-03    0.50031E+04
    0.93933E-03    0.50992E+04
    0.95831E-03    0.51970E+04
    0.97767E-03    0.52965E+04
    0.99742E-03    0.53978E+04
    0.10176E-02    0.55010E+04
    0.10381E-02    0.56059E+04
    0.10591E-02    0.57127E+04
    0.10805E-02    0.58213E+04
    0.11023E-02    0.59319E+04
    0.11246E-02    0.60444E+04
    0.11473E-02    0.61588E+04
    0.11705E-02    0.62752E+04
    0.11941E-02    0.63936E+04
    0.12182E-02    0.65141E+04
    0.12429E-02    0.66366E+04
    0.12680E-02    0.67611E+04
    0.12936E-02    0.68878E+04
    0.13197E-02    0.70166E+04
    0.13464E-02    0.71475E+04
    0.13736E-02    0.72806E+04
    0.14013E-02    0.74160E+04
    0.14296E-02    0.75535E+04
    0.14585E-02    0.76933E+04
    0.14880E-02    0.78354E+04
    0.15180E-02    0.79797E+04
    0.15487E-02    0.81264E+04
    0.15800E-02    0.82754E+04
    0.16119E-02    0.84268E+04
    0.16445E-02    0.85805E+04
    0.16777E-02    0.87366E+04
    0.17116E-02    0.88952E+04
    0.17462E-02    0.90562E+04
    0.17814E-02    0.92197E+04
    0.18174E-02    0.93856E+04
    0.18541E-02    0.95540E+04
    0.18916E-02    0.97249E+04
    0.19298E-02    0.98984E+04
    0.19688E-02    0.10074E+05
    0.20086E-02    0.10253E+05
    0.20491E-02    0.10434E+05
    0.20905E-02    0.10618E+05
    0.21328E-02    0.10804E+05
    0.21758E-02    0.10993E+05
    0.22198E-02    0.11184E+05
    0.22646E-02    0.11378E+05
    0.23104E-02    0.11575E+05
    0.23571E-02    0.11774E+05
    0.24047E-02    0.11976E+05
    0.24533E-02    0.12180E+05
    0.25028E-02    0.12387E+05
    0.25534E-02    0.12597E+05
    0.26050E-02    0.12809E+05
    0.26576E-02    0.13024E+05
    0.27113E-02    0.13241E+05
    0.27660E-02    0.13461E+05
    0.28219E-02    0.13683E+05
    0.28789E-02    0.13908E+05
    0.29371E-02    0.14136E+05
    0.29964E-02    0.14366E+05
    0.30569E-02    0.14598E+05
    0.31187E-02    0.14833E+05
    0.31817E-02    0.15071E+05
    0.32460E-02    0.15310E+05
    0.33115E-02    0.15552E+05
    0.33784E-02    0.15797E+05
    0.34467E-02    0.16043E+05
    0.35163E-02    0.16292E+05
    0.35874E-02    0.16543E+05
    0.36598E-02    0.16796E+05
    0.37338E-02    0.17052E+05
    0.38092E-02    0.17309E+05
    0.38861E-02    0.17568E+05
    0.39646E-02    0.17829E+05
    0.40447E-02    0.18092E+05
    0.41264E-02    0.18357E+05
    0.42098E-02    0.18623E+05
    0.42948E-02    0.18891E+05
    0.43816E-02    0.19160E+05
    0.44701E-02    0.19431E+05
    0.45604E-02    0.19703E+05
    0.46525E-02    0.19976E+05
    0.47465E-02    0.20251E+05
    0.48424E-02    0.20526E+05
    0.49402E-02    0.20802E+05
    0.50400E-02    0.21079E+05
    0.51419E-02    0.21357E+05
    0.52457E-02    0.21635E+05
    0.53517E-02    0.21914E+05
    0.54598E-02    0.22193E+05
    0.55701E-02    0.22472E+05
    0.56826E-02    0.22750E+05
    0.57974E-02    0.23029E+05
    0.59145E-02    0.23307E+05
    0.60340E-02    0.23585E+05
    0.61559E-02    0.23862E+05
    0.62803E-02    0.24138E+05
    0.64072E-02    0.24413E+05
    0.65366E-02    0.24687E+05
    0.66686E-02    0.24959E+05
    0.68033E-02    0.25230E+05
    0.69408E-02    0.25498E+05
    0.70810E-02    0.25765E+05
    0.72240E-02    0.26029E+05
    0.73700E-02    0.26290E+05
    0.75189E-02    0.26549E+05
    0.76708E-02    0.26805E+05
    0.78257E-02    0.27057E+05
    0.79838E-02    0.27306E+05
    0.81451E-02    0.27550E+05
    0.83096E-02    0.27791E+05
    0.84775E-02    0.28027E+05
    0.86488E-02    0.28259E+05
    0.88235E-02    0.28486E+05
    0.90017E-02    0.28707E+05
    0.91836E-02    0.28922E+05
    0.93691E-02    0.29132E+05
    0.95583E-02    0.29336E+05
    0.97514E-02    0.29532E+05
    0.99484E-02    0.29722E+05
    0.10149E-01    0.29905E+05
    0.10354E-01    0.30080E+05
    0.10564E-01    0.30248E+05
    0.10777E-01    0.30406E+05
    0.10995E-01    0.30557E+05
    0.11217E-01    0.30698E+05
    0.11443E-01    0.30830E+05
    0.11675E-01    0.30952E+05
    0.11910E-01    0.31064E+05
    0.12151E-01    0.31166E+05
    0.12397E-01    0.31257E+05
    0.12647E-01    0.31337E+05
    0.12902E-01    0.31405E+05
    0.13163E-01    0.31461E+05
    0.13429E-01    0.31506E+05
    0.13700E-01    0.31537E+05
    0.13977E-01    0.31556E+05
    0.14259E-01    0.31561E+05
    0.14547E-01    0.31553E+05
    0.14841E-01    0.31532E+05
    0.15141E-01    0.31496E+05
    0.15447E-01    0.31445E+05
    0.15759E-01    0.31381E+05
    0.16077E-01    0.31301E+05
    0.16402E-01    0.31206E+05
    0.16734E-01    0.31096E+05
    0.17072E-01    0.30971E+05
    0.17416E-01    0.30830E+05
    0.17768E-01    0.30673E+05
    0.18127E-01    0.30501E+05
    0.18493E-01    0.30313E+05
    0.18867E-01    0.30110E+05
    0.19248E-01    0.29891E+05
    0.19637E-01    0.29657E+05
    0.20034E-01    0.29407E+05
    0.20438E-01    0.29142E+05
    0.20851E-01    0.28863E+05
    0.21272E-01    0.28569E+05
    0.21702E-01    0.28261E+05
    0.22141E-01    0.27939E+05
    0.22588E-01    0.27605E+05
    0.23044E-01    0.27257E+05
    0.23510E-01    0.26898E+05
    0.23985E-01    0.26527E+05
    0.24469E-01    0.26146E+05
    0.24964E-01    0.25756E+05
    0.25468E-01    0.25356E+05
    0.25982E-01    0.24948E+05
    0.26507E-01    0.24533E+05
    0.27043E-01    0.24113E+05
    0.27589E-01    0.23687E+05
    0.28146E-01    0.23258E+05
    0.28715E-01    0.22826E+05
    0.29295E-01    0.22392E+05
    0.29887E-01    0.21958E+05
    0.30490E-01    0.21525E+05
    0.31106E-01    0.21094E+05
    0.31735E-01    0.20666E+05
    0.32376E-01    0.20243E+05
    0.33030E-01    0.19826E+05
    0.33697E-01    0.19415E+05
    0.34378E-01    0.19013E+05
    0.35072E-01    0.18620E+05
    0.35781E-01    0.18237E+05
    0.36504E-01    0.17865E+05
    0.37241E-01    0.17503E+05
    0.37993E-01    0.17152E+05
    0.38761E-01    0.16814E+05
    0.39544E-01    0.16489E+05
    0.40343E-01    0.16178E+05
    0.41158E-01    0.15883E+05
    0.41989E-01    0.15604E+05
    0.42838E-01    0.15342E+05
    0.43703E-01    0.15094E+05
    0.44586E-01    0.14859E+05
    0.45486E-01    0.14637E+05
    0.46405E-01    0.14427E+05
    0.47343E-01    0.14226E+05
    0.48299E-01    0.14035E+05
    0.49275E-01    0.13852E+05
    0.50270E-01    0.13675E+05
    0.51286E-01    0.13503E+05
    0.52322E-01    0.13333E+05
    0.53379E-01    0.13164E+05
    0.54457E-01    0.12993E+05
    0.55557E-01    0.12820E+05
    0.56680E-01    0.12641E+05
    0.57825E-01    0.12455E+05
    0.58993E-01    0.12261E+05
    0.60184E-01    0.12055E+05
    0.61400E-01    0.11837E+05
    0.62641E-01    0.11605E+05
    0.63906E-01    0.11359E+05
    0.65197E-01    0.11097E+05
    0.66514E-01    0.10819E+05
    0.67858E-01    0.10528E+05
    0.69229E-01    0.10222E+05
    0.70627E-01    0.99051E+04
    0.72054E-01    0.95790E+04
    0.73510E-01    0.92465E+04
    0.74994E-01    0.89111E+04
    0.76509E-01    0.85759E+04
    0.78055E-01    0.82446E+04
    0.79632E-01    0.79209E+04
    0.81241E-01    0.76081E+04
    0.82882E-01    0.73100E+04
    0.84556E-01    0.70294E+04
    0.86264E-01    0.67688E+04
    0.88007E-01    0.65303E+04
    0.89785E-01    0.63154E+04
    0.91598E-01    0.61242E+04
    0.93449E-01    0.59563E+04
    0.95337E-01    0.58106E+04
    0.97263E-01    0.56844E+04
    0.99227E-01    0.55750E+04
    0.10123E+00    0.54786E+04
    0.10328E+00    0.53910E+04
    0.10536E+00    0.53076E+04
    0.10749E+00    0.52236E+04
    0.10966E+00    0.51343E+04
    0.11188E+00    0.50355E+04
    0.11414E+00    0.49240E+04
    0.11644E+00    0.47979E+04
    0.11880E+00    0.46564E+04
    0.12120E+00    0.45005E+04
    0.12365E+00    0.43321E+04
    0.12614E+00    0.41545E+04
    0.12869E+00    0.39712E+04
    0.13129E+00    0.37870E+04
    0.13394E+00    0.36070E+04
    0.13665E+00    0.34366E+04
    0.13941E+00    0.32806E+04
    0.14223E+00    0.31429E+04
    0.14510E+00    0.30247E+04
    0.14803E+00    0.29258E+04
    0.15102E+00    0.28438E+04
    0.15407E+00    0.27751E+04
    0.15718E+00    0.27161E+04
    0.16036E+00    0.26622E+04
    0.16360E+00    0.26087E+04
    0.16690E+00    0.25506E+04
    0.17028E+00    0.24835E+04
    0.17371E+00    0.24053E+04
    0.17722E+00    0.23162E+04
    0.18080E+00    0.22191E+04
    0.18446E+00    0.21179E+04
    0.18818E+00    0.20167E+04
    0.19198E+00    0.19198E+04
    0.19586E+00    0.18312E+04
    0.19982E+00    0.17537E+04
    0.20386E+00    0.16886E+04
    0.20797E+00    0.16344E+04
    0.21218E+00    0.15885E+04
    0.21646E+00    0.15473E+04
    0.22083E+00    0.15066E+04
    0.22530E+00    0.14629E+04
    0.22985E+00    0.14138E+04
    0.23449E+00    0.13591E+04
    0.23923E+00    0.13007E+04
    0.24406E+00    0.12414E+04
    0.24899E+00    0.11841E+04
    0.25402E+00    0.11315E+04
    0.25915E+00    0.10855E+04
    0.26439E+00    0.10461E+04
    0.26973E+00    0.10115E+04
    0.27518E+00    0.97933E+03
    0.28074E+00    0.94727E+03
    0.28641E+00    0.91353E+03
    0.29219E+00    0.87744E+03
    0.29810E+00    0.83994E+03
    0.30412E+00    0.80292E+03
    0.31026E+00    0.76802E+03
    0.31653E+00    0.73629E+03
    0.32292E+00    0.70795E+03
    0.32945E+00    0.68213E+03
    0.33610E+00    0.65740E+03
    0.34289E+00    0.63264E+03
    0.34982E+00    0.60728E+03
    0.35689E+00    0.58168E+03
    0.36409E+00    0.55677E+03
    0.37145E+00    0.53326E+03
    0.37895E+00    0.51158E+03
    0.38661E+00    0.49149E+03
    0.39442E+00    0.47228E+03
    0.40239E+00    0.45347E+03
    0.41052E+00    0.43474E+03
    0.41881E+00    0.41636E+03
    0.42727E+00    0.39875E+03
    0.43590E+00    0.38213E+03
    0.44471E+00    0.36650E+03
    0.45369E+00    0.35154E+03
    0.46286E+00    0.33702E+03
    0.47221E+00    0.32284E+03
    0.48174E+00    0.30915E+03
    0.49148E+00    0.29606E+03
    0.50141E+00    0.28363E+03
    0.51153E+00    0.27174E+03
    0.52187E+00    0.26026E+03
    0.53241E+00    0.24921E+03
    0.54317E+00    0.23857E+03
    0.55414E+00    0.22836E+03
    0.56533E+00    0.21858E+03
    0.57675E+00    0.20920E+03
    0.58840E+00    0.20021E+03
    0.60029E+00    0.19160E+03
    0.61242E+00    0.18334E+03
    0.62479E+00    0.17543E+03
    0.63741E+00    0.16784E+03
    0.65029E+00    0.16056E+03
    0.66342E+00    0.15358E+03
    0.67683E+00    0.14690E+03
    0.69050E+00    0.14048E+03
    0.70445E+00    0.13434E+03
    0.71868E+00    0.12845E+03
    0.73320E+00    0.12280E+03
    0.74801E+00    0.11739E+03
    0.76312E+00    0.11221E+03
    0.77854E+00    0.10724E+03
    0.79426E+00    0.10249E+03
    0.81031E+00    0.97941E+02
    0.82668E+00    0.93584E+02
    0.84338E+00    0.89414E+02
    0.86041E+00    0.85423E+02
    0.87780E+00    0.81603E+02
    0.89553E+00    0.77948E+02
    0.91362E+00    0.74451E+02
    0.93208E+00    0.71105E+02
    0.95091E+00    0.67904E+02
    0.97011E+00    0.64841E+02
    0.98971E+00    0.61912E+02
    0.10097E+01    0.59110E+02
    0.10301E+01    0.56431E+02
    0.10509E+01    0.53869E+02
    0.10721E+01    0.51419E+02
    0.10938E+01    0.49077E+02
    0.11159E+01    0.46838E+02
    0.11384E+01    0.44698E+02
    0.11614E+01    0.42652E+02
    0.11849E+01    0.40697E+02
    0.12088E+01    0.38829E+02
    0.12333E+01    0.37044E+02
    0.12582E+01    0.35338E+02
    0.12836E+01    0.33709E+02
    0.13095E+01    0.32152E+02
    0.13360E+01    0.30665E+02
    0.13630E+01    0.29245E+02
    0.13905E+01    0.27889E+02
    0.14186E+01    0.26594E+02
    0.14472E+01    0.25357E+02
    0.14765E+01    0.24176E+02
    0.15063E+01    0.23049E+02
    0.15367E+01    0.21973E+02
    0.15678E+01    0.20946E+02
    0.15994E+01    0.19965E+02
    0.16318E+01    0.19029E+02
    0.16647E+01    0.18136E+02
    0.16984E+01    0.17284E+02
    0.17327E+01    0.16470E+02
    0.17677E+01    0.15694E+02
    0.18034E+01    0.14954E+02
    0.18398E+01    0.14248E+02
    0.18770E+01    0.13574E+02
    0.19149E+01    0.12931E+02
    0.19536E+01    0.12318E+02
    0.19930E+01    0.11734E+02
    0.20333E+01    0.11176E+02
    0.20744E+01    0.10645E+02
    0.21163E+01    0.10138E+02
    0.21590E+01    0.96544E+01
    0.22026E+01    0.91936E+01
    0.22471E+01    0.87543E+01
    0.22925E+01    0.83356E+01
    0.23388E+01    0.79364E+01
    0.23861E+01    0.75560E+01
    0.24343E+01    0.71934E+01
    0.24835E+01    0.68478E+01
    0.25336E+01    0.65185E+01
    0.25848E+01    0.62047E+01
    0.26370E+01    0.59057E+01
    0.26903E+01    0.56208E+01
    0.27447E+01    0.53494E+01
    0.28001E+01    0.50909E+01
    0.28567E+01    0.48446E+01
    0.29144E+01    0.46099E+01
    0.29733E+01    0.43865E+01
    0.30333E+01    0.41736E+01
    0.30946E+01    0.39709E+01
    0.31571E+01    0.37778E+01
    0.32209E+01    0.35940E+01
    0.32860E+01    0.34190E+01
    0.33523E+01    0.32523E+01
    0.34201E+01    0.30936E+01
    0.34892E+01    0.29425E+01
    0.35596E+01    0.27986E+01
    0.36316E+01    0.26617E+01
    0.37049E+01    0.25314E+01
    0.37798E+01    0.24073E+01
    0.38561E+01    0.22892E+01
    0.39340E+01    0.21768E+01
    0.40135E+01    0.20698E+01
    0.40946E+01    0.19680E+01
    0.41773E+01    0.18712E+01
    0.42617E+01    0.17790E+01
    0.43478E+01    0.16913E+01
    0.44356E+01    0.16078E+01
    0.45252E+01    0.15284E+01
    0.46166E+01    0.14529E+01
    0.47099E+01    0.13810E+01
    0.48050E+01    0.13126E+01
    0.49021E+01    0.12476E+01
    0.50011E+01    0.11857E+01
    0.51021E+01    0.11269E+01
    0.52052E+01    0.10710E+01
    0.53104E+01    0.10177E+01
    0.54176E+01    0.96713E+00
    0.55271E+01    0.91900E+00
    0.56387E+01    0.87323E+00
    0.57526E+01    0.82970E+00
    0.58689E+01    0.78832E+00
    0.59874E+01    0.74897E+00
    0.61084E+01    0.71156E+00
    0.62318E+01    0.67599E+00
    0.63577E+01    0.64218E+00
    0.64861E+01    0.61003E+00
    0.66171E+01    0.57947E+00
    0.67508E+01    0.55043E+00
    0.68872E+01    0.52282E+00
    0.70263E+01    0.49658E+00
    0.71682E+01    0.47164E+00
    0.73130E+01    0.44793E+00
    0.74608E+01    0.42541E+00
    0.76115E+01    0.40400E+00
    0.77653E+01    0.38366E+00
    0.79221E+01    0.36433E+00
    0.80822E+01    0.34596E+00
    0.82454E+01    0.32851E+00
    0.84120E+01    0.31192E+00
    0.85819E+01    0.29617E+00
    0.87553E+01    0.28119E+00
    0.89322E+01    0.26696E+00
    0.91126E+01    0.25345E+00
    0.92967E+01    0.24061E+00
    0.94845E+01    0.22841E+00
    0.96761E+01    0.21682E+00
    0.98716E+01    0.20581E+00
    0.10071E+02    0.19536E+00
    0.10274E+02    0.18543E+00
    0.10482E+02    0.17601E+00
    0.10694E+02    0.16706E+00
    0.10910E+02    0.15857E+00
