#           k/h    P           
    0.10000E-03    0.58639E+03
    0.10202E-03    0.59776E+03
    0.10408E-03    0.60935E+03
    0.10618E-03    0.62116E+03
    0.10833E-03    0.63320E+03
    0.11052E-03    0.64547E+03
    0.11275E-03    0.65798E+03
    0.11503E-03    0.67074E+03
    0.11735E-03    0.68374E+03
    0.11972E-03    0.69699E+03
    0.12214E-03    0.71050E+03
    0.12461E-03    0.72427E+03
    0.12712E-03    0.73830E+03
    0.12969E-03    0.75261E+03
    0.13231E-03    0.76720E+03
    0.13499E-03    0.78206E+03
    0.13771E-03    0.79722E+03
    0.14049E-03    0.81266E+03
    0.14333E-03    0.82841E+03
    0.14623E-03    0.84446E+03
    0.14918E-03    0.86082E+03
    0.15220E-03    0.87749E+03
    0.15527E-03    0.89449E+03
    0.15841E-03    0.91182E+03
    0.16161E-03    0.92948E+03
    0.16487E-03    0.94748E+03
    0.16820E-03    0.96583E+03
    0.17160E-03    0.98453E+03
    0.17507E-03    0.10036E+04
    0.17860E-03    0.10230E+04
    0.18221E-03    0.10428E+04
    0.18589E-03    0.10630E+04
    0.18965E-03    0.10836E+04
    0.19348E-03    0.11046E+04
    0.19739E-03    0.11260E+04
    0.20138E-03    0.11477E+04
    0.20544E-03    0.11700E+04
    0.20959E-03    0.11926E+04
    0.21383E-03    0.12157E+04
    0.21815E-03    0.12392E+04
    0.22255E-03    0.12632E+04
    0.22705E-03    0.12876E+04
    0.23164E-03    0.13125E+04
    0.23632E-03    0.13379E+04
    0.24109E-03    0.13637E+04
    0.24596E-03    0.13901E+04
    0.25093E-03    0.14170E+04
    0.25600E-03    0.14444E+04
    0.26117E-03    0.14723E+04
    0.26645E-03    0.15007E+04
    0.27183E-03    0.15297E+04
    0.27732E-03    0.15593E+04
    0.28292E-03    0.15894E+04
    0.28864E-03    0.16201E+04
    0.29447E-03    0.16513E+04
    0.30042E-03    0.16832E+04
    0.30649E-03    0.17157E+04
    0.31268E-03    0.17488E+04
    0.31899E-03    0.17825E+04
    0.32544E-03    0.18169E+04
    0.33201E-03    0.18519E+04
    0.33872E-03    0.18876E+04
    0.34556E-03    0.19240E+04
    0.35254E-03    0.19611E+04
    0.35966E-03    0.19989E+04
    0.36693E-03    0.20374E+04
    0.37434E-03    0.20766E+04
    0.38190E-03    0.21166E+04
    0.38962E-03    0.21573E+04
    0.39749E-03    0.21988E+04
    0.40552E-03    0.22411E+04
    0.41371E-03    0.22842E+04
    0.42207E-03    0.23281E+04
    0.43060E-03    0.23728E+04
    0.43929E-03    0.24184E+04
    0.44817E-03    0.24648E+04
    0.45722E-03    0.25121E+04
    0.46646E-03    0.25603E+04
    0.47588E-03    0.26094E+04
    0.48550E-03    0.26594E+04
    0.49530E-03    0.27103E+04
    0.50531E-03    0.27622E+04
    0.51552E-03    0.28151E+04
    0.52593E-03    0.28690E+04
    0.53656E-03    0.29238E+04
    0.54739E-03    0.29797E+04
    0.55845E-03    0.30366E+04
    0.56973E-03    0.30946E+04
    0.58124E-03    0.31537E+04
    0.59299E-03    0.32138E+04
    0.60496E-03    0.32751E+04
    0.61719E-03    0.33375E+04
    0.62965E-03    0.34010E+04
    0.64237E-03    0.34657E+04
    0.65535E-03    0.35316E+04
    0.66859E-03    0.35987E+04
    0.68210E-03    0.36671E+04
    0.69588E-03    0.37367E+04
    0.70993E-03    0.38075E+04
    0.72427E-03    0.38797E+04
    0.73891E-03    0.39531E+04
    0.75383E-03    0.40279E+04
    0.76906E-03    0.41040E+04
    0.78460E-03    0.41816E+04
    0.80045E-03    0.42605E+04
    0.81662E-03    0.43408E+04
    0.83311E-03    0.44226E+04
    0.84994E-03    0.45058E+04
    0.86711E-03    0.45905E+04
    0.88463E-03    0.46767E+04
    0.90250E-03    0.47645E+04
    0.92073E-03    0.48538E+04
    0.93933E-03    0.49447E+04
    0.95831E-03    0.50372E+04
    0.97767E-03    0.51313E+04
    0.99742E-03    0.52271E+04
    0.10176E-02    0.53245E+04
    0.10381E-02    0.54236E+04
    0.10591E-02    0.55245E+04
    0.10805E-02    0.56271E+04
    0.11023E-02    0.57315E+04
    0.11246E-02    0.58376E+04
    0.11473E-02    0.59456E+04
    0.11705E-02    0.60554E+04
    0.11941E-02    0.61671E+04
    0.12182E-02    0.62807E+04
    0.12429E-02    0.63962E+04
    0.12680E-02    0.65136E+04
    0.12936E-02    0.66330E+04
    0.13197E-02    0.67544E+04
    0.13464E-02    0.68778E+04
    0.13736E-02    0.70032E+04
    0.14013E-02    0.71307E+04
    0.14296E-02    0.72603E+04
    0.14585E-02    0.73919E+04
    0.14880E-02    0.75257E+04
    0.15180E-02    0.76617E+04
    0.15487E-02    0.77998E+04
    0.15800E-02    0.79402E+04
    0.16119E-02    0.80827E+04
    0.16445E-02    0.82275E+04
    0.16777E-02    0.83745E+04
    0.17116E-02    0.85238E+04
    0.17462E-02    0.86755E+04
    0.17814E-02    0.88294E+04
    0.18174E-02    0.89857E+04
    0.18541E-02    0.91443E+04
    0.18916E-02    0.93054E+04
    0.19298E-02    0.94688E+04
    0.19688E-02    0.96346E+04
    0.20086E-02    0.98028E+04
    0.20491E-02    0.99735E+04
    0.20905E-02    0.10147E+05
    0.21328E-02    0.10322E+05
    0.21758E-02    0.10500E+05
    0.22198E-02    0.10681E+05
    0.22646E-02    0.10864E+05
    0.23104E-02    0.11050E+05
    0.23571E-02    0.11238E+05
    0.24047E-02    0.11428E+05
    0.24533E-02    0.11621E+05
    0.25028E-02    0.11817E+05
    0.25534E-02    0.12015E+05
    0.26050E-02    0.12216E+05
    0.26576E-02    0.12419E+05
    0.27113E-02    0.12625E+05
    0.27660E-02    0.12833E+05
    0.28219E-02    0.13044E+05
    0.28789E-02    0.13257E+05
    0.29371E-02    0.13473E+05
    0.29964E-02    0.13691E+05
    0.30569E-02    0.13912E+05
    0.31187E-02    0.14135E+05
    0.31817E-02    0.14361E+05
    0.32460E-02    0.14589E+05
    0.33115E-02    0.14819E+05
    0.33784E-02    0.15052E+05
    0.34467E-02    0.15287E+05
    0.35163E-02    0.15525E+05
    0.35874E-02    0.15765E+05
    0.36598E-02    0.16007E+05
    0.37338E-02    0.16251E+05
    0.38092E-02    0.16497E+05
    0.38861E-02    0.16746E+05
    0.39646E-02    0.16996E+05
    0.40447E-02    0.17248E+05
    0.41264E-02    0.17503E+05
    0.42098E-02    0.17759E+05
    0.42948E-02    0.18017E+05
    0.43816E-02    0.18277E+05
    0.44701E-02    0.18539E+05
    0.45604E-02    0.18802E+05
    0.46525E-02    0.19067E+05
    0.47465E-02    0.19333E+05
    0.48424E-02    0.19601E+05
    0.49402E-02    0.19869E+05
    0.50400E-02    0.20139E+05
    0.51419E-02    0.20410E+05
    0.52457E-02    0.20683E+05
    0.53517E-02    0.20955E+05
    0.54598E-02    0.21229E+05
    0.55701E-02    0.21503E+05
    0.56826E-02    0.21778E+05
    0.57974E-02    0.22053E+05
    0.59145E-02    0.22329E+05
    0.60340E-02    0.22604E+05
    0.61559E-02    0.22880E+05
    0.62803E-02    0.23155E+05
    0.64072E-02    0.23430E+05
    0.65366E-02    0.23704E+05
    0.66686E-02    0.23977E+05
    0.68033E-02    0.24250E+05
    0.69408E-02    0.24522E+05
    0.70810E-02    0.24792E+05
    0.72240E-02    0.25061E+05
    0.73700E-02    0.25329E+05
    0.75189E-02    0.25594E+05
    0.76708E-02    0.25858E+05
    0.78257E-02    0.26119E+05
    0.79838E-02    0.26377E+05
    0.81451E-02    0.26633E+05
    0.83096E-02    0.26886E+05
    0.84775E-02    0.27136E+05
    0.86488E-02    0.27382E+05
    0.88235E-02    0.27624E+05
    0.90017E-02    0.27863E+05
    0.91836E-02    0.28097E+05
    0.93691E-02    0.28327E+05
    0.95583E-02    0.28551E+05
    0.97514E-02    0.28771E+05
    0.99484E-02    0.28985E+05
    0.10149E-01    0.29194E+05
    0.10354E-01    0.29396E+05
    0.10564E-01    0.29592E+05
    0.10777E-01    0.29781E+05
    0.10995E-01    0.29964E+05
    0.11217E-01    0.30138E+05
    0.11443E-01    0.30306E+05
    0.11675E-01    0.30465E+05
    0.11910E-01    0.30616E+05
    0.12151E-01    0.30758E+05
    0.12397E-01    0.30891E+05
    0.12647E-01    0.31015E+05
    0.12902E-01    0.31129E+05
    0.13163E-01    0.31233E+05
    0.13429E-01    0.31327E+05
    0.13700E-01    0.31410E+05
    0.13977E-01    0.31481E+05
    0.14259E-01    0.31541E+05
    0.14547E-01    0.31590E+05
    0.14841E-01    0.31626E+05
    0.15141E-01    0.31650E+05
    0.15447E-01    0.31662E+05
    0.15759E-01    0.31660E+05
    0.16077E-01    0.31645E+05
    0.16402E-01    0.31617E+05
    0.16734E-01    0.31574E+05
    0.17072E-01    0.31518E+05
    0.17416E-01    0.31448E+05
    0.17768E-01    0.31363E+05
    0.18127E-01    0.31264E+05
    0.18493E-01    0.31150E+05
    0.18867E-01    0.31021E+05
    0.19248E-01    0.30877E+05
    0.19637E-01    0.30719E+05
    0.20034E-01    0.30546E+05
    0.20438E-01    0.30358E+05
    0.20851E-01    0.30155E+05
    0.21272E-01    0.29938E+05
    0.21702E-01    0.29706E+05
    0.22141E-01    0.29460E+05
    0.22588E-01    0.29200E+05
    0.23044E-01    0.28927E+05
    0.23510E-01    0.28641E+05
    0.23985E-01    0.28341E+05
    0.24469E-01    0.28030E+05
    0.24964E-01    0.27707E+05
    0.25468E-01    0.27373E+05
    0.25982E-01    0.27029E+05
    0.26507E-01    0.26674E+05
    0.27043E-01    0.26311E+05
    0.27589E-01    0.25940E+05
    0.28146E-01    0.25562E+05
    0.28715E-01    0.25177E+05
    0.29295E-01    0.24787E+05
    0.29887E-01    0.24393E+05
    0.30490E-01    0.23995E+05
    0.31106E-01    0.23596E+05
    0.31735E-01    0.23194E+05
    0.32376E-01    0.22793E+05
    0.33030E-01    0.22393E+05
    0.33697E-01    0.21995E+05
    0.34378E-01    0.21600E+05
    0.35072E-01    0.21209E+05
    0.35781E-01    0.20825E+05
    0.36504E-01    0.20446E+05
    0.37241E-01    0.20075E+05
    0.37993E-01    0.19712E+05
    0.38761E-01    0.19356E+05
    0.39544E-01    0.19009E+05
    0.40343E-01    0.18671E+05
    0.41158E-01    0.18344E+05
    0.41989E-01    0.18028E+05
    0.42838E-01    0.17725E+05
    0.43703E-01    0.17436E+05
    0.44586E-01    0.17160E+05
    0.45486E-01    0.16896E+05
    0.46405E-01    0.16644E+05
    0.47343E-01    0.16401E+05
    0.48299E-01    0.16168E+05
    0.49275E-01    0.15942E+05
    0.50270E-01    0.15723E+05
    0.51286E-01    0.15510E+05
    0.52322E-01    0.15303E+05
    0.53379E-01    0.15100E+05
    0.54457E-01    0.14900E+05
    0.55557E-01    0.14700E+05
    0.56680E-01    0.14501E+05
    0.57825E-01    0.14299E+05
    0.58993E-01    0.14092E+05
    0.60184E-01    0.13878E+05
    0.61400E-01    0.13655E+05
    0.62641E-01    0.13422E+05
    0.63906E-01    0.13177E+05
    0.65197E-01    0.12920E+05
    0.66514E-01    0.12648E+05
    0.67858E-01    0.12363E+05
    0.69229E-01    0.12064E+05
    0.70627E-01    0.11753E+05
    0.72054E-01    0.11431E+05
    0.73510E-01    0.11099E+05
    0.74994E-01    0.10761E+05
    0.76509E-01    0.10419E+05
    0.78055E-01    0.10075E+05
    0.79632E-01    0.97319E+04
    0.81241E-01    0.93934E+04
    0.82882E-01    0.90619E+04
    0.84556E-01    0.87402E+04
    0.86264E-01    0.84314E+04
    0.88007E-01    0.81382E+04
    0.89785E-01    0.78631E+04
    0.91598E-01    0.76081E+04
    0.93449E-01    0.73750E+04
    0.95337E-01    0.71643E+04
    0.97263E-01    0.69755E+04
    0.99227E-01    0.68078E+04
    0.10123E+00    0.66583E+04
    0.10328E+00    0.65239E+04
    0.10536E+00    0.64009E+04
    0.10749E+00    0.62848E+04
    0.10966E+00    0.61717E+04
    0.11188E+00    0.60573E+04
    0.11414E+00    0.59380E+04
    0.11644E+00    0.58107E+04
    0.11880E+00    0.56725E+04
    0.12120E+00    0.55221E+04
    0.12365E+00    0.53587E+04
    0.12614E+00    0.51829E+04
    0.12869E+00    0.49966E+04
    0.13129E+00    0.48029E+04
    0.13394E+00    0.46057E+04
    0.13665E+00    0.44095E+04
    0.13941E+00    0.42189E+04
    0.14223E+00    0.40385E+04
    0.14510E+00    0.38720E+04
    0.14803E+00    0.37226E+04
    0.15102E+00    0.35913E+04
    0.15407E+00    0.34779E+04
    0.15718E+00    0.33803E+04
    0.16036E+00    0.32952E+04
    0.16360E+00    0.32186E+04
    0.16690E+00    0.31461E+04
    0.17028E+00    0.30733E+04
    0.17371E+00    0.29960E+04
    0.17722E+00    0.29109E+04
    0.18080E+00    0.28164E+04
    0.18446E+00    0.27130E+04
    0.18818E+00    0.26033E+04
    0.19198E+00    0.24909E+04
    0.19586E+00    0.23801E+04
    0.19982E+00    0.22745E+04
    0.20386E+00    0.21776E+04
    0.20797E+00    0.20915E+04
    0.21218E+00    0.20170E+04
    0.21646E+00    0.19526E+04
    0.22083E+00    0.18955E+04
    0.22530E+00    0.18422E+04
    0.22985E+00    0.17893E+04
    0.23449E+00    0.17338E+04
    0.23923E+00    0.16736E+04
    0.24406E+00    0.16089E+04
    0.24899E+00    0.15416E+04
    0.25402E+00    0.14746E+04
    0.25915E+00    0.14106E+04
    0.26439E+00    0.13515E+04
    0.26973E+00    0.12987E+04
    0.27518E+00    0.12521E+04
    0.28074E+00    0.12100E+04
    0.28641E+00    0.11699E+04
    0.29219E+00    0.11297E+04
    0.29810E+00    0.10883E+04
    0.30412E+00    0.10454E+04
    0.31026E+00    0.10016E+04
    0.31653E+00    0.95892E+03
    0.32292E+00    0.91883E+03
    0.32945E+00    0.88206E+03
    0.33610E+00    0.84838E+03
    0.34289E+00    0.81705E+03
    0.34982E+00    0.78682E+03
    0.35689E+00    0.75661E+03
    0.36409E+00    0.72618E+03
    0.37145E+00    0.69601E+03
    0.37895E+00    0.66680E+03
    0.38661E+00    0.63926E+03
    0.39442E+00    0.61359E+03
    0.40239E+00    0.58942E+03
    0.41052E+00    0.56620E+03
    0.41881E+00    0.54345E+03
    0.42727E+00    0.52104E+03
    0.43590E+00    0.49924E+03
    0.44471E+00    0.47837E+03
    0.45369E+00    0.45861E+03
    0.46286E+00    0.43987E+03
    0.47221E+00    0.42185E+03
    0.48174E+00    0.40440E+03
    0.49148E+00    0.38742E+03
    0.50141E+00    0.37108E+03
    0.51153E+00    0.35546E+03
    0.52187E+00    0.34057E+03
    0.53241E+00    0.32629E+03
    0.54317E+00    0.31252E+03
    0.55414E+00    0.29927E+03
    0.56533E+00    0.28654E+03
    0.57675E+00    0.27431E+03
    0.58840E+00    0.26258E+03
    0.60029E+00    0.25132E+03
    0.61242E+00    0.24053E+03
    0.62479E+00    0.23018E+03
    0.63741E+00    0.22026E+03
    0.65029E+00    0.21074E+03
    0.66342E+00    0.20162E+03
    0.67683E+00    0.19287E+03
    0.69050E+00    0.18449E+03
    0.70445E+00    0.17644E+03
    0.71868E+00    0.16874E+03
    0.73320E+00    0.16135E+03
    0.74801E+00    0.15427E+03
    0.76312E+00    0.14748E+03
    0.77854E+00    0.14098E+03
    0.79426E+00    0.13475E+03
    0.81031E+00    0.12878E+03
    0.82668E+00    0.12307E+03
    0.84338E+00    0.11760E+03
    0.86041E+00    0.11236E+03
    0.87780E+00    0.10735E+03
    0.89553E+00    0.10255E+03
    0.91362E+00    0.97954E+02
    0.93208E+00    0.93558E+02
    0.95091E+00    0.89351E+02
    0.97011E+00    0.85326E+02
    0.98971E+00    0.81476E+02
    0.10097E+01    0.77793E+02
    0.10301E+01    0.74270E+02
    0.10509E+01    0.70900E+02
    0.10721E+01    0.67678E+02
    0.10938E+01    0.64597E+02
    0.11159E+01    0.61651E+02
    0.11384E+01    0.58834E+02
    0.11614E+01    0.56142E+02
    0.11849E+01    0.53569E+02
    0.12088E+01    0.51110E+02
    0.12333E+01    0.48759E+02
    0.12582E+01    0.46513E+02
    0.12836E+01    0.44368E+02
    0.13095E+01    0.42318E+02
    0.13360E+01    0.40360E+02
    0.13630E+01    0.38489E+02
    0.13905E+01    0.36702E+02
    0.14186E+01    0.34996E+02
    0.14472E+01    0.33367E+02
    0.14765E+01    0.31811E+02
    0.15063E+01    0.30326E+02
    0.15367E+01    0.28908E+02
    0.15678E+01    0.27554E+02
    0.15994E+01    0.26262E+02
    0.16318E+01    0.25029E+02
    0.16647E+01    0.23852E+02
    0.16984E+01    0.22729E+02
    0.17327E+01    0.21657E+02
    0.17677E+01    0.20635E+02
    0.18034E+01    0.19659E+02
    0.18398E+01    0.18729E+02
    0.18770E+01    0.17841E+02
    0.19149E+01    0.16994E+02
    0.19536E+01    0.16187E+02
    0.19930E+01    0.15416E+02
    0.20333E+01    0.14682E+02
    0.20744E+01    0.13982E+02
    0.21163E+01    0.13314E+02
    0.21590E+01    0.12677E+02
    0.22026E+01    0.12071E+02
    0.22471E+01    0.11492E+02
    0.22925E+01    0.10941E+02
    0.23388E+01    0.10415E+02
    0.23861E+01    0.99141E+01
    0.24343E+01    0.94368E+01
    0.24835E+01    0.89819E+01
    0.25336E+01    0.85484E+01
    0.25848E+01    0.81354E+01
    0.26370E+01    0.77420E+01
    0.26903E+01    0.73671E+01
    0.27447E+01    0.70100E+01
    0.28001E+01    0.66699E+01
    0.28567E+01    0.63459E+01
    0.29144E+01    0.60374E+01
    0.29733E+01    0.57435E+01
    0.30333E+01    0.54637E+01
    0.30946E+01    0.51972E+01
    0.31571E+01    0.49434E+01
    0.32209E+01    0.47019E+01
    0.32860E+01    0.44718E+01
    0.33523E+01    0.42529E+01
    0.34201E+01    0.40444E+01
    0.34892E+01    0.38460E+01
    0.35596E+01    0.36571E+01
    0.36316E+01    0.34774E+01
    0.37049E+01    0.33063E+01
    0.37798E+01    0.31435E+01
    0.38561E+01    0.29885E+01
    0.39340E+01    0.28411E+01
    0.40135E+01    0.27008E+01
    0.40946E+01    0.25673E+01
    0.41773E+01    0.24403E+01
    0.42617E+01    0.23195E+01
    0.43478E+01    0.22045E+01
    0.44356E+01    0.20952E+01
    0.45252E+01    0.19912E+01
    0.46166E+01    0.18922E+01
    0.47099E+01    0.17981E+01
    0.48050E+01    0.17087E+01
    0.49021E+01    0.16236E+01
    0.50011E+01    0.15426E+01
    0.51021E+01    0.14657E+01
    0.52052E+01    0.13925E+01
    0.53104E+01    0.13229E+01
    0.54176E+01    0.12567E+01
    0.55271E+01    0.11939E+01
    0.56387E+01    0.11341E+01
    0.57526E+01    0.10772E+01
    0.58689E+01    0.10232E+01
    0.59874E+01    0.97181E+00
    0.61084E+01    0.92299E+00
    0.62318E+01    0.87658E+00
    0.63577E+01    0.83248E+00
    0.64861E+01    0.79056E+00
    0.66171E+01    0.75072E+00
    0.67508E+01    0.71286E+00
    0.68872E+01    0.67689E+00
    0.70263E+01    0.64271E+00
    0.71682E+01    0.61023E+00
    0.73130E+01    0.57937E+00
    0.74608E+01    0.55005E+00
    0.76115E+01    0.52220E+00
    0.77653E+01    0.49574E+00
    0.79221E+01    0.47060E+00
    0.80822E+01    0.44673E+00
    0.82454E+01    0.42405E+00
    0.84120E+01    0.40251E+00
    0.85819E+01    0.38204E+00
    0.87553E+01    0.36261E+00
    0.89322E+01    0.34415E+00
    0.91126E+01    0.32662E+00
    0.92967E+01    0.30996E+00
    0.94845E+01    0.29415E+00
    0.96761E+01    0.27913E+00
    0.98716E+01    0.26487E+00
    0.10071E+02    0.25132E+00
    0.10274E+02    0.23846E+00
    0.10482E+02    0.22626E+00
    0.10694E+02    0.21467E+00
    0.10910E+02    0.20367E+00
    0.11130E+02    0.19323E+00
    0.11355E+02    0.18333E+00
    0.11584E+02    0.17393E+00
