#           k/h    P           
    0.10000E-03    0.99938E+03
    0.10202E-03    0.10176E+04
    0.10408E-03    0.10362E+04
    0.10618E-03    0.10551E+04
    0.10833E-03    0.10744E+04
    0.11052E-03    0.10940E+04
    0.11275E-03    0.11140E+04
    0.11503E-03    0.11343E+04
    0.11735E-03    0.11550E+04
    0.11972E-03    0.11761E+04
    0.12214E-03    0.11975E+04
    0.12461E-03    0.12194E+04
    0.12712E-03    0.12417E+04
    0.12969E-03    0.12643E+04
    0.13231E-03    0.12874E+04
    0.13499E-03    0.13109E+04
    0.13771E-03    0.13348E+04
    0.14049E-03    0.13592E+04
    0.14333E-03    0.13840E+04
    0.14623E-03    0.14092E+04
    0.14918E-03    0.14349E+04
    0.15220E-03    0.14611E+04
    0.15527E-03    0.14877E+04
    0.15841E-03    0.15149E+04
    0.16161E-03    0.15425E+04
    0.16487E-03    0.15706E+04
    0.16820E-03    0.15993E+04
    0.17160E-03    0.16284E+04
    0.17507E-03    0.16581E+04
    0.17860E-03    0.16883E+04
    0.18221E-03    0.17191E+04
    0.18589E-03    0.17505E+04
    0.18965E-03    0.17824E+04
    0.19348E-03    0.18148E+04
    0.19739E-03    0.18479E+04
    0.20138E-03    0.18816E+04
    0.20544E-03    0.19159E+04
    0.20959E-03    0.19508E+04
    0.21383E-03    0.19863E+04
    0.21815E-03    0.20225E+04
    0.22255E-03    0.20593E+04
    0.22705E-03    0.20968E+04
    0.23164E-03    0.21350E+04
    0.23632E-03    0.21738E+04
    0.24109E-03    0.22134E+04
    0.24596E-03    0.22537E+04
    0.25093E-03    0.22947E+04
    0.25600E-03    0.23364E+04
    0.26117E-03    0.23789E+04
    0.26645E-03    0.24221E+04
    0.27183E-03    0.24662E+04
    0.27732E-03    0.25110E+04
    0.28292E-03    0.25566E+04
    0.28864E-03    0.26031E+04
    0.29447E-03    0.26504E+04
    0.30042E-03    0.26985E+04
    0.30649E-03    0.27475E+04
    0.31268E-03    0.27974E+04
    0.31899E-03    0.28482E+04
    0.32544E-03    0.28998E+04
    0.33201E-03    0.29525E+04
    0.33872E-03    0.30060E+04
    0.34556E-03    0.30605E+04
    0.35254E-03    0.31160E+04
    0.35966E-03    0.31724E+04
    0.36693E-03    0.32299E+04
    0.37434E-03    0.32884E+04
    0.38190E-03    0.33479E+04
    0.38962E-03    0.34085E+04
    0.39749E-03    0.34701E+04
    0.40552E-03    0.35329E+04
    0.41371E-03    0.35967E+04
    0.42207E-03    0.36617E+04
    0.43060E-03    0.37278E+04
    0.43929E-03    0.37951E+04
    0.44817E-03    0.38636E+04
    0.45722E-03    0.39333E+04
    0.46646E-03    0.40042E+04
    0.47588E-03    0.40764E+04
    0.48550E-03    0.41498E+04
    0.49530E-03    0.42245E+04
    0.50531E-03    0.43005E+04
    0.51552E-03    0.43778E+04
    0.52593E-03    0.44565E+04
    0.53656E-03    0.45366E+04
    0.54739E-03    0.46180E+04
    0.55845E-03    0.47008E+04
    0.56973E-03    0.47851E+04
    0.58124E-03    0.48709E+04
    0.59299E-03    0.49581E+04
    0.60496E-03    0.50468E+04
    0.61719E-03    0.51370E+04
    0.62965E-03    0.52288E+04
    0.64237E-03    0.53222E+04
    0.65535E-03    0.54171E+04
    0.66859E-03    0.55137E+04
    0.68210E-03    0.56119E+04
    0.69588E-03    0.57118E+04
    0.70993E-03    0.58134E+04
    0.72427E-03    0.59166E+04
    0.73891E-03    0.60217E+04
    0.75383E-03    0.61284E+04
    0.76906E-03    0.62370E+04
    0.78460E-03    0.63474E+04
    0.80045E-03    0.64597E+04
    0.81662E-03    0.65738E+04
    0.83311E-03    0.66898E+04
    0.84994E-03    0.68077E+04
    0.86711E-03    0.69275E+04
    0.88463E-03    0.70493E+04
    0.90250E-03    0.71732E+04
    0.92073E-03    0.72990E+04
    0.93933E-03    0.74269E+04
    0.95831E-03    0.75569E+04
    0.97767E-03    0.76890E+04
    0.99742E-03    0.78232E+04
    0.10176E-02    0.79595E+04
    0.10381E-02    0.80980E+04
    0.10591E-02    0.82387E+04
    0.10805E-02    0.83815E+04
    0.11023E-02    0.85266E+04
    0.11246E-02    0.86740E+04
    0.11473E-02    0.88236E+04
    0.11705E-02    0.89754E+04
    0.11941E-02    0.91296E+04
    0.12182E-02    0.92862E+04
    0.12429E-02    0.94451E+04
    0.12680E-02    0.96063E+04
    0.12936E-02    0.97700E+04
    0.13197E-02    0.99361E+04
    0.13464E-02    0.10105E+05
    0.13736E-02    0.10276E+05
    0.14013E-02    0.10449E+05
    0.14296E-02    0.10625E+05
    0.14585E-02    0.10804E+05
    0.14880E-02    0.10985E+05
    0.15180E-02    0.11168E+05
    0.15487E-02    0.11355E+05
    0.15800E-02    0.11543E+05
    0.16119E-02    0.11735E+05
    0.16445E-02    0.11929E+05
    0.16777E-02    0.12126E+05
    0.17116E-02    0.12325E+05
    0.17462E-02    0.12527E+05
    0.17814E-02    0.12732E+05
    0.18174E-02    0.12939E+05
    0.18541E-02    0.13149E+05
    0.18916E-02    0.13362E+05
    0.19298E-02    0.13577E+05
    0.19688E-02    0.13796E+05
    0.20086E-02    0.14017E+05
    0.20491E-02    0.14240E+05
    0.20905E-02    0.14467E+05
    0.21328E-02    0.14696E+05
    0.21758E-02    0.14928E+05
    0.22198E-02    0.15162E+05
    0.22646E-02    0.15399E+05
    0.23104E-02    0.15639E+05
    0.23571E-02    0.15882E+05
    0.24047E-02    0.16127E+05
    0.24533E-02    0.16375E+05
    0.25028E-02    0.16626E+05
    0.25534E-02    0.16879E+05
    0.26050E-02    0.17135E+05
    0.26576E-02    0.17394E+05
    0.27113E-02    0.17655E+05
    0.27660E-02    0.17919E+05
    0.28219E-02    0.18185E+05
    0.28789E-02    0.18454E+05
    0.29371E-02    0.18725E+05
    0.29964E-02    0.18999E+05
    0.30569E-02    0.19275E+05
    0.31187E-02    0.19553E+05
    0.31817E-02    0.19834E+05
    0.32460E-02    0.20117E+05
    0.33115E-02    0.20402E+05
    0.33784E-02    0.20689E+05
    0.34467E-02    0.20979E+05
    0.35163E-02    0.21271E+05
    0.35874E-02    0.21565E+05
    0.36598E-02    0.21860E+05
    0.37338E-02    0.22157E+05
    0.38092E-02    0.22455E+05
    0.38861E-02    0.22755E+05
    0.39646E-02    0.23056E+05
    0.40447E-02    0.23361E+05
    0.41264E-02    0.23668E+05
    0.42098E-02    0.23978E+05
    0.42948E-02    0.24291E+05
    0.43816E-02    0.24602E+05
    0.44701E-02    0.24912E+05
    0.45604E-02    0.25216E+05
    0.46525E-02    0.25513E+05
    0.47465E-02    0.25804E+05
    0.48424E-02    0.26092E+05
    0.49402E-02    0.26381E+05
    0.50400E-02    0.26674E+05
    0.51419E-02    0.26975E+05
    0.52457E-02    0.27282E+05
    0.53517E-02    0.27594E+05
    0.54598E-02    0.27908E+05
    0.55701E-02    0.28223E+05
    0.56826E-02    0.28534E+05
    0.57974E-02    0.28843E+05
    0.59145E-02    0.29150E+05
    0.60340E-02    0.29454E+05
    0.61559E-02    0.29757E+05
    0.62803E-02    0.30059E+05
    0.64072E-02    0.30359E+05
    0.65366E-02    0.30658E+05
    0.66686E-02    0.30955E+05
    0.68033E-02    0.31249E+05
    0.69408E-02    0.31540E+05
    0.70810E-02    0.31829E+05
    0.72240E-02    0.32114E+05
    0.73700E-02    0.32395E+05
    0.75189E-02    0.32673E+05
    0.76708E-02    0.32947E+05
    0.78257E-02    0.33217E+05
    0.79838E-02    0.33483E+05
    0.81451E-02    0.33744E+05
    0.83096E-02    0.34000E+05
    0.84775E-02    0.34251E+05
    0.86488E-02    0.34497E+05
    0.88235E-02    0.34738E+05
    0.90017E-02    0.34972E+05
    0.91836E-02    0.35201E+05
    0.93691E-02    0.35424E+05
    0.95583E-02    0.35640E+05
    0.97514E-02    0.35850E+05
    0.99484E-02    0.36053E+05
    0.10149E-01    0.36248E+05
    0.10354E-01    0.36435E+05
    0.10564E-01    0.36614E+05
    0.10777E-01    0.36784E+05
    0.10995E-01    0.36946E+05
    0.11217E-01    0.37098E+05
    0.11443E-01    0.37241E+05
    0.11675E-01    0.37373E+05
    0.11910E-01    0.37495E+05
    0.12151E-01    0.37606E+05
    0.12397E-01    0.37706E+05
    0.12647E-01    0.37793E+05
    0.12902E-01    0.37869E+05
    0.13163E-01    0.37932E+05
    0.13429E-01    0.37981E+05
    0.13700E-01    0.38017E+05
    0.13977E-01    0.38038E+05
    0.14259E-01    0.38045E+05
    0.14547E-01    0.38037E+05
    0.14841E-01    0.38014E+05
    0.15141E-01    0.37974E+05
    0.15447E-01    0.37919E+05
    0.15759E-01    0.37846E+05
    0.16077E-01    0.37758E+05
    0.16402E-01    0.37651E+05
    0.16734E-01    0.37528E+05
    0.17072E-01    0.37387E+05
    0.17416E-01    0.37228E+05
    0.17768E-01    0.37051E+05
    0.18127E-01    0.36855E+05
    0.18493E-01    0.36642E+05
    0.18867E-01    0.36410E+05
    0.19248E-01    0.36160E+05
    0.19637E-01    0.35893E+05
    0.20034E-01    0.35607E+05
    0.20438E-01    0.35303E+05
    0.20851E-01    0.34982E+05
    0.21272E-01    0.34644E+05
    0.21702E-01    0.34289E+05
    0.22141E-01    0.33917E+05
    0.22588E-01    0.33530E+05
    0.23044E-01    0.33128E+05
    0.23510E-01    0.32711E+05
    0.23985E-01    0.32280E+05
    0.24469E-01    0.31836E+05
    0.24964E-01    0.31381E+05
    0.25468E-01    0.30914E+05
    0.25982E-01    0.30437E+05
    0.26507E-01    0.29952E+05
    0.27043E-01    0.29459E+05
    0.27589E-01    0.28960E+05
    0.28146E-01    0.28456E+05
    0.28715E-01    0.27947E+05
    0.29295E-01    0.27437E+05
    0.29887E-01    0.26925E+05
    0.30490E-01    0.26413E+05
    0.31106E-01    0.25903E+05
    0.31735E-01    0.25395E+05
    0.32376E-01    0.24893E+05
    0.33030E-01    0.24396E+05
    0.33697E-01    0.23906E+05
    0.34378E-01    0.23425E+05
    0.35072E-01    0.22954E+05
    0.35781E-01    0.22492E+05
    0.36504E-01    0.22041E+05
    0.37241E-01    0.21601E+05
    0.37993E-01    0.21173E+05
    0.38761E-01    0.20758E+05
    0.39544E-01    0.20357E+05
    0.40343E-01    0.19972E+05
    0.41158E-01    0.19604E+05
    0.41989E-01    0.19254E+05
    0.42838E-01    0.18920E+05
    0.43703E-01    0.18600E+05
    0.44586E-01    0.18294E+05
    0.45486E-01    0.18000E+05
    0.46405E-01    0.17716E+05
    0.47343E-01    0.17442E+05
    0.48299E-01    0.17178E+05
    0.49275E-01    0.16923E+05
    0.50270E-01    0.16674E+05
    0.51286E-01    0.16431E+05
    0.52322E-01    0.16190E+05
    0.53379E-01    0.15951E+05
    0.54457E-01    0.15710E+05
    0.55557E-01    0.15467E+05
    0.56680E-01    0.15218E+05
    0.57825E-01    0.14961E+05
    0.58993E-01    0.14695E+05
    0.60184E-01    0.14418E+05
    0.61400E-01    0.14129E+05
    0.62641E-01    0.13826E+05
    0.63906E-01    0.13509E+05
    0.65197E-01    0.13179E+05
    0.66514E-01    0.12836E+05
    0.67858E-01    0.12481E+05
    0.69229E-01    0.12117E+05
    0.70627E-01    0.11744E+05
    0.72054E-01    0.11367E+05
    0.73510E-01    0.10987E+05
    0.74994E-01    0.10609E+05
    0.76509E-01    0.10235E+05
    0.78055E-01    0.98676E+04
    0.79632E-01    0.95113E+04
    0.81241E-01    0.91689E+04
    0.82882E-01    0.88438E+04
    0.84556E-01    0.85385E+04
    0.86264E-01    0.82554E+04
    0.88007E-01    0.79966E+04
    0.89785E-01    0.77632E+04
    0.91598E-01    0.75547E+04
    0.93449E-01    0.73705E+04
    0.95337E-01    0.72082E+04
    0.97263E-01    0.70647E+04
    0.99227E-01    0.69366E+04
    0.10123E+00    0.68194E+04
    0.10328E+00    0.67090E+04
    0.10536E+00    0.66008E+04
    0.10749E+00    0.64907E+04
    0.10966E+00    0.63748E+04
    0.11188E+00    0.62494E+04
    0.11414E+00    0.61121E+04
    0.11644E+00    0.59613E+04
    0.11880E+00    0.57967E+04
    0.12120E+00    0.56198E+04
    0.12365E+00    0.54331E+04
    0.12614E+00    0.52404E+04
    0.12869E+00    0.50461E+04
    0.13129E+00    0.48551E+04
    0.13394E+00    0.46721E+04
    0.13665E+00    0.45015E+04
    0.13941E+00    0.43470E+04
    0.14223E+00    0.42110E+04
    0.14510E+00    0.40945E+04
    0.14803E+00    0.39960E+04
    0.15102E+00    0.39131E+04
    0.15407E+00    0.38418E+04
    0.15718E+00    0.37776E+04
    0.16036E+00    0.37158E+04
    0.16360E+00    0.36518E+04
    0.16690E+00    0.35815E+04
    0.17028E+00    0.35019E+04
    0.17371E+00    0.34122E+04
    0.17722E+00    0.33137E+04
    0.18080E+00    0.32094E+04
    0.18446E+00    0.31034E+04
    0.18818E+00    0.30003E+04
    0.19198E+00    0.29040E+04
    0.19586E+00    0.28176E+04
    0.19982E+00    0.27427E+04
    0.20386E+00    0.26790E+04
    0.20797E+00    0.26245E+04
    0.21218E+00    0.25761E+04
    0.21646E+00    0.25303E+04
    0.22083E+00    0.24832E+04
    0.22530E+00    0.24318E+04
    0.22985E+00    0.23749E+04
    0.23449E+00    0.23136E+04
    0.23923E+00    0.22505E+04
    0.24406E+00    0.21882E+04
    0.24899E+00    0.21293E+04
    0.25402E+00    0.20760E+04
    0.25915E+00    0.20292E+04
    0.26439E+00    0.19878E+04
    0.26973E+00    0.19496E+04
    0.27518E+00    0.19125E+04
    0.28074E+00    0.18744E+04
    0.28641E+00    0.18344E+04
    0.29219E+00    0.17925E+04
    0.29810E+00    0.17504E+04
    0.30412E+00    0.17096E+04
    0.31026E+00    0.16714E+04
    0.31653E+00    0.16364E+04
    0.32292E+00    0.16041E+04
    0.32945E+00    0.15734E+04
    0.33610E+00    0.15430E+04
    0.34289E+00    0.15123E+04
    0.34982E+00    0.14811E+04
    0.35689E+00    0.14502E+04
    0.36409E+00    0.14204E+04
    0.37145E+00    0.13921E+04
    0.37895E+00    0.13654E+04
    0.38661E+00    0.13397E+04
    0.39442E+00    0.13145E+04
    0.40239E+00    0.12896E+04
    0.41052E+00    0.12648E+04
    0.41881E+00    0.12406E+04
    0.42727E+00    0.12172E+04
    0.43590E+00    0.11947E+04
    0.44471E+00    0.11730E+04
    0.45369E+00    0.11516E+04
    0.46286E+00    0.11307E+04
    0.47221E+00    0.11101E+04
    0.48174E+00    0.10900E+04
    0.49148E+00    0.10705E+04
    0.50141E+00    0.10515E+04
    0.51153E+00    0.10329E+04
    0.52187E+00    0.10147E+04
    0.53241E+00    0.99682E+03
    0.54317E+00    0.97934E+03
    0.55414E+00    0.96223E+03
    0.56533E+00    0.94548E+03
    0.57675E+00    0.92907E+03
    0.58840E+00    0.91299E+03
    0.60029E+00    0.89723E+03
    0.61242E+00    0.88177E+03
    0.62479E+00    0.86660E+03
    0.63741E+00    0.85170E+03
    0.65029E+00    0.83707E+03
    0.66342E+00    0.82269E+03
    0.67683E+00    0.80855E+03
    0.69050E+00    0.79465E+03
    0.70445E+00    0.78097E+03
    0.71868E+00    0.76750E+03
    0.73320E+00    0.75423E+03
    0.74801E+00    0.74117E+03
    0.76312E+00    0.72829E+03
    0.77854E+00    0.71560E+03
    0.79426E+00    0.70308E+03
    0.81031E+00    0.69073E+03
    0.82668E+00    0.67854E+03
    0.84338E+00    0.66651E+03
    0.86041E+00    0.65463E+03
    0.87780E+00    0.64289E+03
    0.89553E+00    0.63130E+03
    0.91362E+00    0.61984E+03
    0.93208E+00    0.60852E+03
    0.95091E+00    0.59732E+03
    0.97011E+00    0.58625E+03
    0.98971E+00    0.57529E+03
    0.10097E+01    0.56445E+03
    0.10301E+01    0.55373E+03
    0.10509E+01    0.54312E+03
    0.10721E+01    0.53261E+03
    0.10938E+01    0.52221E+03
    0.11159E+01    0.51192E+03
    0.11384E+01    0.50173E+03
    0.11614E+01    0.49164E+03
    0.11849E+01    0.48166E+03
    0.12088E+01    0.47177E+03
    0.12333E+01    0.46199E+03
    0.12582E+01    0.45230E+03
    0.12836E+01    0.44271E+03
    0.13095E+01    0.43322E+03
    0.13360E+01    0.42383E+03
    0.13630E+01    0.41454E+03
    0.13905E+01    0.40534E+03
    0.14186E+01    0.39625E+03
    0.14472E+01    0.38727E+03
    0.14765E+01    0.37838E+03
    0.15063E+01    0.36960E+03
    0.15367E+01    0.36092E+03
    0.15678E+01    0.35234E+03
    0.15994E+01    0.34387E+03
    0.16318E+01    0.33551E+03
    0.16647E+01    0.32726E+03
    0.16984E+01    0.31912E+03
    0.17327E+01    0.31110E+03
    0.17677E+01    0.30319E+03
    0.18034E+01    0.29539E+03
    0.18398E+01    0.28771E+03
    0.18770E+01    0.28015E+03
    0.19149E+01    0.27271E+03
    0.19536E+01    0.26538E+03
    0.19930E+01    0.25818E+03
    0.20333E+01    0.25110E+03
    0.20744E+01    0.24414E+03
    0.21163E+01    0.23731E+03
    0.21590E+01    0.23061E+03
    0.22026E+01    0.22403E+03
    0.22471E+01    0.21757E+03
    0.22925E+01    0.21125E+03
    0.23388E+01    0.20505E+03
    0.23861E+01    0.19897E+03
    0.24343E+01    0.19302E+03
    0.24835E+01    0.18720E+03
    0.25336E+01    0.18151E+03
    0.25848E+01    0.17594E+03
    0.26370E+01    0.17050E+03
    0.26903E+01    0.16519E+03
    0.27447E+01    0.16000E+03
    0.28001E+01    0.15493E+03
    0.28567E+01    0.14998E+03
    0.29144E+01    0.14516E+03
    0.29733E+01    0.14046E+03
    0.30333E+01    0.13588E+03
    0.30946E+01    0.13141E+03
    0.31571E+01    0.12706E+03
    0.32209E+01    0.12283E+03
    0.32860E+01    0.11871E+03
    0.33523E+01    0.11471E+03
    0.34201E+01    0.11081E+03
    0.34892E+01    0.10702E+03
    0.35596E+01    0.10334E+03
    0.36316E+01    0.99769E+02
    0.37049E+01    0.96298E+02
    0.37798E+01    0.92929E+02
    0.38561E+01    0.89659E+02
    0.39340E+01    0.86487E+02
    0.40135E+01    0.83411E+02
    0.40946E+01    0.80429E+02
    0.41773E+01    0.77539E+02
    0.42617E+01    0.74739E+02
    0.43478E+01    0.72027E+02
    0.44356E+01    0.69401E+02
    0.45252E+01    0.66859E+02
    0.46166E+01    0.64399E+02
    0.47099E+01    0.62019E+02
    0.48050E+01    0.59717E+02
    0.49021E+01    0.57491E+02
    0.50011E+01    0.55339E+02
    0.51021E+01    0.53260E+02
    0.52052E+01    0.51251E+02
    0.53104E+01    0.49310E+02
    0.54176E+01    0.47435E+02
    0.55271E+01    0.45626E+02
    0.56387E+01    0.43879E+02
    0.57526E+01    0.42193E+02
    0.58689E+01    0.40566E+02
    0.59874E+01    0.38997E+02
    0.61084E+01    0.37483E+02
    0.62318E+01    0.36024E+02
    0.63577E+01    0.34617E+02
    0.64861E+01    0.33261E+02
    0.66171E+01    0.31954E+02
    0.67508E+01    0.30695E+02
    0.68872E+01    0.29482E+02
    0.70263E+01    0.28314E+02
    0.71682E+01    0.27190E+02
    0.73130E+01    0.26107E+02
    0.74608E+01    0.25065E+02
    0.76115E+01    0.24062E+02
    0.77653E+01    0.23097E+02
    0.79221E+01    0.22169E+02
    0.80822E+01    0.21276E+02
    0.82454E+01    0.20417E+02
    0.84120E+01    0.19590E+02
    0.85819E+01    0.18796E+02
    0.87553E+01    0.18031E+02
    0.89322E+01    0.17296E+02
    0.91126E+01    0.16590E+02
    0.92967E+01    0.15911E+02
    0.94845E+01    0.15258E+02
    0.96761E+01    0.14631E+02
    0.98716E+01    0.14028E+02
    0.10071E+02    0.13450E+02
    0.10274E+02    0.12895E+02
    0.10482E+02    0.12362E+02
    0.10694E+02    0.11850E+02
    0.10910E+02    0.11360E+02
    0.11130E+02    0.10890E+02
