#           k/h    P           
    0.10000E-03    0.62089E+03
    0.10202E-03    0.63269E+03
    0.10408E-03    0.64471E+03
    0.10618E-03    0.65697E+03
    0.10833E-03    0.66946E+03
    0.11052E-03    0.68218E+03
    0.11275E-03    0.69515E+03
    0.11503E-03    0.70836E+03
    0.11735E-03    0.72182E+03
    0.11972E-03    0.73554E+03
    0.12214E-03    0.74952E+03
    0.12461E-03    0.76376E+03
    0.12712E-03    0.77827E+03
    0.12969E-03    0.79306E+03
    0.13231E-03    0.80813E+03
    0.13499E-03    0.82349E+03
    0.13771E-03    0.83913E+03
    0.14049E-03    0.85507E+03
    0.14333E-03    0.87132E+03
    0.14623E-03    0.88787E+03
    0.14918E-03    0.90474E+03
    0.15220E-03    0.92192E+03
    0.15527E-03    0.93944E+03
    0.15841E-03    0.95728E+03
    0.16161E-03    0.97546E+03
    0.16487E-03    0.99398E+03
    0.16820E-03    0.10129E+04
    0.17160E-03    0.10321E+04
    0.17507E-03    0.10517E+04
    0.17860E-03    0.10717E+04
    0.18221E-03    0.10920E+04
    0.18589E-03    0.11127E+04
    0.18965E-03    0.11339E+04
    0.19348E-03    0.11554E+04
    0.19739E-03    0.11773E+04
    0.20138E-03    0.11996E+04
    0.20544E-03    0.12224E+04
    0.20959E-03    0.12456E+04
    0.21383E-03    0.12692E+04
    0.21815E-03    0.12933E+04
    0.22255E-03    0.13178E+04
    0.22705E-03    0.13428E+04
    0.23164E-03    0.13683E+04
    0.23632E-03    0.13943E+04
    0.24109E-03    0.14207E+04
    0.24596E-03    0.14476E+04
    0.25093E-03    0.14751E+04
    0.25600E-03    0.15030E+04
    0.26117E-03    0.15315E+04
    0.26645E-03    0.15605E+04
    0.27183E-03    0.15901E+04
    0.27732E-03    0.16202E+04
    0.28292E-03    0.16509E+04
    0.28864E-03    0.16821E+04
    0.29447E-03    0.17140E+04
    0.30042E-03    0.17464E+04
    0.30649E-03    0.17795E+04
    0.31268E-03    0.18131E+04
    0.31899E-03    0.18474E+04
    0.32544E-03    0.18824E+04
    0.33201E-03    0.19180E+04
    0.33872E-03    0.19542E+04
    0.34556E-03    0.19912E+04
    0.35254E-03    0.20288E+04
    0.35966E-03    0.20671E+04
    0.36693E-03    0.21062E+04
    0.37434E-03    0.21459E+04
    0.38190E-03    0.21865E+04
    0.38962E-03    0.22277E+04
    0.39749E-03    0.22697E+04
    0.40552E-03    0.23125E+04
    0.41371E-03    0.23561E+04
    0.42207E-03    0.24006E+04
    0.43060E-03    0.24458E+04
    0.43929E-03    0.24919E+04
    0.44817E-03    0.25388E+04
    0.45722E-03    0.25866E+04
    0.46646E-03    0.26352E+04
    0.47588E-03    0.26848E+04
    0.48550E-03    0.27352E+04
    0.49530E-03    0.27866E+04
    0.50531E-03    0.28390E+04
    0.51552E-03    0.28923E+04
    0.52593E-03    0.29466E+04
    0.53656E-03    0.30018E+04
    0.54739E-03    0.30581E+04
    0.55845E-03    0.31154E+04
    0.56973E-03    0.31738E+04
    0.58124E-03    0.32332E+04
    0.59299E-03    0.32936E+04
    0.60496E-03    0.33552E+04
    0.61719E-03    0.34179E+04
    0.62965E-03    0.34817E+04
    0.64237E-03    0.35467E+04
    0.65535E-03    0.36129E+04
    0.66859E-03    0.36802E+04
    0.68210E-03    0.37488E+04
    0.69588E-03    0.38185E+04
    0.70993E-03    0.38896E+04
    0.72427E-03    0.39618E+04
    0.73891E-03    0.40354E+04
    0.75383E-03    0.41103E+04
    0.76906E-03    0.41865E+04
    0.78460E-03    0.42641E+04
    0.80045E-03    0.43430E+04
    0.81662E-03    0.44233E+04
    0.83311E-03    0.45051E+04
    0.84994E-03    0.45883E+04
    0.86711E-03    0.46729E+04
    0.88463E-03    0.47590E+04
    0.90250E-03    0.48466E+04
    0.92073E-03    0.49357E+04
    0.93933E-03    0.50264E+04
    0.95831E-03    0.51186E+04
    0.97767E-03    0.52125E+04
    0.99742E-03    0.53079E+04
    0.10176E-02    0.54050E+04
    0.10381E-02    0.55037E+04
    0.10591E-02    0.56042E+04
    0.10805E-02    0.57063E+04
    0.11023E-02    0.58102E+04
    0.11246E-02    0.59159E+04
    0.11473E-02    0.60234E+04
    0.11705E-02    0.61326E+04
    0.11941E-02    0.62438E+04
    0.12182E-02    0.63567E+04
    0.12429E-02    0.64716E+04
    0.12680E-02    0.65884E+04
    0.12936E-02    0.67071E+04
    0.13197E-02    0.68278E+04
    0.13464E-02    0.69505E+04
    0.13736E-02    0.70751E+04
    0.14013E-02    0.72018E+04
    0.14296E-02    0.73306E+04
    0.14585E-02    0.74614E+04
    0.14880E-02    0.75943E+04
    0.15180E-02    0.77294E+04
    0.15487E-02    0.78666E+04
    0.15800E-02    0.80059E+04
    0.16119E-02    0.81475E+04
    0.16445E-02    0.82912E+04
    0.16777E-02    0.84372E+04
    0.17116E-02    0.85854E+04
    0.17462E-02    0.87359E+04
    0.17814E-02    0.88887E+04
    0.18174E-02    0.90438E+04
    0.18541E-02    0.92012E+04
    0.18916E-02    0.93610E+04
    0.19298E-02    0.95231E+04
    0.19688E-02    0.96876E+04
    0.20086E-02    0.98545E+04
    0.20491E-02    0.10024E+05
    0.20905E-02    0.10195E+05
    0.21328E-02    0.10370E+05
    0.21758E-02    0.10546E+05
    0.22198E-02    0.10725E+05
    0.22646E-02    0.10907E+05
    0.23104E-02    0.11091E+05
    0.23571E-02    0.11277E+05
    0.24047E-02    0.11466E+05
    0.24533E-02    0.11657E+05
    0.25028E-02    0.11851E+05
    0.25534E-02    0.12048E+05
    0.26050E-02    0.12246E+05
    0.26576E-02    0.12448E+05
    0.27113E-02    0.12652E+05
    0.27660E-02    0.12858E+05
    0.28219E-02    0.13067E+05
    0.28789E-02    0.13278E+05
    0.29371E-02    0.13492E+05
    0.29964E-02    0.13708E+05
    0.30569E-02    0.13926E+05
    0.31187E-02    0.14147E+05
    0.31817E-02    0.14371E+05
    0.32460E-02    0.14596E+05
    0.33115E-02    0.14824E+05
    0.33784E-02    0.15055E+05
    0.34467E-02    0.15287E+05
    0.35163E-02    0.15522E+05
    0.35874E-02    0.15760E+05
    0.36598E-02    0.15999E+05
    0.37338E-02    0.16240E+05
    0.38092E-02    0.16483E+05
    0.38861E-02    0.16728E+05
    0.39646E-02    0.16975E+05
    0.40447E-02    0.17224E+05
    0.41264E-02    0.17476E+05
    0.42098E-02    0.17730E+05
    0.42948E-02    0.17988E+05
    0.43816E-02    0.18247E+05
    0.44701E-02    0.18507E+05
    0.45604E-02    0.18765E+05
    0.46525E-02    0.19020E+05
    0.47465E-02    0.19270E+05
    0.48424E-02    0.19518E+05
    0.49402E-02    0.19765E+05
    0.50400E-02    0.20014E+05
    0.51419E-02    0.20267E+05
    0.52457E-02    0.20527E+05
    0.53517E-02    0.20791E+05
    0.54598E-02    0.21060E+05
    0.55701E-02    0.21330E+05
    0.56826E-02    0.21600E+05
    0.57974E-02    0.21869E+05
    0.59145E-02    0.22137E+05
    0.60340E-02    0.22404E+05
    0.61559E-02    0.22670E+05
    0.62803E-02    0.22936E+05
    0.64072E-02    0.23202E+05
    0.65366E-02    0.23467E+05
    0.66686E-02    0.23732E+05
    0.68033E-02    0.23995E+05
    0.69408E-02    0.24258E+05
    0.70810E-02    0.24519E+05
    0.72240E-02    0.24778E+05
    0.73700E-02    0.25035E+05
    0.75189E-02    0.25290E+05
    0.76708E-02    0.25542E+05
    0.78257E-02    0.25793E+05
    0.79838E-02    0.26040E+05
    0.81451E-02    0.26284E+05
    0.83096E-02    0.26525E+05
    0.84775E-02    0.26763E+05
    0.86488E-02    0.26996E+05
    0.88235E-02    0.27225E+05
    0.90017E-02    0.27450E+05
    0.91836E-02    0.27669E+05
    0.93691E-02    0.27884E+05
    0.95583E-02    0.28093E+05
    0.97514E-02    0.28295E+05
    0.99484E-02    0.28492E+05
    0.10149E-01    0.28682E+05
    0.10354E-01    0.28865E+05
    0.10564E-01    0.29041E+05
    0.10777E-01    0.29210E+05
    0.10995E-01    0.29371E+05
    0.11217E-01    0.29523E+05
    0.11443E-01    0.29667E+05
    0.11675E-01    0.29803E+05
    0.11910E-01    0.29929E+05
    0.12151E-01    0.30045E+05
    0.12397E-01    0.30152E+05
    0.12647E-01    0.30248E+05
    0.12902E-01    0.30334E+05
    0.13163E-01    0.30409E+05
    0.13429E-01    0.30473E+05
    0.13700E-01    0.30525E+05
    0.13977E-01    0.30566E+05
    0.14259E-01    0.30595E+05
    0.14547E-01    0.30611E+05
    0.14841E-01    0.30615E+05
    0.15141E-01    0.30606E+05
    0.15447E-01    0.30583E+05
    0.15759E-01    0.30548E+05
    0.16077E-01    0.30498E+05
    0.16402E-01    0.30435E+05
    0.16734E-01    0.30359E+05
    0.17072E-01    0.30268E+05
    0.17416E-01    0.30163E+05
    0.17768E-01    0.30043E+05
    0.18127E-01    0.29909E+05
    0.18493E-01    0.29761E+05
    0.18867E-01    0.29598E+05
    0.19248E-01    0.29421E+05
    0.19637E-01    0.29229E+05
    0.20034E-01    0.29023E+05
    0.20438E-01    0.28802E+05
    0.20851E-01    0.28568E+05
    0.21272E-01    0.28319E+05
    0.21702E-01    0.28057E+05
    0.22141E-01    0.27781E+05
    0.22588E-01    0.27493E+05
    0.23044E-01    0.27191E+05
    0.23510E-01    0.26877E+05
    0.23985E-01    0.26552E+05
    0.24469E-01    0.26215E+05
    0.24964E-01    0.25868E+05
    0.25468E-01    0.25510E+05
    0.25982E-01    0.25143E+05
    0.26507E-01    0.24766E+05
    0.27043E-01    0.24382E+05
    0.27589E-01    0.23991E+05
    0.28146E-01    0.23592E+05
    0.28715E-01    0.23188E+05
    0.29295E-01    0.22780E+05
    0.29887E-01    0.22367E+05
    0.30490E-01    0.21952E+05
    0.31106E-01    0.21535E+05
    0.31735E-01    0.21117E+05
    0.32376E-01    0.20699E+05
    0.33030E-01    0.20282E+05
    0.33697E-01    0.19868E+05
    0.34378E-01    0.19456E+05
    0.35072E-01    0.19049E+05
    0.35781E-01    0.18647E+05
    0.36504E-01    0.18252E+05
    0.37241E-01    0.17864E+05
    0.37993E-01    0.17484E+05
    0.38761E-01    0.17113E+05
    0.39544E-01    0.16751E+05
    0.40343E-01    0.16399E+05
    0.41158E-01    0.16057E+05
    0.41989E-01    0.15725E+05
    0.42838E-01    0.15404E+05
    0.43703E-01    0.15096E+05
    0.44586E-01    0.14802E+05
    0.45486E-01    0.14522E+05
    0.46405E-01    0.14255E+05
    0.47343E-01    0.14002E+05
    0.48299E-01    0.13761E+05
    0.49275E-01    0.13530E+05
    0.50270E-01    0.13309E+05
    0.51286E-01    0.13097E+05
    0.52322E-01    0.12893E+05
    0.53379E-01    0.12697E+05
    0.54457E-01    0.12508E+05
    0.55557E-01    0.12325E+05
    0.56680E-01    0.12146E+05
    0.57825E-01    0.11970E+05
    0.58993E-01    0.11795E+05
    0.60184E-01    0.11619E+05
    0.61400E-01    0.11441E+05
    0.62641E-01    0.11259E+05
    0.63906E-01    0.11071E+05
    0.65197E-01    0.10877E+05
    0.66514E-01    0.10674E+05
    0.67858E-01    0.10462E+05
    0.69229E-01    0.10240E+05
    0.70627E-01    0.10008E+05
    0.72054E-01    0.97656E+04
    0.73510E-01    0.95138E+04
    0.74994E-01    0.92532E+04
    0.76509E-01    0.89854E+04
    0.78055E-01    0.87121E+04
    0.79632E-01    0.84352E+04
    0.81241E-01    0.81569E+04
    0.82882E-01    0.78795E+04
    0.84556E-01    0.76055E+04
    0.86264E-01    0.73371E+04
    0.88007E-01    0.70770E+04
    0.89785E-01    0.68276E+04
    0.91598E-01    0.65914E+04
    0.93449E-01    0.63703E+04
    0.95337E-01    0.61661E+04
    0.97263E-01    0.59805E+04
    0.99227E-01    0.58138E+04
    0.10123E+00    0.56659E+04
    0.10328E+00    0.55361E+04
    0.10536E+00    0.54225E+04
    0.10749E+00    0.53226E+04
    0.10966E+00    0.52337E+04
    0.11188E+00    0.51524E+04
    0.11414E+00    0.50755E+04
    0.11644E+00    0.49996E+04
    0.11880E+00    0.49213E+04
    0.12120E+00    0.48377E+04
    0.12365E+00    0.47460E+04
    0.12614E+00    0.46445E+04
    0.12869E+00    0.45318E+04
    0.13129E+00    0.44082E+04
    0.13394E+00    0.42747E+04
    0.13665E+00    0.41337E+04
    0.13941E+00    0.39881E+04
    0.14223E+00    0.38415E+04
    0.14510E+00    0.36977E+04
    0.14803E+00    0.35604E+04
    0.15102E+00    0.34331E+04
    0.15407E+00    0.33187E+04
    0.15718E+00    0.32187E+04
    0.16036E+00    0.31338E+04
    0.16360E+00    0.30625E+04
    0.16690E+00    0.30028E+04
    0.17028E+00    0.29515E+04
    0.17371E+00    0.29049E+04
    0.17722E+00    0.28593E+04
    0.18080E+00    0.28112E+04
    0.18446E+00    0.27572E+04
    0.18818E+00    0.26955E+04
    0.19198E+00    0.26254E+04
    0.19586E+00    0.25484E+04
    0.19982E+00    0.24672E+04
    0.20386E+00    0.23851E+04
    0.20797E+00    0.23057E+04
    0.21218E+00    0.22320E+04
    0.21646E+00    0.21666E+04
    0.22083E+00    0.21103E+04
    0.22530E+00    0.20626E+04
    0.22985E+00    0.20219E+04
    0.23449E+00    0.19854E+04
    0.23923E+00    0.19503E+04
    0.24406E+00    0.19135E+04
    0.24899E+00    0.18728E+04
    0.25402E+00    0.18276E+04
    0.25915E+00    0.17792E+04
    0.26439E+00    0.17295E+04
    0.26973E+00    0.16808E+04
    0.27518E+00    0.16353E+04
    0.28074E+00    0.15944E+04
    0.28641E+00    0.15586E+04
    0.29219E+00    0.15269E+04
    0.29810E+00    0.14974E+04
    0.30412E+00    0.14684E+04
    0.31026E+00    0.14384E+04
    0.31653E+00    0.14067E+04
    0.32292E+00    0.13736E+04
    0.32945E+00    0.13405E+04
    0.33610E+00    0.13088E+04
    0.34289E+00    0.12793E+04
    0.34982E+00    0.12523E+04
    0.35689E+00    0.12274E+04
    0.36409E+00    0.12035E+04
    0.37145E+00    0.11798E+04
    0.37895E+00    0.11557E+04
    0.38661E+00    0.11313E+04
    0.39442E+00    0.11073E+04
    0.40239E+00    0.10842E+04
    0.41052E+00    0.10624E+04
    0.41881E+00    0.10418E+04
    0.42727E+00    0.10220E+04
    0.43590E+00    0.10024E+04
    0.44471E+00    0.98307E+03
    0.45369E+00    0.96390E+03
    0.46286E+00    0.94520E+03
    0.47221E+00    0.92721E+03
    0.48174E+00    0.90989E+03
    0.49148E+00    0.89312E+03
    0.50141E+00    0.87668E+03
    0.51153E+00    0.86050E+03
    0.52187E+00    0.84465E+03
    0.53241E+00    0.82919E+03
    0.54317E+00    0.81420E+03
    0.55414E+00    0.79959E+03
    0.56533E+00    0.78529E+03
    0.57675E+00    0.77127E+03
    0.58840E+00    0.75755E+03
    0.60029E+00    0.74411E+03
    0.61242E+00    0.73096E+03
    0.62479E+00    0.71808E+03
    0.63741E+00    0.70548E+03
    0.65029E+00    0.69312E+03
    0.66342E+00    0.68101E+03
    0.67683E+00    0.66912E+03
    0.69050E+00    0.65746E+03
    0.70445E+00    0.64600E+03
    0.71868E+00    0.63475E+03
    0.73320E+00    0.62368E+03
    0.74801E+00    0.61280E+03
    0.76312E+00    0.60209E+03
    0.77854E+00    0.59155E+03
    0.79426E+00    0.58117E+03
    0.81031E+00    0.57094E+03
    0.82668E+00    0.56087E+03
    0.84338E+00    0.55093E+03
    0.86041E+00    0.54114E+03
    0.87780E+00    0.53148E+03
    0.89553E+00    0.52194E+03
    0.91362E+00    0.51253E+03
    0.93208E+00    0.50324E+03
    0.95091E+00    0.49407E+03
    0.97011E+00    0.48501E+03
    0.98971E+00    0.47605E+03
    0.10097E+01    0.46720E+03
    0.10301E+01    0.45845E+03
    0.10509E+01    0.44980E+03
    0.10721E+01    0.44125E+03
    0.10938E+01    0.43279E+03
    0.11159E+01    0.42442E+03
    0.11384E+01    0.41614E+03
    0.11614E+01    0.40795E+03
    0.11849E+01    0.39985E+03
    0.12088E+01    0.39183E+03
    0.12333E+01    0.38389E+03
    0.12582E+01    0.37604E+03
    0.12836E+01    0.36827E+03
    0.13095E+01    0.36058E+03
    0.13360E+01    0.35297E+03
    0.13630E+01    0.34544E+03
    0.13905E+01    0.33799E+03
    0.14186E+01    0.33062E+03
    0.14472E+01    0.32333E+03
    0.14765E+01    0.31612E+03
    0.15063E+01    0.30899E+03
    0.15367E+01    0.30195E+03
    0.15678E+01    0.29498E+03
    0.15994E+01    0.28810E+03
    0.16318E+01    0.28130E+03
    0.16647E+01    0.27458E+03
    0.16984E+01    0.26794E+03
    0.17327E+01    0.26139E+03
    0.17677E+01    0.25493E+03
    0.18034E+01    0.24856E+03
    0.18398E+01    0.24227E+03
    0.18770E+01    0.23607E+03
    0.19149E+01    0.22996E+03
    0.19536E+01    0.22395E+03
    0.19930E+01    0.21803E+03
    0.20333E+01    0.21219E+03
    0.20744E+01    0.20646E+03
    0.21163E+01    0.20081E+03
    0.21590E+01    0.19527E+03
    0.22026E+01    0.18982E+03
    0.22471E+01    0.18447E+03
    0.22925E+01    0.17921E+03
    0.23388E+01    0.17406E+03
    0.23861E+01    0.16900E+03
    0.24343E+01    0.16404E+03
    0.24835E+01    0.15919E+03
    0.25336E+01    0.15443E+03
    0.25848E+01    0.14977E+03
    0.26370E+01    0.14521E+03
    0.26903E+01    0.14075E+03
    0.27447E+01    0.13640E+03
    0.28001E+01    0.13214E+03
    0.28567E+01    0.12798E+03
    0.29144E+01    0.12391E+03
    0.29733E+01    0.11995E+03
    0.30333E+01    0.11608E+03
    0.30946E+01    0.11231E+03
    0.31571E+01    0.10863E+03
    0.32209E+01    0.10505E+03
    0.32860E+01    0.10156E+03
    0.33523E+01    0.98161E+02
    0.34201E+01    0.94855E+02
    0.34892E+01    0.91639E+02
    0.35596E+01    0.88511E+02
    0.36316E+01    0.85471E+02
    0.37049E+01    0.82517E+02
    0.37798E+01    0.79647E+02
    0.38561E+01    0.76861E+02
    0.39340E+01    0.74156E+02
    0.40135E+01    0.71532E+02
    0.40946E+01    0.68986E+02
    0.41773E+01    0.66517E+02
    0.42617E+01    0.64124E+02
    0.43478E+01    0.61805E+02
    0.44356E+01    0.59559E+02
    0.45252E+01    0.57383E+02
    0.46166E+01    0.55277E+02
    0.47099E+01    0.53238E+02
    0.48050E+01    0.51266E+02
    0.49021E+01    0.49358E+02
    0.50011E+01    0.47513E+02
    0.51021E+01    0.45729E+02
    0.52052E+01    0.44005E+02
    0.53104E+01    0.42339E+02
    0.54176E+01    0.40730E+02
    0.55271E+01    0.39176E+02
    0.56387E+01    0.37675E+02
    0.57526E+01    0.36227E+02
    0.58689E+01    0.34829E+02
    0.59874E+01    0.33481E+02
    0.61084E+01    0.32180E+02
    0.62318E+01    0.30925E+02
    0.63577E+01    0.29716E+02
    0.64861E+01    0.28550E+02
    0.66171E+01    0.27426E+02
    0.67508E+01    0.26343E+02
    0.68872E+01    0.25300E+02
    0.70263E+01    0.24295E+02
    0.71682E+01    0.23328E+02
    0.73130E+01    0.22396E+02
    0.74608E+01    0.21500E+02
    0.76115E+01    0.20637E+02
    0.77653E+01    0.19806E+02
    0.79221E+01    0.19007E+02
    0.80822E+01    0.18239E+02
    0.82454E+01    0.17500E+02
    0.84120E+01    0.16789E+02
    0.85819E+01    0.16106E+02
    0.87553E+01    0.15449E+02
    0.89322E+01    0.14817E+02
    0.91126E+01    0.14210E+02
    0.92967E+01    0.13627E+02
    0.94845E+01    0.13066E+02
    0.96761E+01    0.12527E+02
    0.98716E+01    0.12010E+02
    0.10071E+02    0.11512E+02
    0.10274E+02    0.11034E+02
    0.10482E+02    0.10576E+02
    0.10694E+02    0.10135E+02
    0.10910E+02    0.97128E+01
    0.11130E+02    0.93074E+01
    0.11355E+02    0.89186E+01
    0.11584E+02    0.85457E+01
    0.11818E+02    0.81883E+01
    0.12057E+02    0.78457E+01
