# # k[h/Mpc], Boost (P^NLCDM_NL/P^NLCDM_L)
1.000000000000000048e-04 1.000000000000000000e+00
1.020200000000000024e-04 1.000000000000000000e+00
1.040800000000000064e-04 1.000000000000000000e+00
1.061800000000000032e-04 1.000000000000000000e+00
1.083300000000000013e-04 1.000000000000000000e+00
1.105200000000000057e-04 1.000000000000000000e+00
1.127500000000000030e-04 1.000000000000000000e+00
1.150300000000000015e-04 1.000000000000000000e+00
1.173500000000000064e-04 1.000000000000000000e+00
1.197199999999999989e-04 1.000000000000000000e+00
1.221399999999999927e-04 1.000000000000000000e+00
1.246099999999999877e-04 1.000000000000000000e+00
1.271199999999999891e-04 1.000000000000000000e+00
1.296899999999999865e-04 1.000000000000000000e+00
1.323100000000000122e-04 1.000000000000000000e+00
1.349900000000000069e-04 1.000000000000000000e+00
1.377100000000000080e-04 1.000000000000000000e+00
1.404900000000000051e-04 1.000000000000000000e+00
1.433299999999999982e-04 1.000000000000000000e+00
1.462299999999999874e-04 1.000000000000000000e+00
1.491800000000000049e-04 1.000000000000000000e+00
1.522000000000000132e-04 1.000000000000000000e+00
1.552699999999999957e-04 1.000000000000000000e+00
1.584099999999999961e-04 1.000000000000000000e+00
1.616099999999999926e-04 1.000000000000000000e+00
1.648700000000000122e-04 1.000000000000000000e+00
1.681999999999999956e-04 1.000000000000000000e+00
1.715999999999999969e-04 1.000000000000000000e+00
1.750699999999999891e-04 1.000000000000000000e+00
1.786000000000000044e-04 1.000000000000000000e+00
1.822100000000000054e-04 1.000000000000000000e+00
1.858899999999999973e-04 1.000000000000000000e+00
1.896500000000000020e-04 1.000000000000000000e+00
1.934799999999999975e-04 1.000000000000000000e+00
1.973900000000000058e-04 1.000000000000000000e+00
2.013799999999999998e-04 1.000000000000000000e+00
2.054400000000000117e-04 1.000000000000000000e+00
2.095900000000000042e-04 1.000000000000000000e+00
2.138300000000000042e-04 1.000000000000000000e+00
2.181499999999999900e-04 1.000000000000000000e+00
2.225499999999999885e-04 1.000000000000000000e+00
2.270499999999999895e-04 1.000000000000000000e+00
2.316399999999999980e-04 1.000000000000000000e+00
2.363199999999999871e-04 1.000000000000000000e+00
2.410900000000000109e-04 1.000000000000000000e+00
2.459599999999999829e-04 1.000000000000000000e+00
2.509300000000000115e-04 1.000000000000000000e+00
2.559999999999999884e-04 1.000000000000000000e+00
2.611700000000000219e-04 1.000000000000000000e+00
2.664499999999999985e-04 1.000000000000000000e+00
2.718299999999999775e-04 1.000000000000000000e+00
2.773200000000000079e-04 1.000000000000000000e+00
2.829199999999999814e-04 1.000000000000000000e+00
2.886400000000000012e-04 1.000000000000000000e+00
2.944700000000000182e-04 1.000000000000000000e+00
3.004199999999999731e-04 1.000000000000000000e+00
3.064899999999999743e-04 1.000000000000000000e+00
3.126800000000000217e-04 1.000000000000000000e+00
3.189900000000000070e-04 1.000000000000000000e+00
3.254399999999999741e-04 1.000000000000000000e+00
3.320099999999999874e-04 1.000000000000000000e+00
3.387199999999999825e-04 1.000000000000000000e+00
3.455600000000000186e-04 1.000000000000000000e+00
3.525399999999999823e-04 1.000000000000000000e+00
3.596599999999999819e-04 1.000000000000000000e+00
3.669300000000000122e-04 1.000000000000000000e+00
3.743400000000000243e-04 1.000000000000000000e+00
3.819000000000000129e-04 1.000000000000000000e+00
3.896200000000000271e-04 1.000000000000000000e+00
3.974900000000000178e-04 1.000000000000000000e+00
4.055199999999999799e-04 1.000000000000000000e+00
4.137100000000000217e-04 1.000000000000000000e+00
4.220699999999999756e-04 1.000000000000000000e+00
4.306000000000000040e-04 1.000000000000000000e+00
4.392900000000000038e-04 1.000000000000000000e+00
4.481700000000000137e-04 1.000000000000000000e+00
4.572199999999999897e-04 1.000000000000000000e+00
4.664599999999999758e-04 1.000000000000000000e+00
4.758799999999999771e-04 1.000000000000000000e+00
4.854999999999999832e-04 1.000000000000000000e+00
4.952999999999999504e-04 1.000000000000000000e+00
5.053100000000000256e-04 1.000000000000000000e+00
5.155199999999999973e-04 1.000000000000000000e+00
5.259299999999999739e-04 1.000000000000000000e+00
5.365600000000000534e-04 1.000000000000000000e+00
5.473900000000000293e-04 1.000000000000000000e+00
5.584500000000000488e-04 1.000000000000000000e+00
5.697299999999999543e-04 1.000000000000000000e+00
5.812400000000000119e-04 1.000000000000000000e+00
5.929900000000000535e-04 1.000000000000000000e+00
6.049599999999999813e-04 1.000000000000000000e+00
6.171899999999999912e-04 1.000000000000000000e+00
6.296500000000000447e-04 1.000000000000000000e+00
6.423699999999999636e-04 1.000000000000000000e+00
6.553499999999999647e-04 1.000000000000000000e+00
6.685900000000000480e-04 1.000000000000000000e+00
6.821000000000000457e-04 1.000000000000000000e+00
6.958799999999999578e-04 1.000000000000000000e+00
7.099300000000000012e-04 1.000000000000000000e+00
7.242699999999999486e-04 1.000000000000000000e+00
7.389099999999999575e-04 1.000000000000000000e+00
7.538300000000000382e-04 1.000000000000000000e+00
7.690600000000000127e-04 1.000000000000000000e+00
7.845999999999999893e-04 1.000000000000000000e+00
8.004499999999999680e-04 1.000000000000000000e+00
8.166199999999999978e-04 1.000000000000000000e+00
8.331099999999999704e-04 1.000000000000000000e+00
8.499399999999999837e-04 1.000000000000000000e+00
8.671100000000000379e-04 1.000000000000000000e+00
8.846299999999999650e-04 1.000000000000000000e+00
9.024999999999999819e-04 1.000000000000000000e+00
9.207300000000000293e-04 1.000000000000000000e+00
9.393300000000000477e-04 1.000000000000000000e+00
9.583099999999999778e-04 1.000000000000000000e+00
9.776699999999999280e-04 1.000000000000000000e+00
9.974199999999999473e-04 1.000000000000000000e+00
1.017600000000000015e-03 1.000000000000000000e+00
1.038099999999999917e-03 1.000000000000000000e+00
1.059100000000000102e-03 1.000000000000000000e+00
1.080500000000000080e-03 1.000000000000000000e+00
1.102300000000000068e-03 1.000000000000000000e+00
1.124599999999999905e-03 1.000000000000000000e+00
1.147299999999999969e-03 1.000000000000000000e+00
1.170500000000000099e-03 1.000000000000000000e+00
1.194100000000000023e-03 1.000000000000000000e+00
1.218200000000000012e-03 1.000000000000000000e+00
1.242899999999999908e-03 1.000000000000000000e+00
1.268000000000000030e-03 1.000000000000000000e+00
1.293600000000000002e-03 1.000000000000000000e+00
1.319700000000000040e-03 1.000000000000000000e+00
1.346399999999999984e-03 1.000000000000000000e+00
1.373599999999999995e-03 1.000000000000000000e+00
1.401300000000000072e-03 1.000000000000000000e+00
1.429600000000000055e-03 1.000000000000000000e+00
1.458499999999999944e-03 1.000000000000000000e+00
1.487999999999999956e-03 1.000000000000000000e+00
1.518000000000000035e-03 1.000000000000000000e+00
1.548700000000000077e-03 1.000000000000000000e+00
1.580000000000000024e-03 1.000000000000000000e+00
1.611900000000000095e-03 1.000000000000000000e+00
1.644499999999999912e-03 1.000000000000000000e+00
1.677700000000000068e-03 1.000000000000000000e+00
1.711599999999999970e-03 1.000000000000000000e+00
1.746200000000000052e-03 1.000000000000000000e+00
1.781400000000000041e-03 1.000000000000000000e+00
1.817400000000000048e-03 1.000000000000000000e+00
1.854100000000000019e-03 1.000000000000000000e+00
1.891600000000000009e-03 1.000000000000000000e+00
1.929799999999999962e-03 1.000000000000000000e+00
1.968800000000000151e-03 1.000000000000000000e+00
2.008600000000000142e-03 1.000000000000000000e+00
2.049099999999999880e-03 1.000000000000000000e+00
2.090499999999999910e-03 1.000000000000000000e+00
2.132799999999999800e-03 1.000000000000000000e+00
2.175799999999999870e-03 1.000000000000000000e+00
2.219800000000000072e-03 1.000000000000000000e+00
2.264599999999999860e-03 1.000000000000000000e+00
2.310400000000000214e-03 1.000000000000000000e+00
2.357099999999999994e-03 1.000000000000000000e+00
2.404700000000000067e-03 1.000000000000000000e+00
2.453299999999999838e-03 1.000000000000000000e+00
2.502799999999999903e-03 1.000000000000000000e+00
2.553399999999999941e-03 1.000000000000000000e+00
2.605000000000000111e-03 1.000000000000000000e+00
2.657599999999999980e-03 1.000000000000000000e+00
2.711299999999999821e-03 1.000000000000000000e+00
2.765999999999999796e-03 1.000000000000000000e+00
2.821900000000000016e-03 1.000000000000000000e+00
2.878900000000000209e-03 1.000000000000000000e+00
2.937100000000000214e-03 1.000000000000000000e+00
2.996400000000000192e-03 1.000000000000000000e+00
3.056899999999999982e-03 1.000000000000000000e+00
3.118699999999999858e-03 1.000000000000000000e+00
3.181699999999999980e-03 1.000000000000000000e+00
3.246000000000000187e-03 1.000000000000000000e+00
3.311500000000000207e-03 9.999156687468375715e-01
3.378400000000000153e-03 1.000000000000000000e+00
3.446700000000000024e-03 1.000000000000000000e+00
3.516299999999999981e-03 1.000000000000000000e+00
3.587400000000000137e-03 1.000000000000000000e+00
3.659799999999999946e-03 1.000000000000000000e+00
3.733799999999999793e-03 1.000076645972254097e+00
3.809199999999999999e-03 1.000000000000000000e+00
3.886099999999999971e-03 1.000000000000000000e+00
3.964600000000000415e-03 1.000000000000000000e+00
4.044700000000000031e-03 9.999279538904899400e-01
4.126399999999999686e-03 9.999290427871992959e-01
4.209799999999999653e-03 9.999301090299133055e-01
4.294799999999999660e-03 1.000068846815834744e+00
4.381600000000000251e-03 1.000203486400325525e+00
4.470100000000000288e-03 1.000401015906964286e+00
4.560400000000000044e-03 1.000329293993677648e+00
4.652500000000000385e-03 1.000129811124813362e+00
4.746499999999999851e-03 9.997440982662657571e-01
4.842400000000000176e-03 9.991170534813319515e-01
4.940199999999999626e-03 9.983212087297146375e-01
5.040000000000000209e-03 9.974863588989025809e-01
5.141899999999999596e-03 9.967353848014025575e-01
5.245699999999999842e-03 9.963031423290202859e-01
5.351700000000000033e-03 9.961181037524996507e-01
5.459799999999999896e-03 9.960543112452129311e-01
5.570099999999999704e-03 9.961069445239594256e-01
5.682600000000000325e-03 9.961581920903954668e-01
5.797400000000000296e-03 9.962083193933310987e-01
5.914499999999999619e-03 9.961472838351037584e-01
6.034000000000000301e-03 9.960875944139542248e-01
6.155899999999999740e-03 9.959759630861680924e-01
6.280299999999999945e-03 9.958141260001059925e-01
6.407200000000000048e-03 9.957086037261879685e-01
6.536600000000000049e-03 9.956056454531354571e-01
6.668600000000000222e-03 9.955049292537161421e-01
6.803299999999999972e-03 9.954570693049316077e-01
6.940799999999999574e-03 9.953602075434044849e-01
7.080999999999999621e-03 9.952162548700498323e-01
7.224000000000000386e-03 9.951726155646577476e-01
7.369999999999999815e-03 9.950814929115633367e-01
7.518900000000000236e-03 9.949444364954451725e-01
7.670800000000000188e-03 9.948570350099085191e-01
7.825699999999999670e-03 9.947245564892623904e-01
7.983799999999999231e-03 9.945943448530770725e-01
8.145100000000000603e-03 9.945117768122569979e-01
8.309600000000000319e-03 9.943853294091011819e-01
8.477500000000000660e-03 9.943051881081566012e-01
8.648799999999999891e-03 9.941375022206431211e-01
8.823499999999999746e-03 9.940159281911382649e-01
9.001699999999999632e-03 9.938957924569434832e-01
9.183600000000000096e-03 9.937767405678724630e-01
9.369099999999999998e-03 9.936589545844044524e-01
9.558300000000000476e-03 9.934995963801673824e-01
9.751400000000000345e-03 9.933836234143874622e-01
9.948399999999999604e-03 9.932268584329793093e-01
1.014900000000000004e-02 9.931123189909132343e-01
1.035400000000000036e-02 9.929159802306425364e-01
1.056400000000000047e-02 9.928025191183086351e-01
1.077700000000000012e-02 9.926079363145282608e-01
1.099499999999999957e-02 9.924545051043053290e-01
1.121699999999999954e-02 9.923012149645134006e-01
1.144300000000000005e-02 9.921080951811550586e-01
1.167499999999999961e-02 9.919543418810193858e-01
1.191000000000000045e-02 9.918003705601765585e-01
1.215100000000000034e-02 9.915673046752431219e-01
1.239700000000000003e-02 9.913729164226880997e-01
1.264700000000000026e-02 9.911776136805285908e-01
1.290200000000000027e-02 9.910195865913137281e-01
1.316299999999999935e-02 9.907832324245111622e-01
1.342899999999999996e-02 9.905834422323006594e-01
1.370000000000000037e-02 9.903816676885346393e-01
1.397699999999999984e-02 9.901394993311676274e-01
1.425900000000000084e-02 9.899706364641727152e-01
1.454699999999999917e-02 9.897228989037758495e-01
1.484100000000000003e-02 9.895096921322691363e-01
1.514099999999999994e-02 9.892550687219986427e-01
1.544700000000000066e-02 9.889963953708973410e-01
1.575899999999999870e-02 9.887329286798178796e-01
1.607700000000000101e-02 9.884647491841845879e-01
1.640199999999999991e-02 9.881910692588092848e-01
1.673399999999999888e-02 9.879115030791454366e-01
1.707200000000000037e-02 9.876632524844838334e-01
1.741600000000000092e-02 9.873702686202686651e-01
1.776799999999999907e-02 9.870701197352816925e-01
1.812700000000000075e-02 9.867996930161166969e-01
1.849299999999999902e-02 9.864443331921284308e-01
1.886699999999999836e-02 9.861562258313998353e-01
1.924800000000000122e-02 9.858197358197358096e-01
1.963700000000000168e-02 9.855112083105521670e-01
2.003399999999999972e-02 9.851918771357869309e-01
2.043800000000000130e-02 9.848215344480019118e-01
2.085100000000000148e-02 9.844776119402984804e-01
2.127199999999999924e-02 9.841206191354558985e-01
2.170199999999999907e-02 9.837496968227019689e-01
2.214100000000000096e-02 9.833231396534148905e-01
2.258800000000000044e-02 9.830027162729442214e-01
2.304399999999999851e-02 9.825844798204413921e-01
2.350999999999999965e-02 9.821908602150537515e-01
2.398499999999999938e-02 9.817787971457696550e-01
2.446900000000000117e-02 9.813485753577720905e-01
2.496400000000000008e-02 9.809416064746323549e-01
2.546800000000000105e-02 9.805157593123209336e-01
2.598200000000000162e-02 9.801135094069803877e-01
2.650699999999999931e-02 9.796464188576609056e-01
2.704300000000000107e-02 9.792030919296954572e-01
2.758899999999999894e-02 9.787840553296882629e-01
2.814600000000000088e-02 9.783444935175951152e-01
2.871500000000000094e-02 9.778829437898396426e-01
2.929500000000000159e-02 9.773508892600962783e-01
2.988700000000000037e-02 9.769430829248774151e-01
3.048999999999999974e-02 9.764148540573582835e-01
3.110600000000000170e-02 9.759655315614618187e-01
3.173499999999999932e-02 9.754961630060862143e-01
3.237600000000000200e-02 9.750067476383266207e-01
3.302999999999999686e-02 9.744973836408702406e-01
3.369699999999999779e-02 9.740245136624311462e-01
3.437799999999999884e-02 9.735346460761237219e-01
3.507199999999999901e-02 9.730870712401055167e-01
3.578100000000000031e-02 9.725666367175801463e-01
3.650400000000000172e-02 9.720335352793586514e-01
3.724100000000000327e-02 9.715500531482523794e-01
3.799299999999999899e-02 9.710580117556861790e-01
3.876099999999999685e-02 9.705613577023498584e-01
3.954400000000000276e-02 9.700586823152840266e-01
4.034299999999999692e-02 9.695545565999182935e-01
4.115800000000000014e-02 9.690477846560479058e-01
4.198899999999999855e-02 9.685436341688560269e-01
4.283800000000000108e-02 9.679710144927535787e-01
4.370299999999999879e-02 9.674748669426375125e-01
4.458600000000000063e-02 9.669153666440575279e-01
4.548599999999999866e-02 9.663671964985026674e-01
4.640500000000000180e-02 9.657598499061913477e-01
4.734300000000000314e-02 9.651689860834989920e-01
4.829900000000000165e-02 9.645946164416780988e-01
4.927499999999999936e-02 9.639573070607553307e-01
5.027000000000000218e-02 9.633333333333333748e-01
5.128599999999999826e-02 9.626405206660467728e-01
5.232200000000000045e-02 9.619569874046782765e-01
5.337900000000000283e-02 9.612813612292733234e-01
5.445699999999999846e-02 9.606084586300888128e-01
5.555700000000000222e-02 9.597614172527374476e-01
5.668000000000000121e-02 9.590843547224224830e-01
5.782500000000000140e-02 9.583979563908402444e-01
5.899299999999999683e-02 9.576059850374064597e-01
6.018400000000000138e-02 9.568876835312821738e-01
6.140000000000000319e-02 9.561386888973095743e-01
6.264100000000000223e-02 9.554200672107537873e-01
6.390600000000000447e-02 9.547721075185041650e-01
6.519700000000000495e-02 9.541032232548941616e-01
6.651400000000000368e-02 9.534715452873608887e-01
6.785800000000000165e-02 9.529181924186321817e-01
6.922899999999999887e-02 9.524405376377722554e-01
7.062699999999999534e-02 9.520569097898896604e-01
7.205400000000000693e-02 9.517681033073611685e-01
7.351000000000000589e-02 9.515912748077955952e-01
7.499400000000000510e-02 9.515590008613264983e-01
7.650899999999999368e-02 9.516537333207153448e-01
7.805499999999999938e-02 9.519099257522469770e-01
7.963199999999999446e-02 9.523460595800591344e-01
8.124099999999999377e-02 9.529459526709360695e-01
8.288199999999999734e-02 9.537227170735024240e-01
8.455600000000000616e-02 9.546881629189648555e-01
8.626399999999999346e-02 9.558431615059558295e-01
8.800700000000000189e-02 9.571693742617393141e-01
8.978500000000000369e-02 9.586570743405274930e-01
9.159799999999999887e-02 9.602578409980513374e-01
9.344900000000000428e-02 9.619919545013178031e-01
9.533700000000000507e-02 9.637694221132701022e-01
9.726300000000000223e-02 9.655714098704017978e-01
9.922699999999999576e-02 9.673317721739466135e-01
1.012300000000000005e-01 9.690071091940248849e-01
1.032799999999999968e-01 9.705260131041140159e-01
1.053599999999999953e-01 9.718713154791981390e-01
1.074900000000000022e-01 9.730642628170649289e-01
1.096599999999999936e-01 9.740464708461201715e-01
1.118799999999999933e-01 9.748874727037747379e-01
1.141400000000000053e-01 9.756654680326571905e-01
1.164400000000000018e-01 9.763969171483620757e-01
1.188000000000000028e-01 9.772404644993134548e-01
1.212000000000000022e-01 9.782742316784870384e-01
1.236499999999999960e-01 9.795667870036101066e-01
1.261400000000000021e-01 9.812725798127257537e-01
1.286899999999999988e-01 9.834764867383692932e-01
1.312899999999999900e-01 9.862097568562392391e-01
1.339400000000000035e-01 9.896310585965757411e-01
1.366499999999999937e-01 9.937969401947148729e-01
1.394100000000000061e-01 9.986950469783087980e-01
1.422299999999999953e-01 1.004369329732682115e+00
1.451000000000000068e-01 1.010856069529782575e+00
1.480299999999999949e-01 1.017997524504064444e+00
1.510199999999999876e-01 1.025548214787742607e+00
1.540700000000000125e-01 1.033231404045241719e+00
1.571799999999999864e-01 1.040752712999307272e+00
1.603600000000000025e-01 1.047803824305944431e+00
1.635999999999999954e-01 1.054140127388534909e+00
1.668999999999999928e-01 1.059684349342749021e+00
1.702799999999999869e-01 1.064413570837507095e+00
1.737100000000000033e-01 1.068600879726307351e+00
1.772199999999999886e-01 1.072423776350312163e+00
1.807999999999999885e-01 1.076313729102380989e+00
1.844600000000000128e-01 1.080830866112129307e+00
1.881799999999999862e-01 1.086491692752227234e+00
1.919800000000000118e-01 1.093588725684795593e+00
1.958600000000000063e-01 1.102412427344272361e+00
1.998199999999999976e-01 1.113077046807141812e+00
2.038600000000000134e-01 1.125470162241059890e+00
2.079699999999999882e-01 1.139345711759504942e+00
2.121800000000000075e-01 1.154208212051774263e+00
2.164600000000000135e-01 1.169166829014871123e+00
2.208299999999999985e-01 1.183482506102522480e+00
2.253000000000000003e-01 1.196423542664038386e+00
2.298499999999999988e-01 1.207806367204535603e+00
2.344900000000000040e-01 1.217608841759390659e+00
2.392299999999999982e-01 1.226532017443195066e+00
2.440599999999999992e-01 1.235483112608729783e+00
2.489899999999999891e-01 1.245834339531514123e+00
2.540200000000000236e-01 1.258600631543958626e+00
2.591499999999999915e-01 1.273997412677878360e+00
2.643900000000000139e-01 1.292371356603094767e+00
2.697300000000000253e-01 1.313059033989266489e+00
2.751799999999999802e-01 1.335438042620362920e+00
2.807399999999999896e-01 1.357745723188675147e+00
2.864099999999999979e-01 1.378750752299888305e+00
2.921900000000000053e-01 1.397727272727272485e+00
2.980999999999999761e-01 1.414865346785233680e+00
3.041200000000000014e-01 1.431264226100151804e+00
3.102599999999999802e-01 1.448288508557457277e+00
3.165299999999999780e-01 1.467899189418176764e+00
3.229199999999999848e-01 1.490890462241721393e+00
3.294500000000000206e-01 1.517475621781527506e+00
3.361000000000000099e-01 1.546430104449849852e+00
3.428899999999999726e-01 1.576218509996115236e+00
3.498200000000000198e-01 1.605124692549581011e+00
3.568899999999999850e-01 1.632550769628767329e+00
3.640900000000000247e-01 1.658514523099601234e+00
3.714500000000000024e-01 1.684540945510041299e+00
3.789500000000000091e-01 1.712621149731178072e+00
3.866100000000000092e-01 1.744013906801996194e+00
3.944199999999999928e-01 1.778781917690824610e+00
4.023900000000000254e-01 1.816031697653154531e+00
4.105199999999999960e-01 1.853850227730113209e+00
4.188100000000000156e-01 1.891071861700954759e+00
4.272699999999999831e-01 1.927476455626589535e+00
4.359000000000000097e-01 1.964230467169613803e+00
4.447099999999999942e-01 2.003117037330232719e+00
4.536899999999999822e-01 2.045095160833397596e+00
4.628599999999999937e-01 2.090120805369127588e+00
4.722100000000000186e-01 2.136747830954380145e+00
4.817400000000000015e-01 2.183973405651299160e+00
4.914799999999999724e-01 2.231315645680286508e+00
5.014100000000000223e-01 2.279594351246327477e+00
5.115300000000000402e-01 2.330043751439191624e+00
5.218699999999999450e-01 2.383441892355159464e+00
5.324100000000000499e-01 2.439305118673148254e+00
5.431700000000000417e-01 2.496832140727489602e+00
5.541399999999999659e-01 2.555533973039120443e+00
5.653299999999999992e-01 2.616020085850813803e+00
5.767499999999999849e-01 2.678360351232691894e+00
5.884000000000000341e-01 2.742781690140845274e+00
6.002899999999999903e-01 2.809261553995135330e+00
6.124199999999999644e-01 2.878135171357457445e+00
6.247899999999999565e-01 2.949223625742673605e+00
6.374100000000000321e-01 3.022866965308886655e+00
6.502900000000000347e-01 3.098864068699385577e+00
6.634200000000000097e-01 3.177301344223243618e+00
6.768300000000000427e-01 3.258465545820506737e+00
6.905000000000000027e-01 3.342170312693116152e+00
7.044500000000000206e-01 3.428516129032257886e+00
7.186799999999999855e-01 3.517547995958234974e+00
7.331999999999999629e-01 3.609454136184580886e+00
7.480099999999999527e-01 3.704231560387893030e+00
7.631200000000000205e-01 3.801949048496010342e+00
7.785400000000000098e-01 3.902452709201666980e+00
7.942599999999999660e-01 4.006196616982079739e+00
8.103099999999999747e-01 4.112860892388451539e+00
8.266799999999999704e-01 4.223075516547814878e+00
8.433800000000000185e-01 4.336199484092863266e+00
8.604100000000000081e-01 4.453065708008788093e+00
8.778000000000000247e-01 4.573038985439173310e+00
8.955300000000000482e-01 4.696549767583964474e+00
9.136199999999999877e-01 4.823518674849984755e+00
9.320800000000000196e-01 4.954255382596767454e+00
9.509100000000000330e-01 5.088498334809344215e+00
9.701100000000000279e-01 5.226653100092617521e+00
9.897099999999999786e-01 5.368306160038201824e+00
1.009700000000000042e+00 5.514042698938234288e+00
1.030100000000000016e+00 5.663357468089871283e+00
1.050899999999999945e+00 5.816739290009214969e+00
1.072100000000000053e+00 5.974051439589529444e+00
1.093800000000000106e+00 6.135275612091368735e+00
1.115899999999999892e+00 6.300497370021827415e+00
1.138400000000000079e+00 6.469641085169721251e+00
1.161399999999999988e+00 6.643022298859583508e+00
1.184900000000000064e+00 6.820549630844954692e+00
1.208800000000000097e+00 7.002125238821029107e+00
1.233300000000000063e+00 7.187928361160423663e+00
1.258199999999999985e+00 7.377905335466264702e+00
1.283600000000000074e+00 7.572040786168170001e+00
1.309500000000000108e+00 7.770385269998453026e+00
1.336000000000000076e+00 7.973429103772310178e+00
1.362999999999999989e+00 8.180352901255515619e+00
1.390500000000000069e+00 8.391672589433783358e+00
1.418600000000000083e+00 8.607096333974320501e+00
1.447200000000000042e+00 8.826911831589889346e+00
1.476499999999999924e+00 9.051248894031171943e+00
1.506299999999999972e+00 9.279552260088406612e+00
1.536699999999999955e+00 9.512249775918732553e+00
1.567800000000000082e+00 9.749178275160431895e+00
1.599399999999999933e+00 9.990569905699056008e+00
1.631799999999999917e+00 1.023543564186286403e+01
1.664700000000000069e+00 1.048489487191031522e+01
1.698399999999999910e+00 1.073845137545415973e+01
1.732699999999999907e+00 1.099549972800553910e+01
1.767700000000000049e+00 1.125699771926186799e+01
1.803399999999999892e+00 1.152195174961964774e+01
1.839800000000000102e+00 1.179141034404192112e+01
1.877000000000000002e+00 1.206437358175086771e+01
1.914900000000000047e+00 1.234097170047583347e+01
1.953600000000000003e+00 1.262128274141666040e+01
1.993000000000000105e+00 1.290562401046327601e+01
2.033300000000000107e+00 1.319376263355472112e+01
2.074399999999999800e+00 1.348500908540278687e+01
2.116299999999999848e+00 1.377878354772113845e+01
2.158999999999999808e+00 1.407678854001832391e+01
2.202599999999999891e+00 1.437882229599860295e+01
2.247100000000000097e+00 1.468243057464943568e+01
2.292499999999999982e+00 1.498894337082972861e+01
2.338799999999999990e+00 1.530081103982568713e+01
2.386099999999999888e+00 1.561405179987087166e+01
2.434299999999999908e+00 1.593087439887159995e+01
2.483499999999999819e+00 1.624903848395142347e+01
2.533599999999999852e+00 1.657187587910810933e+01
2.584799999999999986e+00 1.689580364822017700e+01
2.637000000000000011e+00 1.722312045270816583e+01
2.690300000000000136e+00 1.755388357753012230e+01
2.744699999999999918e+00 1.788651682057068371e+01
2.800100000000000033e+00 1.822106542813503438e+01
2.856700000000000017e+00 1.855712275419707424e+01
2.914400000000000102e+00 1.889807067878433600e+01
2.973300000000000054e+00 1.923909514016668609e+01
3.033300000000000107e+00 1.958325440424322750e+01
3.094599999999999795e+00 1.992878314667090933e+01
3.157099999999999795e+00 2.027787063346147534e+01
3.220899999999999874e+00 2.062823663653120576e+01
3.286000000000000032e+00 2.098024753958559074e+01
3.352300000000000058e+00 2.133449544838272516e+01
3.420100000000000140e+00 2.169082862810926571e+01
3.489199999999999857e+00 2.204916499665998586e+01
3.559600000000000097e+00 2.240897223547906947e+01
3.631600000000000161e+00 2.277130468127784013e+01
3.704899999999999860e+00 2.313526749736531940e+01
3.779799999999999827e+00 2.350021171948796450e+01
3.856100000000000083e+00 2.386745626946907350e+01
3.934000000000000163e+00 2.423673322540025055e+01
4.013499999999999623e+00 2.460692002268859824e+01
4.094599999999999795e+00 2.497972811829239248e+01
4.177299999999999791e+00 2.535433728898545525e+01
4.261700000000000266e+00 2.572940918075994077e+01
4.347800000000000331e+00 2.610677504271925642e+01
4.435599999999999987e+00 2.648715582965085247e+01
4.525199999999999889e+00 2.686750063824355195e+01
4.616600000000000037e+00 2.725085910652920873e+01
4.709900000000000198e+00 2.763410502540937230e+01
4.804999999999999716e+00 2.802066631035097188e+01
4.902099999999999902e+00 2.840787008119925261e+01
5.001100000000000101e+00 2.879894875164257684e+01
5.102100000000000080e+00 2.918999239753956587e+01
5.205199999999999605e+00 2.958481785792190877e+01
5.310399999999999565e+00 2.997781687447410803e+01
5.417600000000000193e+00 3.037505030181086596e+01
5.527099999999999902e+00 3.077489837398373851e+01
5.638700000000000045e+00 3.117636574280366801e+01
5.752600000000000158e+00 3.158131682611141855e+01
5.868900000000000006e+00 3.198598361464811290e+01
5.987400000000000055e+00 3.239312243519817258e+01
6.108399999999999608e+00 3.280332440264640326e+01
6.231799999999999784e+00 3.321438027374552604e+01
6.357700000000000351e+00 3.362984148528769879e+01
6.486100000000000421e+00 3.404613657242013147e+01
6.617099999999999760e+00 3.446492382922700415e+01
6.750799999999999912e+00 3.488747117819303156e+01
6.887199999999999989e+00 3.531102901745813938e+01
7.026299999999999990e+00 3.573770491803279015e+01
7.168199999999999683e+00 3.616852540272614647e+01
7.312999999999999723e+00 3.660094321563440900e+01
7.460799999999999876e+00 3.703737649625135475e+01
7.611500000000000377e+00 3.747610311866370125e+01
7.765299999999999869e+00 3.791959962566627240e+01
7.922100000000000364e+00 3.836541346937026020e+01
8.082200000000000273e+00 3.881473451227499538e+01
8.245400000000000063e+00 3.926888476367270897e+01
8.412000000000000810e+00 3.972812319731132646e+01
8.581899999999999196e+00 4.018926277391557278e+01
8.755300000000000082e+00 4.065529923102641163e+01
8.932199999999999918e+00 4.112360870459017548e+01
9.112600000000000477e+00 4.159494768125812669e+01
9.296699999999999520e+00 4.207245430809399522e+01
9.484500000000000597e+00 4.255040946941022639e+01
9.676099999999999923e+00 4.303595399629939067e+01
9.871600000000000819e+00 4.351951032899769700e+01
1.007099999999999973e+01 4.401145669450159659e+01
