# # k[h/Mpc], Boost (P^NLCDM_NL/P^NLCDM_L)
1.000000000000000048e-04 1.000000000000000000e+00
1.020200000000000024e-04 1.000000000000000000e+00
1.040800000000000064e-04 1.000000000000000000e+00
1.061800000000000032e-04 1.000000000000000000e+00
1.083300000000000013e-04 1.000000000000000000e+00
1.105200000000000057e-04 1.000000000000000000e+00
1.127500000000000030e-04 1.000000000000000000e+00
1.150300000000000015e-04 1.000000000000000000e+00
1.173500000000000064e-04 1.000000000000000000e+00
1.197199999999999989e-04 1.000000000000000000e+00
1.221399999999999927e-04 1.000000000000000000e+00
1.246099999999999877e-04 1.000000000000000000e+00
1.271199999999999891e-04 1.000000000000000000e+00
1.296899999999999865e-04 1.000000000000000000e+00
1.323100000000000122e-04 1.000000000000000000e+00
1.349900000000000069e-04 1.000000000000000000e+00
1.377100000000000080e-04 1.000000000000000000e+00
1.404900000000000051e-04 1.000000000000000000e+00
1.433299999999999982e-04 1.000000000000000000e+00
1.462299999999999874e-04 1.000000000000000000e+00
1.491800000000000049e-04 1.000000000000000000e+00
1.522000000000000132e-04 1.000000000000000000e+00
1.552699999999999957e-04 1.000000000000000000e+00
1.584099999999999961e-04 1.000000000000000000e+00
1.616099999999999926e-04 1.000000000000000000e+00
1.648700000000000122e-04 1.000000000000000000e+00
1.681999999999999956e-04 1.000000000000000000e+00
1.715999999999999969e-04 1.000000000000000000e+00
1.750699999999999891e-04 1.000000000000000000e+00
1.786000000000000044e-04 1.000000000000000000e+00
1.822100000000000054e-04 1.000000000000000000e+00
1.858899999999999973e-04 1.000000000000000000e+00
1.896500000000000020e-04 1.000000000000000000e+00
1.934799999999999975e-04 1.000000000000000000e+00
1.973900000000000058e-04 1.000000000000000000e+00
2.013799999999999998e-04 1.000000000000000000e+00
2.054400000000000117e-04 1.000000000000000000e+00
2.095900000000000042e-04 1.000000000000000000e+00
2.138300000000000042e-04 1.000000000000000000e+00
2.181499999999999900e-04 1.000000000000000000e+00
2.225499999999999885e-04 1.000000000000000000e+00
2.270499999999999895e-04 1.000000000000000000e+00
2.316399999999999980e-04 1.000000000000000000e+00
2.363199999999999871e-04 1.000000000000000000e+00
2.410900000000000109e-04 1.000000000000000000e+00
2.459599999999999829e-04 1.000000000000000000e+00
2.509300000000000115e-04 1.000000000000000000e+00
2.559999999999999884e-04 1.000000000000000000e+00
2.611700000000000219e-04 1.000000000000000000e+00
2.664499999999999985e-04 1.000000000000000000e+00
2.718299999999999775e-04 1.000000000000000000e+00
2.773200000000000079e-04 1.000000000000000000e+00
2.829199999999999814e-04 1.000000000000000000e+00
2.886400000000000012e-04 1.000000000000000000e+00
2.944700000000000182e-04 1.000000000000000000e+00
3.004199999999999731e-04 1.000000000000000000e+00
3.064899999999999743e-04 1.000000000000000000e+00
3.126800000000000217e-04 1.000000000000000000e+00
3.189900000000000070e-04 1.000000000000000000e+00
3.254399999999999741e-04 1.000000000000000000e+00
3.320099999999999874e-04 1.000000000000000000e+00
3.387199999999999825e-04 1.000000000000000000e+00
3.455600000000000186e-04 1.000000000000000000e+00
3.525399999999999823e-04 1.000000000000000000e+00
3.596599999999999819e-04 1.000000000000000000e+00
3.669300000000000122e-04 1.000000000000000000e+00
3.743400000000000243e-04 1.000000000000000000e+00
3.819000000000000129e-04 1.000000000000000000e+00
3.896200000000000271e-04 1.000000000000000000e+00
3.974900000000000178e-04 1.000000000000000000e+00
4.055199999999999799e-04 1.000000000000000000e+00
4.137100000000000217e-04 1.000000000000000000e+00
4.220699999999999756e-04 1.000000000000000000e+00
4.306000000000000040e-04 1.000000000000000000e+00
4.392900000000000038e-04 1.000000000000000000e+00
4.481700000000000137e-04 1.000000000000000000e+00
4.572199999999999897e-04 1.000000000000000000e+00
4.664599999999999758e-04 1.000000000000000000e+00
4.758799999999999771e-04 1.000000000000000000e+00
4.854999999999999832e-04 1.000000000000000000e+00
4.952999999999999504e-04 1.000000000000000000e+00
5.053100000000000256e-04 1.000000000000000000e+00
5.155199999999999973e-04 1.000000000000000000e+00
5.259299999999999739e-04 1.000000000000000000e+00
5.365600000000000534e-04 1.000000000000000000e+00
5.473900000000000293e-04 1.000000000000000000e+00
5.584500000000000488e-04 1.000000000000000000e+00
5.697299999999999543e-04 1.000000000000000000e+00
5.812400000000000119e-04 1.000000000000000000e+00
5.929900000000000535e-04 1.000000000000000000e+00
6.049599999999999813e-04 1.000000000000000000e+00
6.171899999999999912e-04 1.000000000000000000e+00
6.296500000000000447e-04 1.000000000000000000e+00
6.423699999999999636e-04 1.000000000000000000e+00
6.553499999999999647e-04 1.000000000000000000e+00
6.685900000000000480e-04 1.000000000000000000e+00
6.821000000000000457e-04 1.000000000000000000e+00
6.958799999999999578e-04 1.000000000000000000e+00
7.099300000000000012e-04 1.000000000000000000e+00
7.242699999999999486e-04 1.000000000000000000e+00
7.389099999999999575e-04 1.000000000000000000e+00
7.538300000000000382e-04 1.000000000000000000e+00
7.690600000000000127e-04 1.000000000000000000e+00
7.845999999999999893e-04 1.000000000000000000e+00
8.004499999999999680e-04 1.000000000000000000e+00
8.166199999999999978e-04 1.000000000000000000e+00
8.331099999999999704e-04 1.000000000000000000e+00
8.499399999999999837e-04 1.000000000000000000e+00
8.671100000000000379e-04 1.000000000000000000e+00
8.846299999999999650e-04 1.000000000000000000e+00
9.024999999999999819e-04 1.000000000000000000e+00
9.207300000000000293e-04 1.000000000000000000e+00
9.393300000000000477e-04 1.000000000000000000e+00
9.583099999999999778e-04 1.000000000000000000e+00
9.776699999999999280e-04 1.000000000000000000e+00
9.974199999999999473e-04 1.000000000000000000e+00
1.017600000000000015e-03 1.000000000000000000e+00
1.038099999999999917e-03 1.000000000000000000e+00
1.059100000000000102e-03 1.000000000000000000e+00
1.080500000000000080e-03 1.000000000000000000e+00
1.102300000000000068e-03 1.000000000000000000e+00
1.124599999999999905e-03 1.000000000000000000e+00
1.147299999999999969e-03 1.000000000000000000e+00
1.170500000000000099e-03 1.000000000000000000e+00
1.194100000000000023e-03 1.000000000000000000e+00
1.218200000000000012e-03 1.000000000000000000e+00
1.242899999999999908e-03 1.000000000000000000e+00
1.268000000000000030e-03 1.000000000000000000e+00
1.293600000000000002e-03 1.000000000000000000e+00
1.319700000000000040e-03 1.000000000000000000e+00
1.346399999999999984e-03 1.000000000000000000e+00
1.373599999999999995e-03 1.000000000000000000e+00
1.401300000000000072e-03 1.000000000000000000e+00
1.429600000000000055e-03 1.000000000000000000e+00
1.458499999999999944e-03 1.000000000000000000e+00
1.487999999999999956e-03 1.000000000000000000e+00
1.518000000000000035e-03 1.000000000000000000e+00
1.548700000000000077e-03 1.000000000000000000e+00
1.580000000000000024e-03 1.000000000000000000e+00
1.611900000000000095e-03 1.000000000000000000e+00
1.644499999999999912e-03 1.000000000000000000e+00
1.677700000000000068e-03 1.000000000000000000e+00
1.711599999999999970e-03 1.000000000000000000e+00
1.746200000000000052e-03 1.000000000000000000e+00
1.781400000000000041e-03 1.000000000000000000e+00
1.817400000000000048e-03 1.000000000000000000e+00
1.854100000000000019e-03 1.000000000000000000e+00
1.891600000000000009e-03 1.000000000000000000e+00
1.929799999999999962e-03 1.000000000000000000e+00
1.968800000000000151e-03 1.000000000000000000e+00
2.008600000000000142e-03 1.000000000000000000e+00
2.049099999999999880e-03 1.000000000000000000e+00
2.090499999999999910e-03 1.000000000000000000e+00
2.132799999999999800e-03 1.000000000000000000e+00
2.175799999999999870e-03 1.000000000000000000e+00
2.219800000000000072e-03 1.000000000000000000e+00
2.264599999999999860e-03 1.000000000000000000e+00
2.310400000000000214e-03 1.000000000000000000e+00
2.357099999999999994e-03 1.000000000000000000e+00
2.404700000000000067e-03 1.000000000000000000e+00
2.453299999999999838e-03 1.000000000000000000e+00
2.502799999999999903e-03 1.000000000000000000e+00
2.553399999999999941e-03 1.000000000000000000e+00
2.605000000000000111e-03 1.000000000000000000e+00
2.657599999999999980e-03 1.000000000000000000e+00
2.711299999999999821e-03 1.000000000000000000e+00
2.765999999999999796e-03 1.000000000000000000e+00
2.821900000000000016e-03 1.000000000000000000e+00
2.878900000000000209e-03 1.000000000000000000e+00
2.937100000000000214e-03 1.000000000000000000e+00
2.996400000000000192e-03 1.000000000000000000e+00
3.056899999999999982e-03 1.000000000000000000e+00
3.118699999999999858e-03 1.000000000000000000e+00
3.181699999999999980e-03 1.000000000000000000e+00
3.246000000000000187e-03 1.000000000000000000e+00
3.311500000000000207e-03 1.000000000000000000e+00
3.378400000000000153e-03 1.000000000000000000e+00
3.446700000000000024e-03 1.000000000000000000e+00
3.516299999999999981e-03 1.000000000000000000e+00
3.587400000000000137e-03 1.000055374051719292e+00
3.659799999999999946e-03 1.000054537521815057e+00
3.733799999999999793e-03 1.000000000000000000e+00
3.809199999999999999e-03 9.999470843475499748e-01
3.886099999999999971e-03 9.999478677927223780e-01
3.964600000000000415e-03 9.998972725871898559e-01
4.044700000000000031e-03 9.999493850280912755e-01
4.126399999999999686e-03 1.000000000000000000e+00
4.209799999999999653e-03 1.000147478124078226e+00
4.294799999999999660e-03 1.000290739933129780e+00
4.381600000000000251e-03 1.000334384255278541e+00
4.470100000000000288e-03 1.000188386002919927e+00
4.560400000000000044e-03 9.998606789578785570e-01
4.652500000000000385e-03 9.993130295397297802e-01
4.746499999999999851e-03 9.985545869280455511e-01
4.842400000000000176e-03 9.978167884512564312e-01
4.940199999999999626e-03 9.970990286141268033e-01
5.040000000000000209e-03 9.965740058111800526e-01
5.141899999999999596e-03 9.963623914066845888e-01
5.245699999999999842e-03 9.962833129197110615e-01
5.351700000000000033e-03 9.963313461458289666e-01
5.459799999999999896e-03 9.963783027409662818e-01
5.570099999999999704e-03 9.963835839089800750e-01
5.682600000000000325e-03 9.963486076558863980e-01
5.797400000000000296e-03 9.963143502556176534e-01
5.914499999999999619e-03 9.962027794088862409e-01
6.034000000000000301e-03 9.960939010712765995e-01
6.155899999999999740e-03 9.959874656068480325e-01
6.280299999999999945e-03 9.958835303448015930e-01
6.407200000000000048e-03 9.957818507596400970e-01
6.536600000000000049e-03 9.957192412724186203e-01
6.668600000000000222e-03 9.956213967744289572e-01
6.803299999999999972e-03 9.955254041570438250e-01
6.940799999999999574e-03 9.954668760708166309e-01
7.080999999999999621e-03 9.953741304424591485e-01
7.224000000000000386e-03 9.952480782669461679e-01
7.369999999999999815e-03 9.951587246697558564e-01
7.518900000000000236e-03 9.950706877075274903e-01
7.670800000000000188e-03 9.949162882125669460e-01
7.825699999999999670e-03 9.948313475415337948e-01
7.983799999999999231e-03 9.947142714670389463e-01
8.145100000000000603e-03 9.945986891940848951e-01
8.309600000000000319e-03 9.944845142129825621e-01
8.477500000000000660e-03 9.943714821763601774e-01
8.648799999999999891e-03 9.942596927813232011e-01
8.823499999999999746e-03 9.941170858905460372e-01
9.001699999999999632e-03 9.939757136098407164e-01
9.183600000000000096e-03 9.938356593028350172e-01
9.369099999999999998e-03 9.937274872686622240e-01
9.558300000000000476e-03 9.935889532733325202e-01
9.751400000000000345e-03 9.934206499785788180e-01
9.948399999999999604e-03 9.932834913688305400e-01
1.014900000000000004e-02 9.931465491214298558e-01
1.035400000000000036e-02 9.929799297992979445e-01
1.056400000000000047e-02 9.928134784553451775e-01
1.077700000000000012e-02 9.926472768240979239e-01
1.099499999999999957e-02 9.924807595907174651e-01
1.121699999999999954e-02 9.923140107955878975e-01
1.144300000000000005e-02 9.921174787609844392e-01
1.167499999999999961e-02 9.919204836084631882e-01
1.191000000000000045e-02 9.917226209770779732e-01
1.215100000000000034e-02 9.915523007726906313e-01
1.239700000000000003e-02 9.913518172676339946e-01
1.264700000000000026e-02 9.911496820759581050e-01
1.290200000000000027e-02 9.909171403273256962e-01
1.316299999999999935e-02 9.907106627913603303e-01
1.342899999999999996e-02 9.904734821555524205e-01
1.370000000000000037e-02 9.902614917236876035e-01
1.397699999999999984e-02 9.900181488203266822e-01
1.425900000000000084e-02 9.897990989204046297e-01
1.454699999999999917e-02 9.895196011783367052e-01
1.484100000000000003e-02 9.892640643589598604e-01
1.514099999999999994e-02 9.890035143407777118e-01
1.544700000000000066e-02 9.887092198581560742e-01
1.575899999999999870e-02 9.884655814085627767e-01
1.607700000000000101e-02 9.881589434134122607e-01
1.640199999999999991e-02 9.878737731111618681e-01
1.673399999999999888e-02 9.875525796205683049e-01
1.707200000000000037e-02 9.872516366142184419e-01
1.741600000000000092e-02 9.869418581188204032e-01
1.776799999999999907e-02 9.865940875003619270e-01
1.812700000000000075e-02 9.862650953004510335e-01
1.849299999999999902e-02 9.859249722010885453e-01
1.886699999999999836e-02 9.856028264389813387e-01
1.924800000000000122e-02 9.852391961586342006e-01
1.963700000000000168e-02 9.848625085838832449e-01
2.003399999999999972e-02 9.844718627746013029e-01
2.043800000000000130e-02 9.840966341922364746e-01
2.085100000000000148e-02 9.837059724349157541e-01
2.127199999999999924e-02 9.832993134162182347e-01
2.170199999999999907e-02 9.829062499999999813e-01
2.214100000000000096e-02 9.824960505529225507e-01
2.258800000000000044e-02 9.820669373141962533e-01
2.304399999999999851e-02 9.816504854368931499e-01
2.350999999999999965e-02 9.812465165076554863e-01
2.398499999999999938e-02 9.807896835947885750e-01
2.446900000000000117e-02 9.803782745018710942e-01
2.496400000000000008e-02 9.799117073337667572e-01
2.546800000000000105e-02 9.794563403781979538e-01
2.598200000000000162e-02 9.790135669869982626e-01
2.650699999999999931e-02 9.785834920406769610e-01
2.704300000000000107e-02 9.781312854269519352e-01
2.758899999999999894e-02 9.776561278069489935e-01
2.814600000000000088e-02 9.771942473342692947e-01
2.871500000000000094e-02 9.767099969049829467e-01
2.929500000000000159e-02 9.762806851369484340e-01
2.988700000000000037e-02 9.758298420883015911e-01
3.048999999999999974e-02 9.753589205643999893e-01
3.110600000000000170e-02 9.749085865590719768e-01
3.173499999999999932e-02 9.745242084461055443e-01
3.237600000000000200e-02 9.740818836759795873e-01
3.302999999999999686e-02 9.735789710177488177e-01
3.369699999999999779e-02 9.731954022988505981e-01
3.437799999999999884e-02 9.727542233306667452e-01
3.507199999999999901e-02 9.723038389287607108e-01
3.578100000000000031e-02 9.719414172296464427e-01
3.650400000000000172e-02 9.714776111868342889e-01
3.724100000000000327e-02 9.710594315245477670e-01
3.799299999999999899e-02 9.706924826747077573e-01
3.876099999999999685e-02 9.702219815917704215e-01
3.954400000000000276e-02 9.698614958448753542e-01
4.034299999999999692e-02 9.694513715710723067e-01
4.115800000000000014e-02 9.690488610676404324e-01
4.198899999999999855e-02 9.685981751392345185e-01
4.283800000000000108e-02 9.682203389830508211e-01
4.370299999999999879e-02 9.677399419071750497e-01
4.458600000000000063e-02 9.672782296198222385e-01
4.548599999999999866e-02 9.667737789203084686e-01
4.640500000000000180e-02 9.662237350265104885e-01
4.734300000000000314e-02 9.656918259942708360e-01
4.829900000000000165e-02 9.651761517615176089e-01
4.927499999999999936e-02 9.645438898450946485e-01
5.027000000000000218e-02 9.638512096210319902e-01
5.128599999999999826e-02 9.633047057988501916e-01
5.232200000000000045e-02 9.625549074674155658e-01
5.337900000000000283e-02 9.618727631290628910e-01
5.445699999999999846e-02 9.610428084728188658e-01
5.555700000000000222e-02 9.603484529888856036e-01
5.668000000000000121e-02 9.595675017132414553e-01
5.782500000000000140e-02 9.587644787644787892e-01
5.899299999999999683e-02 9.580101840971406713e-01
6.018400000000000138e-02 9.572235032201638072e-01
6.140000000000000319e-02 9.566305927959941613e-01
6.264100000000000223e-02 9.559113300492610987e-01
6.390600000000000447e-02 9.552937244087907898e-01
6.519700000000000495e-02 9.547777210015329086e-01
6.651400000000000368e-02 9.543597322437624708e-01
6.785800000000000165e-02 9.540403591430349772e-01
6.922899999999999887e-02 9.538167243578065113e-01
7.062699999999999534e-02 9.537929099242353770e-01
7.205400000000000693e-02 9.540675844806006944e-01
7.351000000000000589e-02 9.545192689709972589e-01
7.499400000000000510e-02 9.551682346657902611e-01
7.650899999999999368e-02 9.560903952396666572e-01
7.805499999999999938e-02 9.572687370783535821e-01
7.963199999999999446e-02 9.587206626783250085e-01
8.124099999999999377e-02 9.604628852380381332e-01
8.288199999999999734e-02 9.624405506883604300e-01
8.455600000000000616e-02 9.646994221164657546e-01
8.626399999999999346e-02 9.671786182772190710e-01
8.800700000000000189e-02 9.698419271465492653e-01
8.978500000000000369e-02 9.726207163947626633e-01
9.159799999999999887e-02 9.754864600021775356e-01
9.344900000000000428e-02 9.783488793885218859e-01
9.533700000000000507e-02 9.810965354860411436e-01
9.726300000000000223e-02 9.836647974643863979e-01
9.922699999999999576e-02 9.859443525774677086e-01
1.012300000000000005e-01 9.879103815439218561e-01
1.032799999999999968e-01 9.895034009738722380e-01
1.053599999999999953e-01 9.907081187812148970e-01
1.074900000000000022e-01 9.915966386554623258e-01
1.096599999999999936e-01 9.922356198463174737e-01
1.118799999999999933e-01 9.927431355362130727e-01
1.141400000000000053e-01 9.932689917985253469e-01
1.164400000000000018e-01 9.939760304989785356e-01
1.188000000000000028e-01 9.950206043956044688e-01
1.212000000000000022e-01 9.965564889347049427e-01
1.236499999999999960e-01 9.987628216663667624e-01
1.261400000000000021e-01 1.001760563380281521e+00
1.286899999999999988e-01 1.005727431762084123e+00
1.312899999999999900e-01 1.010684399282725687e+00
1.339400000000000035e-01 1.016796671866874613e+00
1.366499999999999937e-01 1.024067159094006252e+00
1.394100000000000061e-01 1.032419881901049052e+00
1.422299999999999953e-01 1.041807636539391124e+00
1.451000000000000068e-01 1.051810336592045259e+00
1.480299999999999949e-01 1.062041226747109102e+00
1.510199999999999876e-01 1.072048946868736641e+00
1.540700000000000125e-01 1.081329172021296081e+00
1.571799999999999864e-01 1.089529474567223488e+00
1.603600000000000025e-01 1.096389337323306012e+00
1.635999999999999954e-01 1.101937623882529138e+00
1.668999999999999928e-01 1.106393544382371141e+00
1.702799999999999869e-01 1.110065017309803448e+00
1.737100000000000033e-01 1.113583541361797380e+00
1.772199999999999886e-01 1.117693592335413433e+00
1.807999999999999885e-01 1.123113653768187614e+00
1.844600000000000128e-01 1.130495334478436531e+00
1.881799999999999862e-01 1.140271493212669629e+00
1.919800000000000118e-01 1.152606206688761681e+00
1.958600000000000063e-01 1.167447738402401125e+00
1.998199999999999976e-01 1.184614531951449390e+00
2.038600000000000134e-01 1.203248232751066071e+00
2.079699999999999882e-01 1.222399901592963856e+00
2.121800000000000075e-01 1.240743129918720156e+00
2.164600000000000135e-01 1.257300497914143333e+00
2.208299999999999985e-01 1.271325939875845634e+00
2.253000000000000003e-01 1.283094844323002803e+00
2.298499999999999988e-01 1.292897223862965017e+00
2.344900000000000040e-01 1.302309731162438533e+00
2.392299999999999982e-01 1.313020468518950823e+00
2.440599999999999992e-01 1.326637203696263478e+00
2.489899999999999891e-01 1.343789104863602146e+00
2.540200000000000236e-01 1.364919003657899310e+00
2.591499999999999915e-01 1.389736097160076955e+00
2.643900000000000139e-01 1.416962486808020838e+00
2.697300000000000253e-01 1.444885299389740307e+00
2.751799999999999802e-01 1.471282040481054709e+00
2.807399999999999896e-01 1.494882640426044906e+00
2.864099999999999979e-01 1.515615779200145230e+00
2.921900000000000053e-01 1.534441137178615744e+00
2.980999999999999761e-01 1.553396883770444159e+00
3.041200000000000014e-01 1.575046634200082618e+00
3.102599999999999802e-01 1.600900303136749914e+00
3.165299999999999780e-01 1.631497474335994680e+00
3.229199999999999848e-01 1.666003411028993852e+00
3.294500000000000206e-01 1.702108662331284661e+00
3.361000000000000099e-01 1.737683503359044757e+00
3.428899999999999726e-01 1.771204561653599407e+00
3.498200000000000198e-01 1.801988191956400920e+00
3.568899999999999850e-01 1.831990513061979131e+00
3.640900000000000247e-01 1.863735070575461616e+00
3.714500000000000024e-01 1.899446598652260842e+00
3.789500000000000091e-01 1.939489132782282743e+00
3.866100000000000092e-01 1.983239306595548257e+00
3.944199999999999928e-01 2.028356481481481399e+00
4.023900000000000254e-01 2.072822806036892285e+00
4.105199999999999960e-01 2.115810791936310054e+00
4.188100000000000156e-01 2.158274426261256984e+00
4.272699999999999831e-01 2.202538659144713584e+00
4.359000000000000097e-01 2.250347668652095123e+00
4.447099999999999942e-01 2.302138378555978360e+00
4.536899999999999822e-01 2.356526213481219045e+00
4.628599999999999937e-01 2.411699779249448117e+00
4.722100000000000186e-01 2.466662520213956711e+00
4.817400000000000015e-01 2.522032141005702499e+00
4.914799999999999724e-01 2.579309879127557714e+00
5.014100000000000223e-01 2.639974646101838296e+00
5.115300000000000402e-01 2.703811238928295779e+00
5.218699999999999450e-01 2.769785552614416613e+00
5.324100000000000499e-01 2.836688948484969774e+00
5.431700000000000417e-01 2.905328656142988297e+00
5.541399999999999659e-01 2.976078431372549016e+00
5.653299999999999992e-01 3.049061064884281524e+00
5.767499999999999849e-01 3.124228907658725962e+00
5.884000000000000341e-01 3.201773067208162349e+00
6.002899999999999903e-01 3.281873642849757022e+00
6.124199999999999644e-01 3.364387110703297878e+00
6.247899999999999565e-01 3.449447700631199432e+00
6.374100000000000321e-01 3.537193973634651822e+00
6.502900000000000347e-01 3.627658266748617688e+00
6.634200000000000097e-01 3.720806317005842079e+00
6.768300000000000427e-01 3.816724785407724863e+00
6.905000000000000027e-01 3.915510718789406930e+00
7.044500000000000206e-01 4.017200995461864821e+00
7.186799999999999855e-01 4.121835564053537126e+00
7.331999999999999629e-01 4.229459718670076640e+00
7.480099999999999527e-01 4.340294019378550416e+00
7.631200000000000205e-01 4.454251789767766034e+00
7.785400000000000098e-01 4.571689331021265623e+00
7.942599999999999660e-01 4.692300353019749792e+00
8.103099999999999747e-01 4.816059850374064588e+00
8.266799999999999704e-01 4.943933909814434813e+00
8.433800000000000185e-01 5.075103901912231485e+00
8.604100000000000081e-01 5.210039931545921377e+00
8.778000000000000247e-01 5.348648487379914940e+00
8.955300000000000482e-01 5.491329479768785937e+00
9.136199999999999877e-01 5.637817079861020098e+00
9.320800000000000196e-01 5.788502542233885606e+00
9.509100000000000330e-01 5.943100710883526538e+00
9.701100000000000279e-01 6.102037455650533460e+00
9.897099999999999786e-01 6.265101775389002370e+00
1.009700000000000042e+00 6.432742782152230276e+00
1.030100000000000016e+00 6.604723057106054007e+00
1.050899999999999945e+00 6.781160645242505502e+00
1.072100000000000053e+00 6.962146892655367125e+00
1.093800000000000106e+00 7.147985246839313689e+00
1.115899999999999892e+00 7.338443103875711415e+00
1.138400000000000079e+00 7.533707014088774301e+00
1.161399999999999988e+00 7.733817027547898348e+00
1.184900000000000064e+00 7.938661091842067918e+00
1.208800000000000097e+00 8.148867313915856059e+00
1.233300000000000063e+00 8.363726487699249645e+00
1.258199999999999985e+00 8.584124032703508433e+00
1.283600000000000074e+00 8.809366849150162437e+00
1.309500000000000108e+00 9.039692316937593120e+00
1.336000000000000076e+00 9.275453629032258007e+00
1.362999999999999989e+00 9.516747043667834305e+00
1.390500000000000069e+00 9.763075857291305226e+00
1.418600000000000083e+00 1.001489338515746930e+01
1.447200000000000042e+00 1.027203108926734565e+01
1.476499999999999924e+00 1.053472943809447848e+01
1.506299999999999972e+00 1.080241479059237797e+01
1.536699999999999955e+00 1.107631405322190510e+01
1.567800000000000082e+00 1.135493100742997008e+01
1.599399999999999933e+00 1.163970944309927447e+01
1.631799999999999917e+00 1.192956601280617868e+01
1.664700000000000069e+00 1.222518534321830685e+01
1.698399999999999910e+00 1.252589150758551284e+01
1.732699999999999907e+00 1.283170760371371522e+01
1.767700000000000049e+00 1.314354450681635988e+01
1.803399999999999892e+00 1.346091574379897615e+01
1.839800000000000102e+00 1.378348973208214368e+01
1.877000000000000002e+00 1.411109524489504352e+01
1.914900000000000047e+00 1.444477768613631241e+01
1.953600000000000003e+00 1.478267716535433252e+01
1.993000000000000105e+00 1.512570294409526994e+01
2.033300000000000107e+00 1.547515635858234795e+01
2.074399999999999800e+00 1.582846715328467013e+01
2.116299999999999848e+00 1.618709862934917965e+01
2.158999999999999808e+00 1.655069632553596648e+01
2.202599999999999891e+00 1.692022852306390135e+01
2.247100000000000097e+00 1.729343367534098519e+01
2.292499999999999982e+00 1.767158809512685025e+01
2.338799999999999990e+00 1.805449858843746114e+01
2.386099999999999888e+00 1.844203085496104322e+01
2.434299999999999908e+00 1.883413543008201785e+01
2.483499999999999819e+00 1.923060483009189880e+01
2.533599999999999852e+00 1.963039506394704858e+01
2.584799999999999986e+00 2.003589081635865554e+01
2.637000000000000011e+00 2.044412820809822406e+01
2.690300000000000136e+00 2.085826607291956591e+01
2.744699999999999918e+00 2.127496159754224436e+01
2.800100000000000033e+00 2.169415926481332235e+01
2.856700000000000017e+00 2.211913569017443848e+01
2.914400000000000102e+00 2.254691518075361856e+01
2.973300000000000054e+00 2.297825746910683264e+01
3.033300000000000107e+00 2.341267416997580142e+01
3.094599999999999795e+00 2.384987893462469799e+01
3.157099999999999795e+00 2.429083634285120397e+01
3.220899999999999874e+00 2.473402366055572088e+01
3.286000000000000032e+00 2.518043902999655259e+01
3.352300000000000058e+00 2.562924913128871296e+01
3.420100000000000140e+00 2.608026947154342423e+01
3.489199999999999857e+00 2.653398836976137787e+01
3.559600000000000097e+00 2.698956099961337074e+01
3.631600000000000161e+00 2.744778381575542525e+01
3.704899999999999860e+00 2.790746500777605021e+01
3.779799999999999827e+00 2.836761398487017161e+01
3.856100000000000083e+00 2.883058793170186718e+01
3.934000000000000163e+00 2.929521396905817809e+01
4.013499999999999623e+00 2.976020553811019198e+01
4.094599999999999795e+00 3.022669268878546944e+01
4.177299999999999791e+00 3.069372072214327218e+01
4.261700000000000266e+00 3.116259757515362949e+01
4.347800000000000331e+00 3.162978921625713014e+01
4.435599999999999987e+00 3.209946104850563131e+01
4.525199999999999889e+00 3.256682769726248239e+01
4.616600000000000037e+00 3.303794037940379980e+01
4.709900000000000198e+00 3.350577169730654248e+01
4.804999999999999716e+00 3.397332134292565797e+01
4.902099999999999902e+00 3.444313076377394367e+01
5.001100000000000101e+00 3.490799071618037175e+01
5.102100000000000080e+00 3.537442245662976603e+01
5.205199999999999605e+00 3.584120289722196873e+01
5.310399999999999565e+00 3.630350944851524275e+01
5.417600000000000193e+00 3.676718106787257057e+01
5.527099999999999902e+00 3.722824638283807275e+01
5.638700000000000045e+00 3.768765906874011762e+01
5.752600000000000158e+00 3.814503483807075668e+01
5.868900000000000006e+00 3.860018842663757965e+01
5.987400000000000055e+00 3.905370177267987231e+01
6.108399999999999608e+00 3.950444709397141452e+01
6.231799999999999784e+00 3.995216345114764778e+01
6.357700000000000351e+00 4.039749144120943924e+01
6.486100000000000421e+00 4.084053955058684693e+01
6.617099999999999760e+00 4.128007232425373729e+01
6.750799999999999912e+00 4.171697083824642505e+01
6.887199999999999989e+00 4.214888264022494724e+01
7.026299999999999990e+00 4.257797308858987151e+01
7.168199999999999683e+00 4.300429184549356165e+01
7.312999999999999723e+00 4.342605520352270787e+01
7.460799999999999876e+00 4.384297613941624405e+01
7.611500000000000377e+00 4.425677278550077887e+01
7.765299999999999869e+00 4.466547013660384380e+01
7.922100000000000364e+00 4.507189816391209547e+01
8.082200000000000273e+00 4.547155791617359455e+01
8.245400000000000063e+00 4.586827039842711429e+01
8.412000000000000810e+00 4.625782151752626703e+01
8.581899999999999196e+00 4.664475573566483035e+01
8.755300000000000082e+00 4.702845841852981579e+01
8.932199999999999918e+00 4.740326044857575738e+01
9.112600000000000477e+00 4.777720245580294289e+01
9.296699999999999520e+00 4.814699712532048892e+01
9.484500000000000597e+00 4.851069038681247036e+01
9.676099999999999923e+00 4.887079494321834261e+01
9.871600000000000819e+00 4.922806859612008168e+01
1.007099999999999973e+01 4.957927578708518013e+01
