# # k[h/Mpc], Boost (P^NLCDM_NL/P^NLCDM_L)
1.000000000000000048e-04 1.000000000000000000e+00
1.020200000000000024e-04 1.000000000000000000e+00
1.040800000000000064e-04 1.000000000000000000e+00
1.061800000000000032e-04 1.000000000000000000e+00
1.083300000000000013e-04 1.000000000000000000e+00
1.105200000000000057e-04 1.000000000000000000e+00
1.127500000000000030e-04 1.000000000000000000e+00
1.150300000000000015e-04 1.000000000000000000e+00
1.173500000000000064e-04 1.000000000000000000e+00
1.197199999999999989e-04 1.000000000000000000e+00
1.221399999999999927e-04 1.000000000000000000e+00
1.246099999999999877e-04 1.000000000000000000e+00
1.271199999999999891e-04 1.000000000000000000e+00
1.296899999999999865e-04 1.000000000000000000e+00
1.323100000000000122e-04 1.000000000000000000e+00
1.349900000000000069e-04 1.000000000000000000e+00
1.377100000000000080e-04 1.000000000000000000e+00
1.404900000000000051e-04 1.000000000000000000e+00
1.433299999999999982e-04 1.000000000000000000e+00
1.462299999999999874e-04 1.000000000000000000e+00
1.491800000000000049e-04 1.000000000000000000e+00
1.522000000000000132e-04 1.000000000000000000e+00
1.552699999999999957e-04 1.000000000000000000e+00
1.584099999999999961e-04 1.000000000000000000e+00
1.616099999999999926e-04 1.000000000000000000e+00
1.648700000000000122e-04 1.000000000000000000e+00
1.681999999999999956e-04 1.000000000000000000e+00
1.715999999999999969e-04 1.000000000000000000e+00
1.750699999999999891e-04 1.000000000000000000e+00
1.786000000000000044e-04 1.000000000000000000e+00
1.822100000000000054e-04 1.000000000000000000e+00
1.858899999999999973e-04 1.000000000000000000e+00
1.896500000000000020e-04 1.000000000000000000e+00
1.934799999999999975e-04 1.000000000000000000e+00
1.973900000000000058e-04 1.000000000000000000e+00
2.013799999999999998e-04 1.000000000000000000e+00
2.054400000000000117e-04 1.000000000000000000e+00
2.095900000000000042e-04 1.000000000000000000e+00
2.138300000000000042e-04 1.000000000000000000e+00
2.181499999999999900e-04 1.000000000000000000e+00
2.225499999999999885e-04 1.000000000000000000e+00
2.270499999999999895e-04 1.000000000000000000e+00
2.316399999999999980e-04 1.000000000000000000e+00
2.363199999999999871e-04 1.000000000000000000e+00
2.410900000000000109e-04 1.000000000000000000e+00
2.459599999999999829e-04 1.000000000000000000e+00
2.509300000000000115e-04 1.000000000000000000e+00
2.559999999999999884e-04 1.000000000000000000e+00
2.611700000000000219e-04 1.000000000000000000e+00
2.664499999999999985e-04 1.000000000000000000e+00
2.718299999999999775e-04 1.000000000000000000e+00
2.773200000000000079e-04 1.000000000000000000e+00
2.829199999999999814e-04 1.000000000000000000e+00
2.886400000000000012e-04 1.000000000000000000e+00
2.944700000000000182e-04 1.000000000000000000e+00
3.004199999999999731e-04 1.000000000000000000e+00
3.064899999999999743e-04 1.000000000000000000e+00
3.126800000000000217e-04 1.000000000000000000e+00
3.189900000000000070e-04 1.000000000000000000e+00
3.254399999999999741e-04 1.000000000000000000e+00
3.320099999999999874e-04 1.000000000000000000e+00
3.387199999999999825e-04 1.000000000000000000e+00
3.455600000000000186e-04 1.000000000000000000e+00
3.525399999999999823e-04 1.000000000000000000e+00
3.596599999999999819e-04 1.000000000000000000e+00
3.669300000000000122e-04 1.000000000000000000e+00
3.743400000000000243e-04 1.000000000000000000e+00
3.819000000000000129e-04 1.000000000000000000e+00
3.896200000000000271e-04 1.000000000000000000e+00
3.974900000000000178e-04 1.000000000000000000e+00
4.055199999999999799e-04 1.000000000000000000e+00
4.137100000000000217e-04 1.000000000000000000e+00
4.220699999999999756e-04 1.000000000000000000e+00
4.306000000000000040e-04 1.000000000000000000e+00
4.392900000000000038e-04 1.000000000000000000e+00
4.481700000000000137e-04 1.000000000000000000e+00
4.572199999999999897e-04 1.000000000000000000e+00
4.664599999999999758e-04 1.000000000000000000e+00
4.758799999999999771e-04 1.000000000000000000e+00
4.854999999999999832e-04 1.000000000000000000e+00
4.952999999999999504e-04 1.000000000000000000e+00
5.053100000000000256e-04 1.000000000000000000e+00
5.155199999999999973e-04 1.000000000000000000e+00
5.259299999999999739e-04 1.000000000000000000e+00
5.365600000000000534e-04 1.000000000000000000e+00
5.473900000000000293e-04 1.000000000000000000e+00
5.584500000000000488e-04 1.000000000000000000e+00
5.697299999999999543e-04 1.000000000000000000e+00
5.812400000000000119e-04 1.000000000000000000e+00
5.929900000000000535e-04 1.000000000000000000e+00
6.049599999999999813e-04 1.000000000000000000e+00
6.171899999999999912e-04 1.000000000000000000e+00
6.296500000000000447e-04 1.000000000000000000e+00
6.423699999999999636e-04 1.000000000000000000e+00
6.553499999999999647e-04 1.000000000000000000e+00
6.685900000000000480e-04 1.000000000000000000e+00
6.821000000000000457e-04 1.000000000000000000e+00
6.958799999999999578e-04 1.000000000000000000e+00
7.099300000000000012e-04 1.000000000000000000e+00
7.242699999999999486e-04 1.000000000000000000e+00
7.389099999999999575e-04 1.000000000000000000e+00
7.538300000000000382e-04 1.000000000000000000e+00
7.690600000000000127e-04 1.000000000000000000e+00
7.845999999999999893e-04 1.000000000000000000e+00
8.004499999999999680e-04 1.000000000000000000e+00
8.166199999999999978e-04 1.000000000000000000e+00
8.331099999999999704e-04 1.000000000000000000e+00
8.499399999999999837e-04 1.000000000000000000e+00
8.671100000000000379e-04 1.000000000000000000e+00
8.846299999999999650e-04 1.000000000000000000e+00
9.024999999999999819e-04 1.000000000000000000e+00
9.207300000000000293e-04 1.000000000000000000e+00
9.393300000000000477e-04 1.000000000000000000e+00
9.583099999999999778e-04 1.000000000000000000e+00
9.776699999999999280e-04 1.000000000000000000e+00
9.974199999999999473e-04 1.000000000000000000e+00
1.017600000000000015e-03 1.000000000000000000e+00
1.038099999999999917e-03 1.000000000000000000e+00
1.059100000000000102e-03 1.000000000000000000e+00
1.080500000000000080e-03 1.000000000000000000e+00
1.102300000000000068e-03 1.000000000000000000e+00
1.124599999999999905e-03 1.000000000000000000e+00
1.147299999999999969e-03 1.000000000000000000e+00
1.170500000000000099e-03 1.000000000000000000e+00
1.194100000000000023e-03 1.000000000000000000e+00
1.218200000000000012e-03 1.000000000000000000e+00
1.242899999999999908e-03 1.000000000000000000e+00
1.268000000000000030e-03 1.000000000000000000e+00
1.293600000000000002e-03 1.000000000000000000e+00
1.319700000000000040e-03 1.000000000000000000e+00
1.346399999999999984e-03 1.000000000000000000e+00
1.373599999999999995e-03 1.000000000000000000e+00
1.401300000000000072e-03 1.000000000000000000e+00
1.429600000000000055e-03 1.000000000000000000e+00
1.458499999999999944e-03 1.000000000000000000e+00
1.487999999999999956e-03 1.000000000000000000e+00
1.518000000000000035e-03 1.000000000000000000e+00
1.548700000000000077e-03 1.000000000000000000e+00
1.580000000000000024e-03 1.000000000000000000e+00
1.611900000000000095e-03 1.000000000000000000e+00
1.644499999999999912e-03 1.000000000000000000e+00
1.677700000000000068e-03 1.000000000000000000e+00
1.711599999999999970e-03 1.000000000000000000e+00
1.746200000000000052e-03 1.000000000000000000e+00
1.781400000000000041e-03 1.000000000000000000e+00
1.817400000000000048e-03 1.000000000000000000e+00
1.854100000000000019e-03 1.000000000000000000e+00
1.891600000000000009e-03 1.000000000000000000e+00
1.929799999999999962e-03 1.000000000000000000e+00
1.968800000000000151e-03 1.000000000000000000e+00
2.008600000000000142e-03 1.000000000000000000e+00
2.049099999999999880e-03 1.000000000000000000e+00
2.090499999999999910e-03 1.000000000000000000e+00
2.132799999999999800e-03 1.000000000000000000e+00
2.175799999999999870e-03 1.000000000000000000e+00
2.219800000000000072e-03 1.000000000000000000e+00
2.264599999999999860e-03 1.000000000000000000e+00
2.310400000000000214e-03 1.000000000000000000e+00
2.357099999999999994e-03 1.000000000000000000e+00
2.404700000000000067e-03 1.000000000000000000e+00
2.453299999999999838e-03 1.000000000000000000e+00
2.502799999999999903e-03 1.000000000000000000e+00
2.553399999999999941e-03 1.000000000000000000e+00
2.605000000000000111e-03 1.000000000000000000e+00
2.657599999999999980e-03 1.000000000000000000e+00
2.711299999999999821e-03 1.000000000000000000e+00
2.765999999999999796e-03 1.000000000000000000e+00
2.821900000000000016e-03 1.000000000000000000e+00
2.878900000000000209e-03 1.000000000000000000e+00
2.937100000000000214e-03 1.000000000000000000e+00
2.996400000000000192e-03 1.000000000000000000e+00
3.056899999999999982e-03 1.000000000000000000e+00
3.118699999999999858e-03 1.000000000000000000e+00
3.181699999999999980e-03 1.000000000000000000e+00
3.246000000000000187e-03 1.000000000000000000e+00
3.311500000000000207e-03 1.000000000000000000e+00
3.378400000000000153e-03 1.000000000000000000e+00
3.446700000000000024e-03 1.000000000000000000e+00
3.516299999999999981e-03 1.000000000000000000e+00
3.587400000000000137e-03 1.000000000000000000e+00
3.659799999999999946e-03 1.000000000000000000e+00
3.733799999999999793e-03 1.000000000000000000e+00
3.809199999999999999e-03 1.000000000000000000e+00
3.886099999999999971e-03 1.000077887685956846e+00
3.964600000000000415e-03 1.000000000000000000e+00
4.044700000000000031e-03 9.999241447318516496e-01
4.126399999999999686e-03 1.000000000000000000e+00
4.209799999999999653e-03 9.999260847069258995e-01
4.294799999999999660e-03 9.999270232795738345e-01
4.381600000000000251e-03 9.999279435077100819e-01
4.470100000000000288e-03 1.000071159183092639e+00
4.560400000000000044e-03 1.000140558015320869e+00
4.652500000000000385e-03 1.000208261020478995e+00
4.746499999999999851e-03 1.000205733095597349e+00
4.842400000000000176e-03 1.000135510535944183e+00
4.940199999999999626e-03 9.998660953401178331e-01
5.040000000000000209e-03 9.995368226030569847e-01
5.141899999999999596e-03 9.989536328559283085e-01
5.245699999999999842e-03 9.985130592190328835e-01
5.351700000000000033e-03 9.980824544582933555e-01
5.459799999999999896e-03 9.977878902793578808e-01
5.570099999999999704e-03 9.976248515532221139e-01
5.682600000000000325e-03 9.975272007912957539e-01
5.797400000000000296e-03 9.976148247813589887e-01
5.914499999999999619e-03 9.976402250862225207e-01
6.034000000000000301e-03 9.976649503053526269e-01
6.155899999999999740e-03 9.976297700876984864e-01
6.280299999999999945e-03 9.975951668719572618e-01
6.407200000000000048e-03 9.975611172405783877e-01
6.536600000000000049e-03 9.974701011959521413e-01
6.668600000000000222e-03 9.974376494704475515e-01
6.803299999999999972e-03 9.973492752805820372e-01
6.940799999999999574e-03 9.973181361045927451e-01
7.080999999999999621e-03 9.972320637732506876e-01
7.224000000000000386e-03 9.972021066491112418e-01
7.369999999999999815e-03 9.971723762914627143e-01
7.518900000000000236e-03 9.971428571428571086e-01
7.670800000000000188e-03 9.970602383879416664e-01
7.825699999999999670e-03 9.970315398886827607e-01
7.983799999999999231e-03 9.969504180030496210e-01
8.145100000000000603e-03 9.969222743870631565e-01
8.309600000000000319e-03 9.968424866711527166e-01
8.477500000000000660e-03 9.968147957873105813e-01
8.648799999999999891e-03 9.967361925646386345e-01
8.823499999999999746e-03 9.967086941110941956e-01
9.001699999999999632e-03 9.966309649519786706e-01
9.183600000000000096e-03 9.966035662554317831e-01
9.369099999999999998e-03 9.964769513223837860e-01
9.558300000000000476e-03 9.964990138067061354e-01
9.751400000000000345e-03 9.963734378828718041e-01
9.948399999999999604e-03 9.963459196102314452e-01
1.014900000000000004e-02 9.962697413041371464e-01
1.035400000000000036e-02 9.961936882678872340e-01
1.056400000000000047e-02 9.961175286392177641e-01
1.077700000000000012e-02 9.960890923832689259e-01
1.099499999999999957e-02 9.960125320421532313e-01
1.121699999999999954e-02 9.959359198525589152e-01
1.144300000000000005e-02 9.959058823529411963e-01
1.167499999999999961e-02 9.958284509022732323e-01
1.191000000000000045e-02 9.957504436350050891e-01
1.215100000000000034e-02 9.957183413226602386e-01
1.239700000000000003e-02 9.956390628624448569e-01
1.264700000000000026e-02 9.955590507470971628e-01
1.290200000000000027e-02 9.954321044617726599e-01
1.316299999999999935e-02 9.953963723414049891e-01
1.342899999999999996e-02 9.953593089505605729e-01
1.370000000000000037e-02 9.952752293577982190e-01
1.397699999999999984e-02 9.951440743964451441e-01
1.425900000000000084e-02 9.951029748283752863e-01
1.454699999999999917e-02 9.950146359312110889e-01
1.484100000000000003e-02 9.949702789208961784e-01
1.514099999999999994e-02 9.948783610755441709e-01
1.544700000000000066e-02 9.948302680940617204e-01
1.575899999999999870e-02 9.947344322344322531e-01
1.607700000000000101e-02 9.946820703250355278e-01
1.640199999999999991e-02 9.945816879419597800e-01
1.673399999999999888e-02 9.945247078310481825e-01
1.707200000000000037e-02 9.945110701107010565e-01
1.741600000000000092e-02 9.944028124710888594e-01
1.776799999999999907e-02 9.943376960920820018e-01
1.812700000000000075e-02 9.942697414395527122e-01
1.849299999999999902e-02 9.941988304093567486e-01
1.886699999999999836e-02 9.941712888972454865e-01
1.924800000000000122e-02 9.940937440937440694e-01
1.963700000000000168e-02 9.940600646264968754e-01
2.003399999999999972e-02 9.939756155868993970e-01
2.043800000000000130e-02 9.939350180505415189e-01
2.085100000000000148e-02 9.938912052748957171e-01
2.127199999999999924e-02 9.938437484731519334e-01
2.170199999999999907e-02 9.937924918711202871e-01
2.214100000000000096e-02 9.937869675431184602e-01
2.258800000000000044e-02 9.937283628518388534e-01
2.304399999999999851e-02 9.937161100694268390e-01
2.350999999999999965e-02 9.936494929837140777e-01
2.398499999999999938e-02 9.936302433972035164e-01
2.446900000000000117e-02 9.936599423631123917e-01
2.496400000000000008e-02 9.935815828559304563e-01
2.546800000000000105e-02 9.936055883933369026e-01
2.598200000000000162e-02 9.936274509803921795e-01
2.650699999999999931e-02 9.936474617466718451e-01
2.704300000000000107e-02 9.936655642132407040e-01
2.758899999999999894e-02 9.937386156648452262e-01
2.814600000000000088e-02 9.937539760569081837e-01
2.871500000000000094e-02 9.938264346190027743e-01
2.929500000000000159e-02 9.938998863704323616e-01
2.988700000000000037e-02 9.940345751156561827e-01
3.048999999999999974e-02 9.941110835606248308e-01
3.110600000000000170e-02 9.941893513547653827e-01
3.173499999999999932e-02 9.943339128195222143e-01
3.237600000000000200e-02 9.944838455476753269e-01
3.302999999999999686e-02 9.946391476244722529e-01
3.369699999999999779e-02 9.948009303598303044e-01
3.437799999999999884e-02 9.950394746035072790e-01
3.507199999999999901e-02 9.952887429509601480e-01
3.578100000000000031e-02 9.955497191216167163e-01
3.650400000000000172e-02 9.957488066825775919e-01
3.724100000000000327e-02 9.961101365265807583e-01
3.799299999999999899e-02 9.964115765660347401e-01
3.876099999999999685e-02 9.966485796361315153e-01
3.954400000000000276e-02 9.970612244897959497e-01
4.034299999999999692e-02 9.974110572907967098e-01
4.115800000000000014e-02 9.977787270397265873e-01
4.198899999999999855e-02 9.982520538367418705e-01
4.283800000000000108e-02 9.986591579511933103e-01
4.370299999999999879e-02 9.991771804717498595e-01
4.458600000000000063e-02 9.995326229201719759e-01
4.548599999999999866e-02 1.000095556617295767e+00
4.640500000000000180e-02 1.000585823081429515e+00
4.734300000000000314e-02 1.000997108385681456e+00
4.829900000000000165e-02 1.001608060658490507e+00
4.927499999999999936e-02 1.002138615506000585e+00
5.027000000000000218e-02 1.002667061786931324e+00
5.128599999999999826e-02 1.003202812435970648e+00
5.232200000000000045e-02 1.003745153814894930e+00
5.337900000000000283e-02 1.004293381037566935e+00
5.445699999999999846e-02 1.004835369877352225e+00
5.555700000000000222e-02 1.005381321606295675e+00
5.668000000000000121e-02 1.005930528099406862e+00
5.782500000000000140e-02 1.006482555705725535e+00
5.899299999999999683e-02 1.007037460193985989e+00
6.018400000000000138e-02 1.007595874760699006e+00
6.140000000000000319e-02 1.008171001104528619e+00
6.264100000000000223e-02 1.008764879243694290e+00
6.390600000000000447e-02 1.009379621701564700e+00
6.519700000000000495e-02 1.010031149358534330e+00
6.651400000000000368e-02 1.010723356222368530e+00
6.785800000000000165e-02 1.011461043406819194e+00
6.922899999999999887e-02 1.012277908146161698e+00
7.062699999999999534e-02 1.013153577287966289e+00
7.205400000000000693e-02 1.014139380143582736e+00
7.351000000000000589e-02 1.015216741405082335e+00
7.499400000000000510e-02 1.016396711454690349e+00
7.650899999999999368e-02 1.017722836284511434e+00
7.805499999999999938e-02 1.019194543683013876e+00
7.963199999999999446e-02 1.020844853298480404e+00
8.124099999999999377e-02 1.022657982261640841e+00
8.288199999999999734e-02 1.024667659353079463e+00
8.455600000000000616e-02 1.026875116322352399e+00
8.626399999999999346e-02 1.029277537128713060e+00
8.800700000000000189e-02 1.031910184700816968e+00
8.978500000000000369e-02 1.034723386420787872e+00
9.159799999999999887e-02 1.037766759135885897e+00
9.344900000000000428e-02 1.040974832023687346e+00
9.533700000000000507e-02 1.044337315063288418e+00
9.726300000000000223e-02 1.047811131183647326e+00
9.922699999999999576e-02 1.051366598830469679e+00
1.012300000000000005e-01 1.054884742041712453e+00
1.032799999999999968e-01 1.058367811623580401e+00
1.053599999999999953e-01 1.061709951735233304e+00
1.074900000000000022e-01 1.064862301010879531e+00
1.096599999999999936e-01 1.067781099383808385e+00
1.118799999999999933e-01 1.070475892298058840e+00
1.141400000000000053e-01 1.072935368043087978e+00
1.164400000000000018e-01 1.075163826998689398e+00
1.188000000000000028e-01 1.077290969899665551e+00
1.212000000000000022e-01 1.079355873221657269e+00
1.236499999999999960e-01 1.081482770623042100e+00
1.261400000000000021e-01 1.083739114981340013e+00
1.286899999999999988e-01 1.086235730386097664e+00
1.312899999999999900e-01 1.089173874142558729e+00
1.339400000000000035e-01 1.092564898960849851e+00
1.366499999999999937e-01 1.096663104144400824e+00
1.394100000000000061e-01 1.101525966034949455e+00
1.422299999999999953e-01 1.107194674404710977e+00
1.451000000000000068e-01 1.113645476010157509e+00
1.480299999999999949e-01 1.121017028224865930e+00
1.510199999999999876e-01 1.129174419743413926e+00
1.540700000000000125e-01 1.137968299711815678e+00
1.571799999999999864e-01 1.147230636088273581e+00
1.603600000000000025e-01 1.156711333181921431e+00
1.635999999999999954e-01 1.166022707008262493e+00
1.668999999999999928e-01 1.174756679685078575e+00
1.702799999999999869e-01 1.182637235343329651e+00
1.737100000000000033e-01 1.189611598829475980e+00
1.772199999999999886e-01 1.195632829077965642e+00
1.807999999999999885e-01 1.200983491394450153e+00
1.844600000000000128e-01 1.205931044410854414e+00
1.881799999999999862e-01 1.211003761339331630e+00
1.919800000000000118e-01 1.216621253405994585e+00
1.958600000000000063e-01 1.223174627912413381e+00
1.998199999999999976e-01 1.231482227774643334e+00
2.038600000000000134e-01 1.241662476956594485e+00
2.079699999999999882e-01 1.253808439852915235e+00
2.121800000000000075e-01 1.268026086157802768e+00
2.164600000000000135e-01 1.283740701381509197e+00
2.208299999999999985e-01 1.300506334261951613e+00
2.253000000000000003e-01 1.317440133357554277e+00
2.298499999999999988e-01 1.333818426060674023e+00
2.344900000000000040e-01 1.348814402297642712e+00
2.392299999999999982e-01 1.362116181567021300e+00
2.440599999999999992e-01 1.373661469096373988e+00
2.489899999999999891e-01 1.384412767276107958e+00
2.540200000000000236e-01 1.395017698879514434e+00
2.591499999999999915e-01 1.407012383688167390e+00
2.643900000000000139e-01 1.421453208289387371e+00
2.697300000000000253e-01 1.438882041076970930e+00
2.751799999999999802e-01 1.459473741471223551e+00
2.807399999999999896e-01 1.482713048018404756e+00
2.864099999999999979e-01 1.507630838877838109e+00
2.921900000000000053e-01 1.532861694658961937e+00
2.980999999999999761e-01 1.556924352019288582e+00
3.041200000000000014e-01 1.578966999744792821e+00
3.102599999999999802e-01 1.599208857533185091e+00
3.165299999999999780e-01 1.618607699300255831e+00
3.229199999999999848e-01 1.638755508781161607e+00
3.294500000000000206e-01 1.661385551781521253e+00
3.361000000000000099e-01 1.687654614652711826e+00
3.428899999999999726e-01 1.717644129000124531e+00
3.498200000000000198e-01 1.750476737807267424e+00
3.568899999999999850e-01 1.784551731696624177e+00
3.640900000000000247e-01 1.818067070197079804e+00
3.714500000000000024e-01 1.849992511607009060e+00
3.789500000000000091e-01 1.880742821473158743e+00
3.866100000000000092e-01 1.911480843596659485e+00
3.944199999999999928e-01 1.944252523199891503e+00
4.023900000000000254e-01 1.980612064390589344e+00
4.105199999999999960e-01 2.020666666666666611e+00
4.188100000000000156e-01 2.063421828908554634e+00
4.272699999999999831e-01 2.107356349884104141e+00
4.359000000000000097e-01 2.150867937372362260e+00
4.447099999999999942e-01 2.193706107209529854e+00
4.536899999999999822e-01 2.237074166898728400e+00
4.628599999999999937e-01 2.282548610774378428e+00
4.722100000000000186e-01 2.331456399330391172e+00
4.817400000000000015e-01 2.383773444556612109e+00
4.914799999999999724e-01 2.438105310030056483e+00
5.014100000000000223e-01 2.493442909599580481e+00
5.115300000000000402e-01 2.548813952070247968e+00
5.218699999999999450e-01 2.605498150274269786e+00
5.324100000000000499e-01 2.664619902556230269e+00
5.431700000000000417e-01 2.726815291075546988e+00
5.541399999999999659e-01 2.791785635844497904e+00
5.653299999999999992e-01 2.858950759318914070e+00
5.767499999999999849e-01 2.927148594377510182e+00
5.884000000000000341e-01 2.997308436369753526e+00
6.002899999999999903e-01 3.070037882124923012e+00
6.124199999999999644e-01 3.145071982281284928e+00
6.247899999999999565e-01 3.222759354152566758e+00
6.374100000000000321e-01 3.302874972141743193e+00
6.502900000000000347e-01 3.385415560980787664e+00
6.634200000000000097e-01 3.470402420305652047e+00
6.768300000000000427e-01 3.557941114763270463e+00
6.905000000000000027e-01 3.648201307029866669e+00
7.044500000000000206e-01 3.741086402683361012e+00
7.186799999999999855e-01 3.836781794273139923e+00
7.331999999999999629e-01 3.935191696436105779e+00
7.480099999999999527e-01 4.036442976766128510e+00
7.631200000000000205e-01 4.140536865041957171e+00
7.785400000000000098e-01 4.247573995172291283e+00
7.942599999999999660e-01 4.357676630434782261e+00
8.103099999999999747e-01 4.470638510024572021e+00
8.266799999999999704e-01 4.586965855844082895e+00
8.433800000000000185e-01 4.706112622575404636e+00
8.604100000000000081e-01 4.828435396486619346e+00
8.778000000000000247e-01 4.954059346287091437e+00
8.955300000000000482e-01 5.082803122602770785e+00
9.136199999999999877e-01 5.214932929570134768e+00
9.320800000000000196e-01 5.350152563816327422e+00
9.509100000000000330e-01 5.488645527144083935e+00
9.701100000000000279e-01 5.630625716000218439e+00
9.897099999999999786e-01 5.775534136086720061e+00
1.009700000000000042e+00 5.924181987223704482e+00
1.030100000000000016e+00 6.075853827284734443e+00
1.050899999999999945e+00 6.231367893417754544e+00
1.072100000000000053e+00 6.389916663785054851e+00
1.093800000000000106e+00 6.552324316484154032e+00
1.115899999999999892e+00 6.717870722433460173e+00
1.138400000000000079e+00 6.886611912925603818e+00
1.161399999999999988e+00 7.058946488294314037e+00
1.184900000000000064e+00 7.234788707697702215e+00
1.208800000000000097e+00 7.414046699760985959e+00
1.233300000000000063e+00 7.596876807403122989e+00
1.258199999999999985e+00 7.782999797857287128e+00
1.283600000000000074e+00 7.972657905892328145e+00
1.309500000000000108e+00 8.166009222734595951e+00
1.336000000000000076e+00 8.362460678084586263e+00
1.362999999999999989e+00 8.561656385512733891e+00
1.390500000000000069e+00 8.765368852459015869e+00
1.418600000000000083e+00 8.972069289646837476e+00
1.447200000000000042e+00 9.181331831620441974e+00
1.476499999999999924e+00 9.394833948339481822e+00
1.506299999999999972e+00 9.610831721470018962e+00
1.536699999999999955e+00 9.830467229072031188e+00
1.567800000000000082e+00 1.005272108843537460e+01
1.599399999999999933e+00 1.027812444285969029e+01
1.631799999999999917e+00 1.050649472011961549e+01
1.664700000000000069e+00 1.073765673981191249e+01
1.698399999999999910e+00 1.097247894844937299e+01
1.732699999999999907e+00 1.121002378927652643e+01
1.767700000000000049e+00 1.144910693129633117e+01
1.803399999999999892e+00 1.169183825529549736e+01
1.839800000000000102e+00 1.193695145534784530e+01
1.877000000000000002e+00 1.218452783119380634e+01
1.914900000000000047e+00 1.243436104150779009e+01
1.953600000000000003e+00 1.268654373144553560e+01
1.993000000000000105e+00 1.294082450786812721e+01
2.033300000000000107e+00 1.319725971562495026e+01
2.074399999999999800e+00 1.345567457448905735e+01
2.116299999999999848e+00 1.371595330739299712e+01
2.158999999999999808e+00 1.397773608053981853e+01
2.202599999999999891e+00 1.424147319065264838e+01
2.247100000000000097e+00 1.450630002377367234e+01
2.292499999999999982e+00 1.477299620103381628e+01
2.338799999999999990e+00 1.504056728949600874e+01
2.386099999999999888e+00 1.530915969642409458e+01
2.434299999999999908e+00 1.557895742292905084e+01
2.483499999999999819e+00 1.584938704028021128e+01
2.533599999999999852e+00 1.612015412440040762e+01
2.584799999999999986e+00 1.639214609364272945e+01
2.637000000000000011e+00 1.666398158803222174e+01
2.690300000000000136e+00 1.693670886075949156e+01
2.744699999999999918e+00 1.720875165751089142e+01
2.800100000000000033e+00 1.748147903161793693e+01
2.856700000000000017e+00 1.775368092846007428e+01
2.914400000000000102e+00 1.802518416373334986e+01
2.973300000000000054e+00 1.829747605291166224e+01
3.033300000000000107e+00 1.856830035434168025e+01
3.094599999999999795e+00 1.883824694549852197e+01
3.157099999999999795e+00 1.910770440251572211e+01
3.220899999999999874e+00 1.937651525547779130e+01
3.286000000000000032e+00 1.964309667528983283e+01
3.352300000000000058e+00 1.990868954445113559e+01
3.420100000000000140e+00 2.017391761244220305e+01
3.489199999999999857e+00 2.043688786178056915e+01
3.559600000000000097e+00 2.069778161912993397e+01
3.631600000000000161e+00 2.095818499969830384e+01
3.704899999999999860e+00 2.121564415239780388e+01
3.779799999999999827e+00 2.147138604035725962e+01
3.856100000000000083e+00 2.172566678212677616e+01
3.934000000000000163e+00 2.197736834469751699e+01
4.013499999999999623e+00 2.222601959444064690e+01
4.094599999999999795e+00 2.247296437659032975e+01
4.177299999999999791e+00 2.271834152027308207e+01
4.261700000000000266e+00 2.296112273361227452e+01
4.347800000000000331e+00 2.319948895783901932e+01
4.435599999999999987e+00 2.343651476067640971e+01
4.525199999999999889e+00 2.367144443221940975e+01
4.616600000000000037e+00 2.390261780104712486e+01
4.709900000000000198e+00 2.413154288846259021e+01
4.804999999999999716e+00 2.435766498743444330e+01
4.902099999999999902e+00 2.458045528259955503e+01
5.001100000000000101e+00 2.480194160106636758e+01
5.102100000000000080e+00 2.501842881213142178e+01
5.205199999999999605e+00 2.523252449257988772e+01
5.310399999999999565e+00 2.544423931229446367e+01
5.417600000000000193e+00 2.565221329790446347e+01
5.527099999999999902e+00 2.585691935713269629e+01
5.638700000000000045e+00 2.605862114595738888e+01
5.752600000000000158e+00 2.625564847036825000e+01
5.868900000000000006e+00 2.645198702498957744e+01
5.987400000000000055e+00 2.664352642160767815e+01
6.108399999999999608e+00 2.683236718812038646e+01
6.231799999999999784e+00 2.701809794917614127e+01
6.357700000000000351e+00 2.720135702324771998e+01
6.486100000000000421e+00 2.738135882553772404e+01
6.617099999999999760e+00 2.755729191481252016e+01
6.750799999999999912e+00 2.773193048941633876e+01
6.887199999999999989e+00 2.790230409936591371e+01
7.026299999999999990e+00 2.806816319842700480e+01
7.168199999999999683e+00 2.823396593117640307e+01
7.312999999999999723e+00 2.839580030510603947e+01
7.460799999999999876e+00 2.855371900826446208e+01
7.611500000000000377e+00 2.870917013399731488e+01
7.765299999999999869e+00 2.886130636036345010e+01
7.922100000000000364e+00 2.900997559925362523e+01
8.082200000000000273e+00 2.915615141955835909e+01
8.245400000000000063e+00 2.929806634177016278e+01
8.412000000000000810e+00 2.943690358670615126e+01
8.581899999999999196e+00 2.957296599225139744e+01
8.755300000000000082e+00 2.970491507861422775e+01
8.932199999999999918e+00 2.983497571785562741e+01
9.112600000000000477e+00 2.996249691586479358e+01
9.296699999999999520e+00 3.008779631255487175e+01
9.484500000000000597e+00 3.020970705869635964e+01
9.676099999999999923e+00 3.033261681185654268e+01
9.871600000000000819e+00 3.045287710158655159e+01
1.007099999999999973e+01 3.057372986369269086e+01
