# # k[h/Mpc], Boost (P^NLCDM_NL/P^NLCDM_L)
1.000000000000000048e-04 1.000000000000000000e+00
1.020200000000000024e-04 1.000000000000000000e+00
1.040800000000000064e-04 1.000000000000000000e+00
1.061800000000000032e-04 1.000000000000000000e+00
1.083300000000000013e-04 1.000000000000000000e+00
1.105200000000000057e-04 1.000000000000000000e+00
1.127500000000000030e-04 1.000000000000000000e+00
1.150300000000000015e-04 1.000000000000000000e+00
1.173500000000000064e-04 1.000000000000000000e+00
1.197199999999999989e-04 1.000000000000000000e+00
1.221399999999999927e-04 1.000000000000000000e+00
1.246099999999999877e-04 1.000000000000000000e+00
1.271199999999999891e-04 1.000000000000000000e+00
1.296899999999999865e-04 1.000000000000000000e+00
1.323100000000000122e-04 1.000000000000000000e+00
1.349900000000000069e-04 1.000000000000000000e+00
1.377100000000000080e-04 1.000000000000000000e+00
1.404900000000000051e-04 1.000000000000000000e+00
1.433299999999999982e-04 1.000000000000000000e+00
1.462299999999999874e-04 1.000000000000000000e+00
1.491800000000000049e-04 1.000000000000000000e+00
1.522000000000000132e-04 1.000000000000000000e+00
1.552699999999999957e-04 1.000000000000000000e+00
1.584099999999999961e-04 1.000000000000000000e+00
1.616099999999999926e-04 1.000000000000000000e+00
1.648700000000000122e-04 1.000000000000000000e+00
1.681999999999999956e-04 1.000000000000000000e+00
1.715999999999999969e-04 1.000000000000000000e+00
1.750699999999999891e-04 1.000000000000000000e+00
1.786000000000000044e-04 1.000000000000000000e+00
1.822100000000000054e-04 1.000000000000000000e+00
1.858899999999999973e-04 1.000000000000000000e+00
1.896500000000000020e-04 1.000000000000000000e+00
1.934799999999999975e-04 1.000000000000000000e+00
1.973900000000000058e-04 1.000000000000000000e+00
2.013799999999999998e-04 1.000000000000000000e+00
2.054400000000000117e-04 1.000000000000000000e+00
2.095900000000000042e-04 1.000000000000000000e+00
2.138300000000000042e-04 1.000000000000000000e+00
2.181499999999999900e-04 1.000000000000000000e+00
2.225499999999999885e-04 1.000000000000000000e+00
2.270499999999999895e-04 1.000000000000000000e+00
2.316399999999999980e-04 1.000000000000000000e+00
2.363199999999999871e-04 1.000000000000000000e+00
2.410900000000000109e-04 1.000000000000000000e+00
2.459599999999999829e-04 1.000000000000000000e+00
2.509300000000000115e-04 1.000000000000000000e+00
2.559999999999999884e-04 1.000000000000000000e+00
2.611700000000000219e-04 1.000000000000000000e+00
2.664499999999999985e-04 1.000000000000000000e+00
2.718299999999999775e-04 1.000000000000000000e+00
2.773200000000000079e-04 1.000000000000000000e+00
2.829199999999999814e-04 1.000000000000000000e+00
2.886400000000000012e-04 1.000000000000000000e+00
2.944700000000000182e-04 1.000000000000000000e+00
3.004199999999999731e-04 1.000000000000000000e+00
3.064899999999999743e-04 1.000000000000000000e+00
3.126800000000000217e-04 1.000000000000000000e+00
3.189900000000000070e-04 1.000000000000000000e+00
3.254399999999999741e-04 1.000000000000000000e+00
3.320099999999999874e-04 1.000000000000000000e+00
3.387199999999999825e-04 1.000000000000000000e+00
3.455600000000000186e-04 1.000000000000000000e+00
3.525399999999999823e-04 1.000000000000000000e+00
3.596599999999999819e-04 1.000000000000000000e+00
3.669300000000000122e-04 1.000000000000000000e+00
3.743400000000000243e-04 1.000000000000000000e+00
3.819000000000000129e-04 1.000000000000000000e+00
3.896200000000000271e-04 1.000000000000000000e+00
3.974900000000000178e-04 1.000000000000000000e+00
4.055199999999999799e-04 1.000000000000000000e+00
4.137100000000000217e-04 1.000000000000000000e+00
4.220699999999999756e-04 1.000000000000000000e+00
4.306000000000000040e-04 1.000000000000000000e+00
4.392900000000000038e-04 1.000000000000000000e+00
4.481700000000000137e-04 1.000000000000000000e+00
4.572199999999999897e-04 1.000000000000000000e+00
4.664599999999999758e-04 1.000000000000000000e+00
4.758799999999999771e-04 1.000000000000000000e+00
4.854999999999999832e-04 1.000000000000000000e+00
4.952999999999999504e-04 1.000000000000000000e+00
5.053100000000000256e-04 1.000000000000000000e+00
5.155199999999999973e-04 1.000000000000000000e+00
5.259299999999999739e-04 1.000000000000000000e+00
5.365600000000000534e-04 1.000000000000000000e+00
5.473900000000000293e-04 1.000000000000000000e+00
5.584500000000000488e-04 1.000000000000000000e+00
5.697299999999999543e-04 1.000000000000000000e+00
5.812400000000000119e-04 1.000000000000000000e+00
5.929900000000000535e-04 1.000000000000000000e+00
6.049599999999999813e-04 1.000000000000000000e+00
6.171899999999999912e-04 1.000000000000000000e+00
6.296500000000000447e-04 1.000000000000000000e+00
6.423699999999999636e-04 1.000000000000000000e+00
6.553499999999999647e-04 1.000000000000000000e+00
6.685900000000000480e-04 1.000000000000000000e+00
6.821000000000000457e-04 1.000000000000000000e+00
6.958799999999999578e-04 1.000000000000000000e+00
7.099300000000000012e-04 1.000000000000000000e+00
7.242699999999999486e-04 1.000000000000000000e+00
7.389099999999999575e-04 1.000000000000000000e+00
7.538300000000000382e-04 1.000000000000000000e+00
7.690600000000000127e-04 1.000000000000000000e+00
7.845999999999999893e-04 1.000000000000000000e+00
8.004499999999999680e-04 1.000000000000000000e+00
8.166199999999999978e-04 1.000000000000000000e+00
8.331099999999999704e-04 1.000000000000000000e+00
8.499399999999999837e-04 1.000000000000000000e+00
8.671100000000000379e-04 1.000000000000000000e+00
8.846299999999999650e-04 1.000000000000000000e+00
9.024999999999999819e-04 1.000000000000000000e+00
9.207300000000000293e-04 1.000000000000000000e+00
9.393300000000000477e-04 1.000000000000000000e+00
9.583099999999999778e-04 1.000000000000000000e+00
9.776699999999999280e-04 1.000000000000000000e+00
9.974199999999999473e-04 1.000000000000000000e+00
1.017600000000000015e-03 1.000000000000000000e+00
1.038099999999999917e-03 1.000000000000000000e+00
1.059100000000000102e-03 1.000000000000000000e+00
1.080500000000000080e-03 1.000000000000000000e+00
1.102300000000000068e-03 1.000000000000000000e+00
1.124599999999999905e-03 1.000000000000000000e+00
1.147299999999999969e-03 1.000000000000000000e+00
1.170500000000000099e-03 1.000000000000000000e+00
1.194100000000000023e-03 1.000000000000000000e+00
1.218200000000000012e-03 1.000000000000000000e+00
1.242899999999999908e-03 1.000000000000000000e+00
1.268000000000000030e-03 1.000000000000000000e+00
1.293600000000000002e-03 1.000000000000000000e+00
1.319700000000000040e-03 1.000000000000000000e+00
1.346399999999999984e-03 1.000000000000000000e+00
1.373599999999999995e-03 1.000000000000000000e+00
1.401300000000000072e-03 1.000000000000000000e+00
1.429600000000000055e-03 1.000000000000000000e+00
1.458499999999999944e-03 1.000000000000000000e+00
1.487999999999999956e-03 1.000000000000000000e+00
1.518000000000000035e-03 1.000000000000000000e+00
1.548700000000000077e-03 1.000000000000000000e+00
1.580000000000000024e-03 1.000000000000000000e+00
1.611900000000000095e-03 1.000000000000000000e+00
1.644499999999999912e-03 1.000000000000000000e+00
1.677700000000000068e-03 1.000000000000000000e+00
1.711599999999999970e-03 1.000000000000000000e+00
1.746200000000000052e-03 1.000000000000000000e+00
1.781400000000000041e-03 1.000000000000000000e+00
1.817400000000000048e-03 1.000000000000000000e+00
1.854100000000000019e-03 1.000000000000000000e+00
1.891600000000000009e-03 1.000000000000000000e+00
1.929799999999999962e-03 1.000000000000000000e+00
1.968800000000000151e-03 1.000000000000000000e+00
2.008600000000000142e-03 1.000000000000000000e+00
2.049099999999999880e-03 1.000000000000000000e+00
2.090499999999999910e-03 1.000000000000000000e+00
2.132799999999999800e-03 1.000000000000000000e+00
2.175799999999999870e-03 1.000000000000000000e+00
2.219800000000000072e-03 1.000000000000000000e+00
2.264599999999999860e-03 1.000000000000000000e+00
2.310400000000000214e-03 1.000000000000000000e+00
2.357099999999999994e-03 1.000000000000000000e+00
2.404700000000000067e-03 1.000000000000000000e+00
2.453299999999999838e-03 1.000000000000000000e+00
2.502799999999999903e-03 1.000000000000000000e+00
2.553399999999999941e-03 1.000000000000000000e+00
2.605000000000000111e-03 1.000000000000000000e+00
2.657599999999999980e-03 1.000000000000000000e+00
2.711299999999999821e-03 1.000000000000000000e+00
2.765999999999999796e-03 1.000000000000000000e+00
2.821900000000000016e-03 1.000000000000000000e+00
2.878900000000000209e-03 1.000000000000000000e+00
2.937100000000000214e-03 1.000000000000000000e+00
2.996400000000000192e-03 1.000000000000000000e+00
3.056899999999999982e-03 1.000000000000000000e+00
3.118699999999999858e-03 1.000000000000000000e+00
3.181699999999999980e-03 1.000000000000000000e+00
3.246000000000000187e-03 1.000000000000000000e+00
3.311500000000000207e-03 1.000000000000000000e+00
3.378400000000000153e-03 1.000000000000000000e+00
3.446700000000000024e-03 1.000000000000000000e+00
3.516299999999999981e-03 1.000000000000000000e+00
3.587400000000000137e-03 1.000000000000000000e+00
3.659799999999999946e-03 1.000000000000000000e+00
3.733799999999999793e-03 1.000000000000000000e+00
3.809199999999999999e-03 1.000000000000000000e+00
3.886099999999999971e-03 9.999447605369276015e-01
3.964600000000000415e-03 9.999454951763231403e-01
4.044700000000000031e-03 9.999462134251291268e-01
4.126399999999999686e-03 1.000000000000000000e+00
4.209799999999999653e-03 1.000052391680201103e+00
4.294799999999999660e-03 1.000155151013653265e+00
4.381600000000000251e-03 1.000255297421495992e+00
4.470100000000000288e-03 1.000252066948981611e+00
4.560400000000000044e-03 1.000099566884054436e+00
4.652500000000000385e-03 9.997541668715276275e-01
4.746499999999999851e-03 9.992715263950269211e-01
4.842400000000000176e-03 9.986566877758588090e-01
4.940199999999999626e-03 9.981039958287908354e-01
5.040000000000000209e-03 9.976580796252927374e-01
5.141899999999999596e-03 9.973614775725593296e-01
5.245699999999999842e-03 9.972090043923865776e-01
5.351700000000000033e-03 9.971957121534217316e-01
5.459799999999999896e-03 9.972274394061354519e-01
5.570099999999999704e-03 9.972583355443530584e-01
5.682600000000000325e-03 9.973321670675705519e-01
5.797400000000000296e-03 9.972746149852915742e-01
5.914499999999999619e-03 9.972181802619189961e-01
6.034000000000000301e-03 9.971204742748253080e-01
6.155899999999999740e-03 9.970664655100158758e-01
6.280299999999999945e-03 9.969719595155135394e-01
6.407200000000000048e-03 9.969202972939679164e-01
6.536600000000000049e-03 9.968694096601072863e-01
6.668600000000000222e-03 9.967789990739622796e-01
6.803299999999999972e-03 9.967299409794225795e-01
6.940799999999999574e-03 9.966815470311697345e-01
7.080999999999999621e-03 9.965945120757818687e-01
7.224000000000000386e-03 9.965474435565210287e-01
7.369999999999999815e-03 9.964624908678432202e-01
7.518900000000000236e-03 9.964165904239097316e-01
7.670800000000000188e-03 9.963710591970968977e-01
7.825699999999999670e-03 9.962883815093914741e-01
7.983799999999999231e-03 9.962064861648318725e-01
8.145100000000000603e-03 9.961253182774272297e-01
8.309600000000000319e-03 9.960448253131179985e-01
8.477500000000000660e-03 9.960011632979496321e-01
8.648799999999999891e-03 9.958853677903702906e-01
8.823499999999999746e-03 9.958063013011219100e-01
9.001699999999999632e-03 9.957275607932495332e-01
9.183600000000000096e-03 9.956489440730128537e-01
9.369099999999999998e-03 9.955705547352878826e-01
9.558300000000000476e-03 9.954921899570186028e-01
9.751400000000000345e-03 9.953792168988638833e-01
9.948399999999999604e-03 9.953353374105939899e-01
1.014900000000000004e-02 9.952223826218464797e-01
1.035400000000000036e-02 9.951092718629228617e-01
1.056400000000000047e-02 9.950301256084692625e-01
1.077700000000000012e-02 9.949166327775518237e-01
1.099499999999999957e-02 9.948364888123923944e-01
1.121699999999999954e-02 9.947219794258052028e-01
1.144300000000000005e-02 9.946404046494489171e-01
1.167499999999999961e-02 9.945243898367333024e-01
1.191000000000000045e-02 9.944407456724367877e-01
1.215100000000000034e-02 9.942896982171907094e-01
1.239700000000000003e-02 9.942035706005101225e-01
1.264700000000000026e-02 9.941160914980827767e-01
1.290200000000000027e-02 9.939939939939940183e-01
1.316299999999999935e-02 9.938702873714737596e-01
1.342899999999999996e-02 9.937446500296306384e-01
1.370000000000000037e-02 9.936498535847070324e-01
1.397699999999999984e-02 9.934872705743043042e-01
1.425900000000000084e-02 9.933877228765050083e-01
1.454699999999999917e-02 9.932528058453740094e-01
1.484100000000000003e-02 9.931479773356173268e-01
1.514099999999999994e-02 9.930072236698881394e-01
1.544700000000000066e-02 9.928632789268485581e-01
1.575899999999999870e-02 9.927157141911131522e-01
1.607700000000000101e-02 9.925975103734440141e-01
1.640199999999999991e-02 9.924421508240386380e-01
1.673399999999999888e-02 9.922825070159027039e-01
1.707200000000000037e-02 9.921851417071944068e-01
1.741600000000000092e-02 9.920161697827185598e-01
1.776799999999999907e-02 9.918756981821874597e-01
1.812700000000000075e-02 9.917301933024775806e-01
1.849299999999999902e-02 9.916130357387374916e-01
1.886699999999999836e-02 9.914562304061735887e-01
1.924800000000000122e-02 9.912931871791313965e-01
1.963700000000000168e-02 9.911584833129477579e-01
2.003399999999999972e-02 9.910173312667324153e-01
2.043800000000000130e-02 9.908341622850647123e-01
2.085100000000000148e-02 9.906789990678999125e-01
2.127199999999999924e-02 9.905523781944545192e-01
2.170199999999999907e-02 9.904190740876179788e-01
2.214100000000000096e-02 9.902779831435752911e-01
2.258800000000000044e-02 9.901293651387123029e-01
2.304399999999999851e-02 9.900105948236718190e-01
2.350999999999999965e-02 9.898459652080618953e-01
2.398499999999999938e-02 9.897499611740953052e-01
2.446900000000000117e-02 9.896079357581483160e-01
2.496400000000000008e-02 9.894972245517351661e-01
2.546800000000000105e-02 9.893793830313348803e-01
2.598200000000000162e-02 9.892951251646904254e-01
2.650699999999999931e-02 9.892041174993723152e-01
2.704300000000000107e-02 9.891068465171695134e-01
2.758899999999999894e-02 9.890461964757327751e-01
2.814600000000000088e-02 9.889804733988627472e-01
2.871500000000000094e-02 9.889103398733892769e-01
2.929500000000000159e-02 9.888807540953601372e-01
2.988700000000000037e-02 9.888489712126160569e-01
3.048999999999999974e-02 9.888619163215764951e-01
3.110600000000000170e-02 9.888268156424581123e-01
3.173499999999999932e-02 9.888392857142856984e-01
3.237600000000000200e-02 9.888534225059533167e-01
3.302999999999999686e-02 9.889723013202174062e-01
3.369699999999999779e-02 9.889929618457956595e-01
3.437799999999999884e-02 9.890710382513661081e-01
3.507199999999999901e-02 9.892110213566449595e-01
3.578100000000000031e-02 9.893617021276596146e-01
3.650400000000000172e-02 9.894663734228498209e-01
3.724100000000000327e-02 9.896400663035757050e-01
3.799299999999999899e-02 9.898274296094459190e-01
3.876099999999999685e-02 9.899677978697052350e-01
3.954400000000000276e-02 9.901842821860553645e-01
4.034299999999999692e-02 9.903528650048559756e-01
4.115800000000000014e-02 9.906016281686411684e-01
4.198899999999999855e-02 9.908014879945891140e-01
4.283800000000000108e-02 9.910183777808484473e-01
4.370299999999999879e-02 9.912528216704289408e-01
4.458600000000000063e-02 9.914345353775282366e-01
4.548599999999999866e-02 9.916330275229358060e-01
4.640500000000000180e-02 9.918480293171789697e-01
4.734300000000000314e-02 9.920792079207920722e-01
4.829900000000000165e-02 9.922486628943493203e-01
4.927499999999999936e-02 9.923519672001892555e-01
5.027000000000000218e-02 9.924649298597194580e-01
5.128599999999999826e-02 9.925871619420006953e-01
5.232200000000000045e-02 9.927182457592056419e-01
5.337900000000000283e-02 9.927737164944122616e-01
5.445699999999999846e-02 9.928352098259979330e-01
5.555700000000000222e-02 9.929004329004329499e-01
5.668000000000000121e-02 9.928816240442921437e-01
5.782500000000000140e-02 9.929520920688732488e-01
5.899299999999999683e-02 9.929335024460953507e-01
6.018400000000000138e-02 9.930044182621502458e-01
6.140000000000000319e-02 9.930750514692120445e-01
6.264100000000000223e-02 9.932400266590497573e-01
6.390600000000000447e-02 9.934057408844064740e-01
6.519700000000000495e-02 9.936715119153565201e-01
6.651400000000000368e-02 9.940223153430605141e-01
6.785800000000000165e-02 9.944854080178450184e-01
6.922899999999999887e-02 9.950909340979062767e-01
7.062699999999999534e-02 9.958517038420605649e-01
7.205400000000000693e-02 9.967947286129102968e-01
7.351000000000000589e-02 9.979283437107967503e-01
7.499400000000000510e-02 9.992631153581023051e-01
7.650899999999999368e-02 1.000860902717992884e+00
7.805499999999999938e-02 1.002703254105886010e+00
7.963199999999999446e-02 1.004781203644840026e+00
8.124099999999999377e-02 1.007151124338624193e+00
8.288199999999999734e-02 1.009775072846541555e+00
8.455600000000000616e-02 1.012633406678940862e+00
8.626399999999999346e-02 1.015712857678370717e+00
8.800700000000000189e-02 1.019007254054935308e+00
8.978500000000000369e-02 1.022432735807340398e+00
9.159799999999999887e-02 1.025937416895665200e+00
9.344900000000000428e-02 1.029454646119774885e+00
9.533700000000000507e-02 1.032903819604233941e+00
9.726300000000000223e-02 1.036191271166229333e+00
9.922699999999999576e-02 1.039240662365944923e+00
1.012300000000000005e-01 1.041993138791241336e+00
1.032799999999999968e-01 1.044377217228546151e+00
1.053599999999999953e-01 1.046469604015616284e+00
1.074900000000000022e-01 1.048204590044258033e+00
1.096599999999999936e-01 1.049694937357365854e+00
1.118799999999999933e-01 1.051000783531590654e+00
1.141400000000000053e-01 1.052248197086298021e+00
1.164400000000000018e-01 1.053627838104639780e+00
1.188000000000000028e-01 1.055243327704831424e+00
1.212000000000000022e-01 1.057265199783320897e+00
1.236499999999999960e-01 1.059904661016949134e+00
1.261400000000000021e-01 1.063252107948808867e+00
1.286899999999999988e-01 1.067524841915085787e+00
1.312899999999999900e-01 1.072752331241569435e+00
1.339400000000000035e-01 1.079056823047281233e+00
1.366499999999999937e-01 1.086398412241109002e+00
1.394100000000000061e-01 1.094777172817100297e+00
1.422299999999999953e-01 1.104179927859113119e+00
1.451000000000000068e-01 1.114268687846847072e+00
1.480299999999999949e-01 1.124843161856963647e+00
1.510199999999999876e-01 1.135348875525166834e+00
1.540700000000000125e-01 1.145339311891006240e+00
1.571799999999999864e-01 1.154492362982929121e+00
1.603600000000000025e-01 1.162405104559638636e+00
1.635999999999999954e-01 1.169085840622897443e+00
1.668999999999999928e-01 1.174720822215634009e+00
1.702799999999999869e-01 1.179620997162545537e+00
1.737100000000000033e-01 1.184191405439069866e+00
1.772199999999999886e-01 1.189095744680850997e+00
1.807999999999999885e-01 1.194819389037652391e+00
1.844600000000000128e-01 1.202311812799548907e+00
1.881799999999999862e-01 1.212037903603182087e+00
1.919800000000000118e-01 1.224249450817671558e+00
1.958600000000000063e-01 1.238996929375639544e+00
1.998199999999999976e-01 1.255906306791411575e+00
2.038600000000000134e-01 1.274513977579111668e+00
2.079699999999999882e-01 1.293972479808555009e+00
2.121800000000000075e-01 1.313330711757766389e+00
2.164600000000000135e-01 1.331411629056168611e+00
2.208299999999999985e-01 1.347490347490347462e+00
2.253000000000000003e-01 1.361106171083051875e+00
2.298499999999999988e-01 1.373117884686007928e+00
2.344900000000000040e-01 1.384273277819833670e+00
2.392299999999999982e-01 1.396290873596876425e+00
2.440599999999999992e-01 1.410306904595994837e+00
2.489899999999999891e-01 1.427611548556430465e+00
2.540200000000000236e-01 1.448914438678676087e+00
2.591499999999999915e-01 1.473964149618355757e+00
2.643900000000000139e-01 1.501646967641929953e+00
2.697300000000000253e-01 1.530709744818009366e+00
2.751799999999999802e-01 1.559302994236195561e+00
2.807399999999999896e-01 1.585989932885905951e+00
2.864099999999999979e-01 1.609757517538497495e+00
2.921900000000000053e-01 1.631651286078931617e+00
2.980999999999999761e-01 1.653252325326485250e+00
3.041200000000000014e-01 1.676664228237015664e+00
3.102599999999999802e-01 1.703712481589950922e+00
3.165299999999999780e-01 1.735248309794343635e+00
3.229199999999999848e-01 1.771126825918295511e+00
3.294500000000000206e-01 1.809457932270760905e+00
3.361000000000000099e-01 1.848099713935431376e+00
3.428899999999999726e-01 1.885485250106883282e+00
3.498200000000000198e-01 1.920745712820284279e+00
3.568899999999999850e-01 1.954678430462038596e+00
3.640900000000000247e-01 1.989652838216807051e+00
3.714500000000000024e-01 2.027812098136614782e+00
3.789500000000000091e-01 2.070279959930405589e+00
3.866100000000000092e-01 2.116946952751774358e+00
3.944199999999999928e-01 2.165759925917351669e+00
4.023900000000000254e-01 2.214870023632066864e+00
4.105199999999999960e-01 2.262999556653366717e+00
4.188100000000000156e-01 2.310382441410769427e+00
4.272699999999999831e-01 2.359082283939968772e+00
4.359000000000000097e-01 2.410740673995314776e+00
4.447099999999999942e-01 2.466367543925797268e+00
4.536899999999999822e-01 2.525285223639019083e+00
4.628599999999999937e-01 2.585685358899127984e+00
4.722100000000000186e-01 2.646466392911173582e+00
4.817400000000000015e-01 2.707431669302010402e+00
4.914799999999999724e-01 2.770018885741265535e+00
5.014100000000000223e-01 2.835596149098988050e+00
5.115300000000000402e-01 2.904483934290732261e+00
5.218699999999999450e-01 2.976155717761557629e+00
5.324100000000000499e-01 3.049162706494682240e+00
5.431700000000000417e-01 3.123254437869822819e+00
5.541399999999999659e-01 3.199665779538281019e+00
5.653299999999999992e-01 3.278619528619528989e+00
5.767499999999999849e-01 3.360070455931169597e+00
5.884000000000000341e-01 3.443963989508754597e+00
6.002899999999999903e-01 3.530188399347277795e+00
6.124199999999999644e-01 3.618626309662398288e+00
6.247899999999999565e-01 3.709680038980022854e+00
6.374100000000000321e-01 3.803110129163834063e+00
6.502900000000000347e-01 3.898817462434426950e+00
6.634200000000000097e-01 3.997487904726460428e+00
6.768300000000000427e-01 4.098627202804011382e+00
6.905000000000000027e-01 4.202102732329509927e+00
7.044500000000000206e-01 4.308589460666730098e+00
7.186799999999999855e-01 4.417756258646080347e+00
7.331999999999999629e-01 4.529672048848259358e+00
7.480099999999999527e-01 4.644454218898907527e+00
7.631200000000000205e-01 4.762227479061441393e+00
7.785400000000000098e-01 4.882837069253931794e+00
7.942599999999999660e-01 5.006442757500209950e+00
8.103099999999999747e-01 5.133031355820397046e+00
8.266799999999999704e-01 5.262746060726942510e+00
8.433800000000000185e-01 5.395535570900915623e+00
8.604100000000000081e-01 5.531331943790761763e+00
8.778000000000000247e-01 5.670425954923729250e+00
8.955300000000000482e-01 5.812523020257827078e+00
9.136199999999999877e-01 5.957897983575587197e+00
9.320800000000000196e-01 6.106626846395997177e+00
9.509100000000000330e-01 6.258422931497010566e+00
9.701100000000000279e-01 6.413771753311368506e+00
9.897099999999999786e-01 6.572374360517605041e+00
1.009700000000000042e+00 6.734278444202107750e+00
1.030100000000000016e+00 6.899989851836818566e+00
1.050899999999999945e+00 7.068979255757124491e+00
1.072100000000000053e+00 7.241379310344826514e+00
1.093800000000000106e+00 7.417166482268678251e+00
1.115899999999999892e+00 7.596634556761369339e+00
1.138400000000000079e+00 7.779763804660071003e+00
1.161399999999999988e+00 7.966311286387488089e+00
1.184900000000000064e+00 8.156430446194224970e+00
1.208800000000000097e+00 8.350251016893253109e+00
1.233300000000000063e+00 8.547582501918649101e+00
1.258199999999999985e+00 8.748694044844491202e+00
1.283600000000000074e+00 8.953038209055714347e+00
1.309500000000000108e+00 9.161378459368940241e+00
1.336000000000000076e+00 9.372807827210634102e+00
1.362999999999999989e+00 9.588206863218944775e+00
1.390500000000000069e+00 9.806641020449484714e+00
1.418600000000000083e+00 1.002915761013624696e+01
1.447200000000000042e+00 1.025428904558325449e+01
1.476499999999999924e+00 1.048383344963944985e+01
1.506299999999999972e+00 1.071563432608563282e+01
1.536699999999999955e+00 1.095177341158458795e+01
1.567800000000000082e+00 1.119136709875718338e+01
1.599399999999999933e+00 1.143407054871220652e+01
1.631799999999999917e+00 1.167949563814969594e+01
1.664700000000000069e+00 1.192812715964063663e+01
1.698399999999999910e+00 1.218066280566280568e+01
1.732699999999999907e+00 1.243680485338725816e+01
1.767700000000000049e+00 1.269373345101500306e+01
1.803399999999999892e+00 1.295607951918631606e+01
1.839800000000000102e+00 1.322065091049980801e+01
1.877000000000000002e+00 1.348756976154236220e+01
1.914900000000000047e+00 1.375783990645263977e+01
1.953600000000000003e+00 1.403004688561469138e+01
1.993000000000000105e+00 1.430554907359872985e+01
2.033300000000000107e+00 1.458292587522002748e+01
2.074399999999999800e+00 1.486239002087522287e+01
2.116299999999999848e+00 1.514484683403330401e+01
2.158999999999999808e+00 1.542927837370485378e+01
2.202599999999999891e+00 1.571706339853876955e+01
2.247100000000000097e+00 1.600660575379676587e+01
2.292499999999999982e+00 1.629633223365030048e+01
2.338799999999999990e+00 1.658973446528730733e+01
2.386099999999999888e+00 1.688429986860328924e+01
2.434299999999999908e+00 1.718038887338357057e+01
2.483499999999999819e+00 1.747835751052877740e+01
2.533599999999999852e+00 1.777741454344850069e+01
2.584799999999999986e+00 1.807789482699554640e+01
2.637000000000000011e+00 1.837970650271507367e+01
2.690300000000000136e+00 1.868265726043503605e+01
2.744699999999999918e+00 1.898708596214511246e+01
2.800100000000000033e+00 1.929202396941833086e+01
2.856700000000000017e+00 1.959799675148889975e+01
2.914400000000000102e+00 1.990466732869910516e+01
2.973300000000000054e+00 2.021233569261880447e+01
3.033300000000000107e+00 2.052055733923505798e+01
3.094599999999999795e+00 2.082856862809161314e+01
3.157099999999999795e+00 2.113771019555463937e+01
3.220899999999999874e+00 2.144713695925327812e+01
3.286000000000000032e+00 2.175711275026343472e+01
3.352300000000000058e+00 2.206682973015622551e+01
3.420100000000000140e+00 2.237685594937755695e+01
3.489199999999999857e+00 2.268687131460284689e+01
3.559600000000000097e+00 2.299695440701850302e+01
3.631600000000000161e+00 2.330696277939284045e+01
3.704899999999999860e+00 2.361714885324538926e+01
3.779799999999999827e+00 2.392602682313495421e+01
3.856100000000000083e+00 2.423588222368710277e+01
3.934000000000000163e+00 2.454524508956857431e+01
4.013499999999999623e+00 2.485293229449779773e+01
4.094599999999999795e+00 2.516182152131230865e+01
4.177299999999999791e+00 2.547024442082890516e+01
4.261700000000000266e+00 2.577697290520303852e+01
4.347800000000000331e+00 2.608400292184076363e+01
4.435599999999999987e+00 2.639086799969355823e+01
4.525199999999999889e+00 2.669532379881086470e+01
4.616600000000000037e+00 2.700151693915388051e+01
4.709900000000000198e+00 2.730575444179262590e+01
4.804999999999999716e+00 2.760801038383089079e+01
4.902099999999999902e+00 2.791285742073526421e+01
5.001100000000000101e+00 2.821465007141399539e+01
5.102100000000000080e+00 2.851623536462681230e+01
5.205199999999999605e+00 2.881795522421575129e+01
5.310399999999999565e+00 2.911797964568412667e+01
5.417600000000000193e+00 2.941743493413084565e+01
5.527099999999999902e+00 2.971578237643275600e+01
5.638700000000000045e+00 3.001428474253452450e+01
5.752600000000000158e+00 3.031176840061668543e+01
5.868900000000000006e+00 3.060860707919531620e+01
5.987400000000000055e+00 3.090428959901916173e+01
6.108399999999999608e+00 3.119937977335334622e+01
6.231799999999999784e+00 3.149430460824707012e+01
6.357700000000000351e+00 3.178663566004141927e+01
6.486100000000000421e+00 3.208054459127053093e+01
6.617099999999999760e+00 3.237201296881880097e+01
6.750799999999999912e+00 3.266600844484591448e+01
6.887199999999999989e+00 3.295700110253583404e+01
7.026299999999999990e+00 3.324614601175871087e+01
7.168199999999999683e+00 3.353744471983281983e+01
7.312999999999999723e+00 3.382566771255834936e+01
7.460799999999999876e+00 3.411714293366186013e+01
7.611500000000000377e+00 3.440461127513004413e+01
7.765299999999999869e+00 3.469429929442328842e+01
7.922100000000000364e+00 3.498140111593304624e+01
8.082200000000000273e+00 3.526999316473001045e+01
8.245400000000000063e+00 3.555608722400710775e+01
8.412000000000000810e+00 3.584380159356830831e+01
8.581899999999999196e+00 3.613094116316761983e+01
8.755300000000000082e+00 3.641833584039267890e+01
8.932199999999999918e+00 3.670477695090009718e+01
9.112600000000000477e+00 3.699213973799126620e+01
9.296699999999999520e+00 3.727777268140537359e+01
9.484500000000000597e+00 3.756396049144784399e+01
9.676099999999999923e+00 3.785038214303791193e+01
9.871600000000000819e+00 3.813420534907215398e+01
1.007099999999999973e+01 3.841964136081783465e+01
