# # k[h/Mpc], Boost (P^NLCDM_NL/P^NLCDM_L)
1.000000000000000048e-04 1.000000000000000000e+00
1.020200000000000024e-04 1.000000000000000000e+00
1.040800000000000064e-04 1.000000000000000000e+00
1.061800000000000032e-04 1.000000000000000000e+00
1.083300000000000013e-04 1.000000000000000000e+00
1.105200000000000057e-04 1.000000000000000000e+00
1.127500000000000030e-04 1.000000000000000000e+00
1.150300000000000015e-04 1.000000000000000000e+00
1.173500000000000064e-04 1.000000000000000000e+00
1.197199999999999989e-04 1.000000000000000000e+00
1.221399999999999927e-04 1.000000000000000000e+00
1.246099999999999877e-04 1.000000000000000000e+00
1.271199999999999891e-04 1.000000000000000000e+00
1.296899999999999865e-04 1.000000000000000000e+00
1.323100000000000122e-04 1.000000000000000000e+00
1.349900000000000069e-04 1.000000000000000000e+00
1.377100000000000080e-04 1.000000000000000000e+00
1.404900000000000051e-04 1.000000000000000000e+00
1.433299999999999982e-04 1.000000000000000000e+00
1.462299999999999874e-04 1.000000000000000000e+00
1.491800000000000049e-04 1.000000000000000000e+00
1.522000000000000132e-04 1.000000000000000000e+00
1.552699999999999957e-04 1.000000000000000000e+00
1.584099999999999961e-04 1.000000000000000000e+00
1.616099999999999926e-04 1.000000000000000000e+00
1.648700000000000122e-04 1.000000000000000000e+00
1.681999999999999956e-04 1.000000000000000000e+00
1.715999999999999969e-04 1.000000000000000000e+00
1.750699999999999891e-04 1.000000000000000000e+00
1.786000000000000044e-04 1.000000000000000000e+00
1.822100000000000054e-04 1.000000000000000000e+00
1.858899999999999973e-04 1.000000000000000000e+00
1.896500000000000020e-04 1.000000000000000000e+00
1.934799999999999975e-04 1.000000000000000000e+00
1.973900000000000058e-04 1.000000000000000000e+00
2.013799999999999998e-04 1.000000000000000000e+00
2.054400000000000117e-04 1.000000000000000000e+00
2.095900000000000042e-04 1.000000000000000000e+00
2.138300000000000042e-04 1.000000000000000000e+00
2.181499999999999900e-04 1.000000000000000000e+00
2.225499999999999885e-04 1.000000000000000000e+00
2.270499999999999895e-04 1.000000000000000000e+00
2.316399999999999980e-04 1.000000000000000000e+00
2.363199999999999871e-04 1.000000000000000000e+00
2.410900000000000109e-04 1.000000000000000000e+00
2.459599999999999829e-04 1.000000000000000000e+00
2.509300000000000115e-04 1.000000000000000000e+00
2.559999999999999884e-04 1.000000000000000000e+00
2.611700000000000219e-04 1.000000000000000000e+00
2.664499999999999985e-04 1.000000000000000000e+00
2.718299999999999775e-04 1.000000000000000000e+00
2.773200000000000079e-04 1.000000000000000000e+00
2.829199999999999814e-04 1.000000000000000000e+00
2.886400000000000012e-04 1.000000000000000000e+00
2.944700000000000182e-04 1.000000000000000000e+00
3.004199999999999731e-04 1.000000000000000000e+00
3.064899999999999743e-04 1.000000000000000000e+00
3.126800000000000217e-04 1.000000000000000000e+00
3.189900000000000070e-04 1.000000000000000000e+00
3.254399999999999741e-04 1.000000000000000000e+00
3.320099999999999874e-04 1.000000000000000000e+00
3.387199999999999825e-04 1.000000000000000000e+00
3.455600000000000186e-04 1.000000000000000000e+00
3.525399999999999823e-04 1.000000000000000000e+00
3.596599999999999819e-04 1.000000000000000000e+00
3.669300000000000122e-04 1.000000000000000000e+00
3.743400000000000243e-04 1.000000000000000000e+00
3.819000000000000129e-04 1.000000000000000000e+00
3.896200000000000271e-04 1.000000000000000000e+00
3.974900000000000178e-04 1.000000000000000000e+00
4.055199999999999799e-04 1.000000000000000000e+00
4.137100000000000217e-04 1.000000000000000000e+00
4.220699999999999756e-04 1.000000000000000000e+00
4.306000000000000040e-04 1.000000000000000000e+00
4.392900000000000038e-04 1.000000000000000000e+00
4.481700000000000137e-04 1.000000000000000000e+00
4.572199999999999897e-04 1.000000000000000000e+00
4.664599999999999758e-04 1.000000000000000000e+00
4.758799999999999771e-04 1.000000000000000000e+00
4.854999999999999832e-04 1.000000000000000000e+00
4.952999999999999504e-04 1.000000000000000000e+00
5.053100000000000256e-04 1.000000000000000000e+00
5.155199999999999973e-04 1.000000000000000000e+00
5.259299999999999739e-04 1.000000000000000000e+00
5.365600000000000534e-04 1.000000000000000000e+00
5.473900000000000293e-04 1.000000000000000000e+00
5.584500000000000488e-04 1.000000000000000000e+00
5.697299999999999543e-04 1.000000000000000000e+00
5.812400000000000119e-04 1.000000000000000000e+00
5.929900000000000535e-04 1.000000000000000000e+00
6.049599999999999813e-04 1.000000000000000000e+00
6.171899999999999912e-04 1.000000000000000000e+00
6.296500000000000447e-04 1.000000000000000000e+00
6.423699999999999636e-04 1.000000000000000000e+00
6.553499999999999647e-04 1.000000000000000000e+00
6.685900000000000480e-04 1.000000000000000000e+00
6.821000000000000457e-04 1.000000000000000000e+00
6.958799999999999578e-04 1.000000000000000000e+00
7.099300000000000012e-04 1.000000000000000000e+00
7.242699999999999486e-04 1.000000000000000000e+00
7.389099999999999575e-04 1.000000000000000000e+00
7.538300000000000382e-04 1.000000000000000000e+00
7.690600000000000127e-04 1.000000000000000000e+00
7.845999999999999893e-04 1.000000000000000000e+00
8.004499999999999680e-04 1.000000000000000000e+00
8.166199999999999978e-04 1.000000000000000000e+00
8.331099999999999704e-04 1.000000000000000000e+00
8.499399999999999837e-04 1.000000000000000000e+00
8.671100000000000379e-04 1.000000000000000000e+00
8.846299999999999650e-04 1.000000000000000000e+00
9.024999999999999819e-04 1.000000000000000000e+00
9.207300000000000293e-04 1.000000000000000000e+00
9.393300000000000477e-04 1.000000000000000000e+00
9.583099999999999778e-04 1.000000000000000000e+00
9.776699999999999280e-04 1.000000000000000000e+00
9.974199999999999473e-04 1.000000000000000000e+00
1.017600000000000015e-03 1.000000000000000000e+00
1.038099999999999917e-03 1.000000000000000000e+00
1.059100000000000102e-03 1.000000000000000000e+00
1.080500000000000080e-03 1.000000000000000000e+00
1.102300000000000068e-03 1.000000000000000000e+00
1.124599999999999905e-03 1.000000000000000000e+00
1.147299999999999969e-03 1.000000000000000000e+00
1.170500000000000099e-03 1.000000000000000000e+00
1.194100000000000023e-03 1.000000000000000000e+00
1.218200000000000012e-03 1.000000000000000000e+00
1.242899999999999908e-03 1.000000000000000000e+00
1.268000000000000030e-03 1.000000000000000000e+00
1.293600000000000002e-03 1.000000000000000000e+00
1.319700000000000040e-03 1.000000000000000000e+00
1.346399999999999984e-03 1.000000000000000000e+00
1.373599999999999995e-03 1.000000000000000000e+00
1.401300000000000072e-03 1.000000000000000000e+00
1.429600000000000055e-03 1.000000000000000000e+00
1.458499999999999944e-03 1.000000000000000000e+00
1.487999999999999956e-03 1.000000000000000000e+00
1.518000000000000035e-03 1.000000000000000000e+00
1.548700000000000077e-03 1.000000000000000000e+00
1.580000000000000024e-03 1.000000000000000000e+00
1.611900000000000095e-03 1.000000000000000000e+00
1.644499999999999912e-03 1.000000000000000000e+00
1.677700000000000068e-03 1.000000000000000000e+00
1.711599999999999970e-03 1.000000000000000000e+00
1.746200000000000052e-03 1.000000000000000000e+00
1.781400000000000041e-03 1.000000000000000000e+00
1.817400000000000048e-03 1.000000000000000000e+00
1.854100000000000019e-03 1.000000000000000000e+00
1.891600000000000009e-03 1.000000000000000000e+00
1.929799999999999962e-03 1.000000000000000000e+00
1.968800000000000151e-03 1.000000000000000000e+00
2.008600000000000142e-03 1.000000000000000000e+00
2.049099999999999880e-03 1.000000000000000000e+00
2.090499999999999910e-03 1.000000000000000000e+00
2.132799999999999800e-03 1.000000000000000000e+00
2.175799999999999870e-03 1.000000000000000000e+00
2.219800000000000072e-03 1.000000000000000000e+00
2.264599999999999860e-03 1.000000000000000000e+00
2.310400000000000214e-03 1.000000000000000000e+00
2.357099999999999994e-03 1.000000000000000000e+00
2.404700000000000067e-03 1.000000000000000000e+00
2.453299999999999838e-03 1.000000000000000000e+00
2.502799999999999903e-03 1.000000000000000000e+00
2.553399999999999941e-03 1.000000000000000000e+00
2.605000000000000111e-03 1.000000000000000000e+00
2.657599999999999980e-03 1.000000000000000000e+00
2.711299999999999821e-03 1.000000000000000000e+00
2.765999999999999796e-03 1.000000000000000000e+00
2.821900000000000016e-03 1.000000000000000000e+00
2.878900000000000209e-03 1.000000000000000000e+00
2.937100000000000214e-03 1.000000000000000000e+00
2.996400000000000192e-03 1.000000000000000000e+00
3.056899999999999982e-03 1.000000000000000000e+00
3.118699999999999858e-03 1.000000000000000000e+00
3.181699999999999980e-03 1.000000000000000000e+00
3.246000000000000187e-03 1.000000000000000000e+00
3.311500000000000207e-03 1.000000000000000000e+00
3.378400000000000153e-03 1.000000000000000000e+00
3.446700000000000024e-03 1.000000000000000000e+00
3.516299999999999981e-03 1.000000000000000000e+00
3.587400000000000137e-03 1.000000000000000000e+00
3.659799999999999946e-03 1.000087619381407222e+00
3.733799999999999793e-03 1.000000000000000000e+00
3.809199999999999999e-03 1.000085077420452606e+00
3.886099999999999971e-03 1.000000000000000000e+00
3.964600000000000415e-03 1.000000000000000000e+00
4.044700000000000031e-03 9.999185468762726847e-01
4.126399999999999686e-03 9.999197045126063665e-01
4.209799999999999653e-03 1.000000000000000000e+00
4.294799999999999660e-03 1.000000000000000000e+00
4.381600000000000251e-03 1.000153929038713141e+00
4.470100000000000288e-03 1.000227703984819749e+00
4.560400000000000044e-03 1.000299446024853989e+00
4.652500000000000385e-03 1.000147688672278878e+00
4.746499999999999851e-03 9.997814526116413081e-01
4.842400000000000176e-03 9.992094293517320702e-01
4.940199999999999626e-03 9.985816608751152401e-01
5.040000000000000209e-03 9.979704667926376782e-01
5.141899999999999596e-03 9.973753280839895430e-01
5.245699999999999842e-03 9.970002727024815936e-01
5.351700000000000033e-03 9.968367209584062527e-01
5.459799999999999896e-03 9.968104192969632349e-01
5.570099999999999704e-03 9.968503937007874294e-01
5.682600000000000325e-03 9.968895800933126328e-01
5.797400000000000296e-03 9.969278033794163330e-01
5.914499999999999619e-03 9.969020673958398637e-01
6.034000000000000301e-03 9.968144909431605472e-01
6.155899999999999740e-03 9.967287989137143533e-01
6.280299999999999945e-03 9.966453186947239473e-01
6.407200000000000048e-03 9.965034965034964554e-01
6.536600000000000049e-03 9.964839094159714250e-01
6.668600000000000222e-03 9.964058449210464463e-01
6.803299999999999972e-03 9.963295269168026547e-01
6.940799999999999574e-03 9.962546816479400658e-01
7.080999999999999621e-03 9.961814658611649609e-01
7.224000000000000386e-03 9.961096075778078651e-01
7.369999999999999815e-03 9.960388306181655604e-01
7.518900000000000236e-03 9.959695229681978512e-01
7.670800000000000188e-03 9.958467675829280052e-01
7.825699999999999670e-03 9.957801341700930342e-01
7.983799999999999231e-03 9.957145918148703201e-01
8.145100000000000603e-03 9.955970505543472182e-01
8.309600000000000319e-03 9.955336030686774418e-01
8.477500000000000660e-03 9.954190525767828701e-01
8.648799999999999891e-03 9.953061329757053599e-01
8.823499999999999746e-03 9.951947653614149347e-01
9.001699999999999632e-03 9.951352994831256238e-01
9.183600000000000096e-03 9.950261254019292512e-01
9.369099999999999998e-03 9.948684734954165165e-01
9.558300000000000476e-03 9.948112275153192519e-01
9.751400000000000345e-03 9.946563388567506436e-01
9.948399999999999604e-03 9.945514691574236510e-01
1.014900000000000004e-02 9.944473951040510018e-01
1.035400000000000036e-02 9.943437829546544204e-01
1.056400000000000047e-02 9.942405635679946174e-01
1.077700000000000012e-02 9.940906727178178137e-01
1.099499999999999957e-02 9.939883524328386732e-01
1.121699999999999954e-02 9.938395482335371511e-01
1.144300000000000005e-02 9.936911444078490030e-01
1.167499999999999961e-02 9.935430310856931957e-01
1.191000000000000045e-02 9.933951013668470553e-01
1.215100000000000034e-02 9.932925716371601155e-01
1.239700000000000003e-02 9.931441543700340047e-01
1.264700000000000026e-02 9.929501084598698624e-01
1.290200000000000027e-02 9.928455723542116695e-01
1.316299999999999935e-02 9.926506833968182786e-01
1.342899999999999996e-02 9.924993302973479370e-01
1.370000000000000037e-02 9.923467117558066874e-01
1.397699999999999984e-02 9.921486870120652668e-01
1.425900000000000084e-02 9.919929219199292714e-01
1.454699999999999917e-02 9.917913411889315300e-01
1.484100000000000003e-02 9.916314305849189825e-01
1.514099999999999994e-02 9.914691526318103465e-01
1.544700000000000066e-02 9.912165129556433918e-01
1.575899999999999870e-02 9.910487055726195926e-01
1.607700000000000101e-02 9.907898776369457039e-01
1.640199999999999991e-02 9.906148583457591306e-01
1.673399999999999888e-02 9.903922084759146927e-01
1.707200000000000037e-02 9.901650860554970235e-01
1.741600000000000092e-02 9.899331809389836367e-01
1.776799999999999907e-02 9.896961690885072160e-01
1.812700000000000075e-02 9.894973743435858671e-01
1.849299999999999902e-02 9.892487390496416122e-01
1.886699999999999836e-02 9.889939200284028065e-01
1.924800000000000122e-02 9.887760555852485034e-01
1.963700000000000168e-02 9.884620544698359268e-01
2.003399999999999972e-02 9.881845545621995575e-01
2.043800000000000130e-02 9.879431022804244789e-01
2.085100000000000148e-02 9.876930063578565067e-01
2.127199999999999924e-02 9.873429289467672287e-01
2.170199999999999907e-02 9.870733278130462418e-01
2.214100000000000096e-02 9.867927151397192231e-01
2.258800000000000044e-02 9.865016347501167626e-01
2.304399999999999851e-02 9.861981252060859626e-01
2.350999999999999965e-02 9.858826884684855907e-01
2.398499999999999938e-02 9.855538491073142504e-01
2.446900000000000117e-02 9.852106870969306041e-01
2.496400000000000008e-02 9.849019607843136903e-01
2.546800000000000105e-02 9.845787672931025636e-01
2.598200000000000162e-02 9.842401124272234236e-01
2.650699999999999931e-02 9.838348922326148882e-01
2.704300000000000107e-02 9.835136527563111963e-01
2.758899999999999894e-02 9.831765935214210606e-01
2.814600000000000088e-02 9.828226062983776989e-01
2.871500000000000094e-02 9.824504737295435275e-01
2.929500000000000159e-02 9.821145326259366204e-01
2.988700000000000037e-02 9.817605516320969672e-01
3.048999999999999974e-02 9.813327299468265208e-01
3.110600000000000170e-02 9.809984453273449256e-01
3.173499999999999932e-02 9.806462964049029729e-01
3.237600000000000200e-02 9.802175472149174951e-01
3.302999999999999686e-02 9.798890852580900424e-01
3.369699999999999779e-02 9.795448893310121363e-01
3.437799999999999884e-02 9.791838547946943860e-01
3.507199999999999901e-02 9.787427090084251935e-01
3.578100000000000031e-02 9.784134551715004680e-01
3.650400000000000172e-02 9.780033840947546242e-01
3.724100000000000327e-02 9.776455118001246003e-01
3.799299999999999899e-02 9.772759450658360381e-01
3.876099999999999685e-02 9.769648678015211418e-01
3.954400000000000276e-02 9.765735043368670709e-01
4.034299999999999692e-02 9.762464900963800929e-01
4.115800000000000014e-02 9.759148473312097005e-01
4.198899999999999855e-02 9.755787129106674449e-01
4.283800000000000108e-02 9.752382503869023722e-01
4.370299999999999879e-02 9.748978400467016581e-01
4.458600000000000063e-02 9.746413934426229053e-01
4.548599999999999866e-02 9.743029455467179245e-01
4.640500000000000180e-02 9.739667203435319331e-01
4.734300000000000314e-02 9.736360307579641216e-01
4.829900000000000165e-02 9.733096085409252973e-01
4.927499999999999936e-02 9.729936793717678389e-01
5.027000000000000218e-02 9.727388410336726965e-01
5.128599999999999826e-02 9.723555288942211661e-01
5.232200000000000045e-02 9.720546658909743343e-01
5.337900000000000283e-02 9.717183497511298063e-01
5.445699999999999846e-02 9.713739647483541351e-01
5.555700000000000222e-02 9.710191978875829522e-01
5.668000000000000121e-02 9.706631387464857985e-01
5.782500000000000140e-02 9.702936949883239626e-01
5.899299999999999683e-02 9.699314285714285555e-01
6.018400000000000138e-02 9.695535371625941812e-01
6.140000000000000319e-02 9.691685201836165442e-01
6.264100000000000223e-02 9.687721873909432846e-01
6.390600000000000447e-02 9.683961859998286847e-01
6.519700000000000495e-02 9.680247036557425577e-01
6.651400000000000368e-02 9.676540644638150779e-01
6.785800000000000165e-02 9.673175639074470533e-01
6.922899999999999887e-02 9.669999080411448844e-01
7.062699999999999534e-02 9.667242464414360636e-01
7.205400000000000693e-02 9.665013593453284368e-01
7.351000000000000589e-02 9.663303891609805740e-01
7.499400000000000510e-02 9.662385844748857533e-01
7.650899999999999368e-02 9.662292494739304072e-01
7.805499999999999938e-02 9.663209328816810828e-01
7.963199999999999446e-02 9.665213976623496794e-01
8.124099999999999377e-02 9.668579217650415947e-01
8.288199999999999734e-02 9.673460048703155234e-01
8.455600000000000616e-02 9.679891946648657708e-01
8.626399999999999346e-02 9.688106096346386087e-01
8.800700000000000189e-02 9.698029128324034964e-01
8.978500000000000369e-02 9.710131296790941446e-01
9.159799999999999887e-02 9.724004381503795758e-01
9.344900000000000428e-02 9.739746670467966938e-01
9.533700000000000507e-02 9.757665782493368800e-01
9.726300000000000223e-02 9.777212389380531832e-01
9.922699999999999576e-02 9.798375934299159429e-01
1.012300000000000005e-01 9.821329806420583397e-01
1.032799999999999968e-01 9.844970947705870001e-01
1.053599999999999953e-01 9.868969469625924473e-01
1.074900000000000022e-01 9.893168172229134250e-01
1.096599999999999936e-01 9.916792738275339580e-01
1.118799999999999933e-01 9.938925552853998813e-01
1.141400000000000053e-01 9.959438098362611846e-01
1.164400000000000018e-01 9.978547349065277627e-01
1.188000000000000028e-01 9.995288500800955100e-01
1.212000000000000022e-01 1.001027848263899900e+00
1.236499999999999960e-01 1.002360810544953740e+00
1.261400000000000021e-01 1.003644387976863284e+00
1.286899999999999988e-01 1.004907306434023928e+00
1.312899999999999900e-01 1.006254343293954134e+00
1.339400000000000035e-01 1.007802801915233193e+00
1.366499999999999937e-01 1.009612245638216832e+00
1.394100000000000061e-01 1.011902990626394772e+00
1.422299999999999953e-01 1.014694064975318444e+00
1.451000000000000068e-01 1.018174634531805678e+00
1.480299999999999949e-01 1.022315030913483191e+00
1.510199999999999876e-01 1.027298667007367605e+00
1.540700000000000125e-01 1.033062258365551100e+00
1.571799999999999864e-01 1.039613167193602195e+00
1.603600000000000025e-01 1.046783625730994149e+00
1.635999999999999954e-01 1.054652351738241345e+00
1.668999999999999928e-01 1.062771374966496873e+00
1.702799999999999869e-01 1.071027827648114883e+00
1.737100000000000033e-01 1.078948908526950135e+00
1.772199999999999886e-01 1.086261398176291859e+00
1.807999999999999885e-01 1.092766010935830590e+00
1.844600000000000128e-01 1.098395652736447348e+00
1.881799999999999862e-01 1.103230942745306198e+00
1.919800000000000118e-01 1.107581619493653635e+00
1.958600000000000063e-01 1.111820199778024376e+00
1.998199999999999976e-01 1.116170212765957404e+00
2.038600000000000134e-01 1.121212121212121327e+00
2.079699999999999882e-01 1.127409953669107789e+00
2.121800000000000075e-01 1.135191476219888695e+00
2.164600000000000135e-01 1.144804361770365597e+00
2.208299999999999985e-01 1.156168966959431277e+00
2.253000000000000003e-01 1.169337185885649388e+00
2.298499999999999988e-01 1.183712816746235630e+00
2.344900000000000040e-01 1.198652550529355265e+00
2.392299999999999982e-01 1.213463687713327799e+00
2.440599999999999992e-01 1.227516003777941123e+00
2.489899999999999891e-01 1.240093189339836144e+00
2.540200000000000236e-01 1.251095973561745511e+00
2.591499999999999915e-01 1.260784086966578066e+00
2.643900000000000139e-01 1.269969474171823709e+00
2.697300000000000253e-01 1.279616224991760420e+00
2.751799999999999802e-01 1.290740531089223264e+00
2.807399999999999896e-01 1.304121429873206894e+00
2.864099999999999979e-01 1.320430922477262792e+00
2.921900000000000053e-01 1.339355586004266074e+00
2.980999999999999761e-01 1.360315630818335064e+00
3.041200000000000014e-01 1.382239262855199158e+00
3.102599999999999802e-01 1.403903588783236289e+00
3.165299999999999780e-01 1.424194063198212623e+00
3.229199999999999848e-01 1.442654639175257714e+00
3.294500000000000206e-01 1.459680322557419752e+00
3.361000000000000099e-01 1.476449814126394200e+00
3.428899999999999726e-01 1.494503805058036594e+00
3.498200000000000198e-01 1.515093550122541766e+00
3.568899999999999850e-01 1.538922403963762342e+00
3.640900000000000247e-01 1.565844689595500716e+00
3.714500000000000024e-01 1.594667269235114704e+00
3.789500000000000091e-01 1.623867924528301865e+00
3.866100000000000092e-01 1.652189933429954349e+00
3.944199999999999928e-01 1.679190382602924858e+00
4.023900000000000254e-01 1.705457145126697993e+00
4.105199999999999960e-01 1.732271354023619869e+00
4.188100000000000156e-01 1.761478099586246238e+00
4.272699999999999831e-01 1.793885191347753816e+00
4.359000000000000097e-01 1.829232008925804287e+00
4.447099999999999942e-01 1.866435919001099952e+00
4.536899999999999822e-01 1.903984346007219663e+00
4.628599999999999937e-01 1.941004919184820432e+00
4.722100000000000186e-01 1.977846018863785638e+00
4.817400000000000015e-01 2.015669569847487796e+00
4.914799999999999724e-01 2.055762376237623812e+00
5.014100000000000223e-01 2.098856175413965186e+00
5.115300000000000402e-01 2.144482268281122206e+00
5.218699999999999450e-01 2.191563989567407056e+00
5.324100000000000499e-01 2.239073344588257353e+00
5.431700000000000417e-01 2.287299569808368904e+00
5.541399999999999659e-01 2.336764331210190893e+00
5.653299999999999992e-01 2.388764880952380931e+00
5.767499999999999849e-01 2.443476813845129936e+00
5.884000000000000341e-01 2.500492268489025616e+00
6.002899999999999903e-01 2.559008464328899279e+00
6.124199999999999644e-01 2.618996528873462015e+00
6.247899999999999565e-01 2.680919752273026813e+00
6.374100000000000321e-01 2.744926738666849886e+00
6.502900000000000347e-01 2.811278735632184222e+00
6.634200000000000097e-01 2.879726890756302726e+00
6.768300000000000427e-01 2.950697601504938206e+00
6.905000000000000027e-01 3.023994758824011253e+00
7.044500000000000206e-01 3.099871630295250924e+00
7.186799999999999855e-01 3.178264758497316489e+00
7.331999999999999629e-01 3.259373539036932943e+00
7.480099999999999527e-01 3.343010752688172271e+00
7.631200000000000205e-01 3.429272281275551837e+00
7.785400000000000098e-01 3.518528415224617678e+00
7.942599999999999660e-01 3.610611158932623965e+00
8.103099999999999747e-01 3.705579007682683113e+00
8.266799999999999704e-01 3.803535384427182198e+00
8.433800000000000185e-01 3.904696079560725952e+00
8.604100000000000081e-01 4.008839483024174477e+00
8.778000000000000247e-01 4.116220724066884884e+00
8.955300000000000482e-01 4.226847980753714928e+00
9.136199999999999877e-01 4.340729366602687378e+00
9.320800000000000196e-01 4.457982382820033784e+00
9.509100000000000330e-01 4.578866768759570327e+00
9.701100000000000279e-01 4.703104626986644554e+00
9.897099999999999786e-01 4.830811808118080641e+00
1.009700000000000042e+00 4.962323208903315575e+00
1.030100000000000016e+00 5.097332955603222082e+00
1.050899999999999945e+00 5.236106989953795754e+00
1.072100000000000053e+00 5.378860200253091861e+00
1.093800000000000106e+00 5.525373273175497424e+00
1.115899999999999892e+00 5.675787627007139236e+00
1.138400000000000079e+00 5.830333665211508531e+00
1.161399999999999988e+00 5.988978652827563920e+00
1.184900000000000064e+00 6.151711378353375892e+00
1.208800000000000097e+00 6.318526352899700882e+00
1.233300000000000063e+00 6.489715482202241148e+00
1.258199999999999985e+00 6.665268050221088814e+00
1.283600000000000074e+00 6.844972256056299997e+00
1.309500000000000108e+00 7.029653802497162651e+00
1.336000000000000076e+00 7.218565212540443810e+00
1.362999999999999989e+00 7.412159263736691983e+00
1.390500000000000069e+00 7.610206919113436719e+00
1.418600000000000083e+00 7.813183514174207644e+00
1.447200000000000042e+00 8.020781791192478138e+00
1.476499999999999924e+00 8.232990469000661449e+00
1.506299999999999972e+00 8.450230163837053610e+00
1.536699999999999955e+00 8.672690450225891468e+00
1.567800000000000082e+00 8.899907372091755420e+00
1.599399999999999933e+00 9.132075471698113844e+00
1.631799999999999917e+00 9.369374774990999910e+00
1.664700000000000069e+00 9.611460957178840303e+00
1.698399999999999910e+00 9.858549805010245137e+00
1.732699999999999907e+00 1.011101859561476424e+01
1.767700000000000049e+00 1.036858974358974450e+01
1.803399999999999892e+00 1.063173996175908265e+01
1.839800000000000102e+00 1.090025698682942412e+01
1.877000000000000002e+00 1.117304773148929087e+01
1.914900000000000047e+00 1.145071295722256544e+01
1.953600000000000003e+00 1.173597543957577471e+01
1.993000000000000105e+00 1.202482165542851433e+01
2.033300000000000107e+00 1.231816361937808502e+01
2.074399999999999800e+00 1.261743229104872022e+01
2.116299999999999848e+00 1.292230974103247121e+01
2.158999999999999808e+00 1.323289465848865731e+01
2.202599999999999891e+00 1.354795103512153531e+01
2.247100000000000097e+00 1.386868035730730320e+01
2.292499999999999982e+00 1.419385172790507887e+01
2.338799999999999990e+00 1.452490332335068324e+01
2.386099999999999888e+00 1.486098586167367053e+01
2.434299999999999908e+00 1.520258433647803642e+01
2.483499999999999819e+00 1.554918960942385375e+01
2.533599999999999852e+00 1.590089049252590492e+01
2.584799999999999986e+00 1.625768820923146052e+01
2.637000000000000011e+00 1.662012546459263262e+01
2.690300000000000136e+00 1.698704952625263687e+01
2.744699999999999918e+00 1.735917638864704671e+01
2.800100000000000033e+00 1.773680835470868544e+01
2.856700000000000017e+00 1.811920082905550444e+01
2.914400000000000102e+00 1.850682290874042479e+01
2.973300000000000054e+00 1.889983448128570842e+01
3.033300000000000107e+00 1.929719552633057944e+01
3.094599999999999795e+00 1.970032245658669368e+01
3.157099999999999795e+00 2.010839095496169193e+01
3.220899999999999874e+00 2.052112029384756653e+01
3.286000000000000032e+00 2.093935626467744271e+01
3.352300000000000058e+00 2.136206583015093585e+01
3.420100000000000140e+00 2.179007852901743192e+01
3.489199999999999857e+00 2.222379146154466767e+01
3.559600000000000097e+00 2.266142401700318842e+01
3.631600000000000161e+00 2.310493080747010808e+01
3.704899999999999860e+00 2.355322763306908129e+01
3.779799999999999827e+00 2.400626522798468798e+01
3.856100000000000083e+00 2.446523083372635199e+01
3.934000000000000163e+00 2.492875289959129859e+01
4.013499999999999623e+00 2.539791581766315431e+01
4.094599999999999795e+00 2.587112611230438475e+01
4.177299999999999791e+00 2.635093167701863237e+01
4.261700000000000266e+00 2.683607340200559221e+01
4.347800000000000331e+00 2.732556466695439212e+01
4.435599999999999987e+00 2.781991959341576148e+01
4.525199999999999889e+00 2.832000000000000028e+01
4.616600000000000037e+00 2.882625938739346694e+01
4.709900000000000198e+00 2.933600356030262901e+01
4.804999999999999716e+00 2.985258215962441497e+01
4.902099999999999902e+00 3.037547057658014538e+01
5.001100000000000101e+00 3.090205916170168265e+01
5.102100000000000080e+00 3.143509480162800429e+01
5.205199999999999605e+00 3.197341465685818207e+01
5.310399999999999565e+00 3.251762855949485242e+01
5.417600000000000193e+00 3.306665975130635360e+01
5.527099999999999902e+00 3.362212915058443485e+01
5.638700000000000045e+00 3.418341545174760654e+01
5.752600000000000158e+00 3.475150257802727083e+01
5.868900000000000006e+00 3.532301447968173846e+01
5.987400000000000055e+00 3.590258172046668506e+01
6.108399999999999608e+00 3.648772427665726781e+01
6.231799999999999784e+00 3.707750085353362124e+01
6.357700000000000351e+00 3.767453973596170158e+01
6.486100000000000421e+00 3.827923314571077640e+01
6.617099999999999760e+00 3.888640529303947346e+01
6.750799999999999912e+00 3.950363653537356612e+01
6.887199999999999989e+00 4.012573595449556052e+01
7.026299999999999990e+00 4.075440862482537341e+01
7.168199999999999683e+00 4.139093137254901933e+01
7.312999999999999723e+00 4.203261125500353046e+01
7.460799999999999876e+00 4.268429237947123056e+01
7.611500000000000377e+00 4.333848328457315802e+01
7.765299999999999869e+00 4.400319644222082616e+01
7.922100000000000364e+00 4.467295897756068968e+01
8.082200000000000273e+00 4.535113940758570550e+01
8.245400000000000063e+00 4.603545924649101551e+01
8.412000000000000810e+00 4.672625504404043539e+01
8.581899999999999196e+00 4.742178181484539579e+01
8.755300000000000082e+00 4.812427240977881127e+01
8.932199999999999918e+00 4.883514567090684722e+01
9.112600000000000477e+00 4.955465147816653371e+01
9.296699999999999520e+00 5.027765029830197108e+01
9.484500000000000597e+00 5.101079966023541346e+01
9.676099999999999923e+00 5.175190913174613883e+01
9.871600000000000819e+00 5.250407276676622104e+01
1.007099999999999973e+01 5.326105686387133886e+01
