# # k[h/Mpc], Boost (P^NLCDM_NL/P^NLCDM_L)
1.000000000000000048e-04 1.000000000000000000e+00
1.020200000000000024e-04 1.000000000000000000e+00
1.040800000000000064e-04 1.000000000000000000e+00
1.061800000000000032e-04 1.000000000000000000e+00
1.083300000000000013e-04 1.000000000000000000e+00
1.105200000000000057e-04 1.000000000000000000e+00
1.127500000000000030e-04 1.000000000000000000e+00
1.150300000000000015e-04 1.000000000000000000e+00
1.173500000000000064e-04 1.000000000000000000e+00
1.197199999999999989e-04 1.000000000000000000e+00
1.221399999999999927e-04 1.000000000000000000e+00
1.246099999999999877e-04 1.000000000000000000e+00
1.271199999999999891e-04 1.000000000000000000e+00
1.296899999999999865e-04 1.000000000000000000e+00
1.323100000000000122e-04 1.000000000000000000e+00
1.349900000000000069e-04 1.000000000000000000e+00
1.377100000000000080e-04 1.000000000000000000e+00
1.404900000000000051e-04 1.000000000000000000e+00
1.433299999999999982e-04 1.000000000000000000e+00
1.462299999999999874e-04 1.000000000000000000e+00
1.491800000000000049e-04 1.000000000000000000e+00
1.522000000000000132e-04 1.000000000000000000e+00
1.552699999999999957e-04 1.000000000000000000e+00
1.584099999999999961e-04 1.000000000000000000e+00
1.616099999999999926e-04 1.000000000000000000e+00
1.648700000000000122e-04 1.000000000000000000e+00
1.681999999999999956e-04 1.000000000000000000e+00
1.715999999999999969e-04 1.000000000000000000e+00
1.750699999999999891e-04 1.000000000000000000e+00
1.786000000000000044e-04 1.000000000000000000e+00
1.822100000000000054e-04 1.000000000000000000e+00
1.858899999999999973e-04 1.000000000000000000e+00
1.896500000000000020e-04 1.000000000000000000e+00
1.934799999999999975e-04 1.000000000000000000e+00
1.973900000000000058e-04 1.000000000000000000e+00
2.013799999999999998e-04 1.000000000000000000e+00
2.054400000000000117e-04 1.000000000000000000e+00
2.095900000000000042e-04 1.000000000000000000e+00
2.138300000000000042e-04 1.000000000000000000e+00
2.181499999999999900e-04 1.000000000000000000e+00
2.225499999999999885e-04 1.000000000000000000e+00
2.270499999999999895e-04 1.000000000000000000e+00
2.316399999999999980e-04 1.000000000000000000e+00
2.363199999999999871e-04 1.000000000000000000e+00
2.410900000000000109e-04 1.000000000000000000e+00
2.459599999999999829e-04 1.000000000000000000e+00
2.509300000000000115e-04 1.000000000000000000e+00
2.559999999999999884e-04 1.000000000000000000e+00
2.611700000000000219e-04 1.000000000000000000e+00
2.664499999999999985e-04 1.000000000000000000e+00
2.718299999999999775e-04 1.000000000000000000e+00
2.773200000000000079e-04 1.000000000000000000e+00
2.829199999999999814e-04 1.000000000000000000e+00
2.886400000000000012e-04 1.000000000000000000e+00
2.944700000000000182e-04 1.000000000000000000e+00
3.004199999999999731e-04 1.000000000000000000e+00
3.064899999999999743e-04 1.000000000000000000e+00
3.126800000000000217e-04 1.000000000000000000e+00
3.189900000000000070e-04 1.000000000000000000e+00
3.254399999999999741e-04 1.000000000000000000e+00
3.320099999999999874e-04 1.000000000000000000e+00
3.387199999999999825e-04 1.000000000000000000e+00
3.455600000000000186e-04 1.000000000000000000e+00
3.525399999999999823e-04 1.000000000000000000e+00
3.596599999999999819e-04 1.000000000000000000e+00
3.669300000000000122e-04 1.000000000000000000e+00
3.743400000000000243e-04 1.000000000000000000e+00
3.819000000000000129e-04 1.000000000000000000e+00
3.896200000000000271e-04 1.000000000000000000e+00
3.974900000000000178e-04 1.000000000000000000e+00
4.055199999999999799e-04 1.000000000000000000e+00
4.137100000000000217e-04 1.000000000000000000e+00
4.220699999999999756e-04 1.000000000000000000e+00
4.306000000000000040e-04 1.000000000000000000e+00
4.392900000000000038e-04 1.000000000000000000e+00
4.481700000000000137e-04 1.000000000000000000e+00
4.572199999999999897e-04 1.000000000000000000e+00
4.664599999999999758e-04 1.000000000000000000e+00
4.758799999999999771e-04 1.000000000000000000e+00
4.854999999999999832e-04 1.000000000000000000e+00
4.952999999999999504e-04 1.000000000000000000e+00
5.053100000000000256e-04 1.000000000000000000e+00
5.155199999999999973e-04 1.000000000000000000e+00
5.259299999999999739e-04 1.000000000000000000e+00
5.365600000000000534e-04 1.000000000000000000e+00
5.473900000000000293e-04 1.000000000000000000e+00
5.584500000000000488e-04 1.000000000000000000e+00
5.697299999999999543e-04 1.000000000000000000e+00
5.812400000000000119e-04 1.000000000000000000e+00
5.929900000000000535e-04 1.000000000000000000e+00
6.049599999999999813e-04 1.000000000000000000e+00
6.171899999999999912e-04 1.000000000000000000e+00
6.296500000000000447e-04 1.000000000000000000e+00
6.423699999999999636e-04 1.000000000000000000e+00
6.553499999999999647e-04 1.000000000000000000e+00
6.685900000000000480e-04 1.000000000000000000e+00
6.821000000000000457e-04 1.000000000000000000e+00
6.958799999999999578e-04 1.000000000000000000e+00
7.099300000000000012e-04 1.000000000000000000e+00
7.242699999999999486e-04 1.000000000000000000e+00
7.389099999999999575e-04 1.000000000000000000e+00
7.538300000000000382e-04 1.000000000000000000e+00
7.690600000000000127e-04 1.000000000000000000e+00
7.845999999999999893e-04 1.000000000000000000e+00
8.004499999999999680e-04 1.000000000000000000e+00
8.166199999999999978e-04 1.000000000000000000e+00
8.331099999999999704e-04 1.000000000000000000e+00
8.499399999999999837e-04 1.000000000000000000e+00
8.671100000000000379e-04 1.000000000000000000e+00
8.846299999999999650e-04 1.000000000000000000e+00
9.024999999999999819e-04 1.000000000000000000e+00
9.207300000000000293e-04 1.000000000000000000e+00
9.393300000000000477e-04 1.000000000000000000e+00
9.583099999999999778e-04 1.000000000000000000e+00
9.776699999999999280e-04 1.000000000000000000e+00
9.974199999999999473e-04 1.000000000000000000e+00
1.017600000000000015e-03 1.000000000000000000e+00
1.038099999999999917e-03 1.000000000000000000e+00
1.059100000000000102e-03 1.000000000000000000e+00
1.080500000000000080e-03 1.000000000000000000e+00
1.102300000000000068e-03 1.000000000000000000e+00
1.124599999999999905e-03 1.000000000000000000e+00
1.147299999999999969e-03 1.000000000000000000e+00
1.170500000000000099e-03 1.000000000000000000e+00
1.194100000000000023e-03 1.000000000000000000e+00
1.218200000000000012e-03 1.000000000000000000e+00
1.242899999999999908e-03 1.000000000000000000e+00
1.268000000000000030e-03 1.000000000000000000e+00
1.293600000000000002e-03 1.000000000000000000e+00
1.319700000000000040e-03 1.000000000000000000e+00
1.346399999999999984e-03 1.000000000000000000e+00
1.373599999999999995e-03 1.000000000000000000e+00
1.401300000000000072e-03 1.000000000000000000e+00
1.429600000000000055e-03 1.000000000000000000e+00
1.458499999999999944e-03 1.000000000000000000e+00
1.487999999999999956e-03 1.000000000000000000e+00
1.518000000000000035e-03 1.000000000000000000e+00
1.548700000000000077e-03 1.000000000000000000e+00
1.580000000000000024e-03 1.000000000000000000e+00
1.611900000000000095e-03 1.000000000000000000e+00
1.644499999999999912e-03 1.000000000000000000e+00
1.677700000000000068e-03 1.000000000000000000e+00
1.711599999999999970e-03 1.000000000000000000e+00
1.746200000000000052e-03 1.000000000000000000e+00
1.781400000000000041e-03 1.000000000000000000e+00
1.817400000000000048e-03 1.000000000000000000e+00
1.854100000000000019e-03 1.000000000000000000e+00
1.891600000000000009e-03 1.000000000000000000e+00
1.929799999999999962e-03 1.000000000000000000e+00
1.968800000000000151e-03 1.000000000000000000e+00
2.008600000000000142e-03 1.000000000000000000e+00
2.049099999999999880e-03 1.000000000000000000e+00
2.090499999999999910e-03 1.000000000000000000e+00
2.132799999999999800e-03 1.000000000000000000e+00
2.175799999999999870e-03 1.000000000000000000e+00
2.219800000000000072e-03 1.000000000000000000e+00
2.264599999999999860e-03 1.000000000000000000e+00
2.310400000000000214e-03 1.000000000000000000e+00
2.357099999999999994e-03 1.000000000000000000e+00
2.404700000000000067e-03 1.000000000000000000e+00
2.453299999999999838e-03 1.000000000000000000e+00
2.502799999999999903e-03 1.000000000000000000e+00
2.553399999999999941e-03 1.000000000000000000e+00
2.605000000000000111e-03 1.000000000000000000e+00
2.657599999999999980e-03 1.000000000000000000e+00
2.711299999999999821e-03 1.000000000000000000e+00
2.765999999999999796e-03 1.000000000000000000e+00
2.821900000000000016e-03 1.000000000000000000e+00
2.878900000000000209e-03 1.000000000000000000e+00
2.937100000000000214e-03 1.000000000000000000e+00
2.996400000000000192e-03 1.000000000000000000e+00
3.056899999999999982e-03 1.000000000000000000e+00
3.118699999999999858e-03 1.000010095299628476e+00
3.181699999999999980e-03 1.000000000000000000e+00
3.246000000000000187e-03 1.000000000000000000e+00
3.311500000000000207e-03 9.999039938556067986e-01
3.378400000000000153e-03 1.000000000000000000e+00
3.446700000000000024e-03 1.000000000000000000e+00
3.516299999999999981e-03 1.000000000000000000e+00
3.587400000000000137e-03 1.000000000000000000e+00
3.659799999999999946e-03 1.000000000000000000e+00
3.733799999999999793e-03 1.000000000000000000e+00
3.809199999999999999e-03 1.000085638434529356e+00
3.886099999999999971e-03 1.000000000000000000e+00
3.964600000000000415e-03 1.000000000000000000e+00
4.044700000000000031e-03 1.000000000000000000e+00
4.126399999999999686e-03 9.998392670577834762e-01
4.209799999999999653e-03 9.998417596328823542e-01
4.294799999999999660e-03 9.998442003583392079e-01
4.381600000000000251e-03 1.000000000000000000e+00
4.470100000000000288e-03 1.000151080223598665e+00
4.560400000000000044e-03 1.000371996131240282e+00
4.652500000000000385e-03 1.000512970833943971e+00
4.746499999999999851e-03 1.000505305709954440e+00
4.842400000000000176e-03 1.000213356091316452e+00
4.940199999999999626e-03 9.994394226052834007e-01
5.040000000000000209e-03 9.983428847614445045e-01
5.141899999999999596e-03 9.971420794774088492e-01
5.245699999999999842e-03 9.960429242119382964e-01
5.351700000000000033e-03 9.950416501388338331e-01
5.459799999999999896e-03 9.944600143387863911e-01
5.570099999999999704e-03 9.942163100057836989e-01
5.682600000000000325e-03 9.942332065906210881e-01
5.797400000000000296e-03 9.942503593525404693e-01
5.914499999999999619e-03 9.943903341141659968e-01
6.034000000000000301e-03 9.944052541960594072e-01
6.155899999999999740e-03 9.943004559635229000e-01
6.280299999999999945e-03 9.941392375088798916e-01
6.407200000000000048e-03 9.940406637064734818e-01
6.536600000000000049e-03 9.938296522691886237e-01
6.668600000000000222e-03 9.936813343200319171e-01
6.803299999999999972e-03 9.935367841285899226e-01
6.940799999999999574e-03 9.933958599256340616e-01
7.080999999999999621e-03 9.933132365031515087e-01
7.224000000000000386e-03 9.931784960207893365e-01
7.369999999999999815e-03 9.930470128897683768e-01
7.518900000000000236e-03 9.929186704010991571e-01
7.670800000000000188e-03 9.927929809901817615e-01
7.825699999999999670e-03 9.926185928870077113e-01
7.983799999999999231e-03 9.924988518650813552e-01
8.145100000000000603e-03 9.922809141819282086e-01
8.309600000000000319e-03 9.921668412912238999e-01
8.477500000000000660e-03 9.919565753762644711e-01
8.648799999999999891e-03 9.918476934342201901e-01
8.823499999999999746e-03 9.916924265842349540e-01
9.001699999999999632e-03 9.914922091578243224e-01
9.183600000000000096e-03 9.913426057337496600e-01
9.369099999999999998e-03 9.911483701760959164e-01
9.558300000000000476e-03 9.909575701367957512e-01
9.751400000000000345e-03 9.908151549942594283e-01
9.948399999999999604e-03 9.905840611353712299e-01
1.014900000000000004e-02 9.904457163459371438e-01
1.035400000000000036e-02 9.902201580851158758e-01
1.056400000000000047e-02 9.899969016952153700e-01
1.077700000000000012e-02 9.898200965335673951e-01
1.099499999999999957e-02 9.896014618865297541e-01
1.121699999999999954e-02 9.893851132686084515e-01
1.144300000000000005e-02 9.892127905483497630e-01
1.167499999999999961e-02 9.889568467550119424e-01
1.191000000000000045e-02 9.887450996922817481e-01
1.215100000000000034e-02 9.884922793656107931e-01
1.239700000000000003e-02 9.882822238843180784e-01
1.264700000000000026e-02 9.880726372265786761e-01
1.290200000000000027e-02 9.878223789413259626e-01
1.316299999999999935e-02 9.875723249938880288e-01
1.342899999999999996e-02 9.873228027541515184e-01
1.370000000000000037e-02 9.870726108493415030e-01
1.397699999999999984e-02 9.867820235520307071e-01
1.425900000000000084e-02 9.865306447756435615e-01
1.454699999999999917e-02 9.862383501883799086e-01
1.484100000000000003e-02 9.859838913455464260e-01
1.514099999999999994e-02 9.856884485334591606e-01
1.544700000000000066e-02 9.854294778896244278e-01
1.575899999999999870e-02 9.851293860505054845e-01
1.607700000000000101e-02 9.848644021633399248e-01
1.640199999999999991e-02 9.845186823419858069e-01
1.673399999999999888e-02 9.842461776659570116e-01
1.707200000000000037e-02 9.839301579943601217e-01
1.741600000000000092e-02 9.836097184728114229e-01
1.776799999999999907e-02 9.832832601494492231e-01
1.812700000000000075e-02 9.829510467980295818e-01
1.849299999999999902e-02 9.826120407770725373e-01
1.886699999999999836e-02 9.822658203500673757e-01
1.924800000000000122e-02 9.819119458128078293e-01
1.963700000000000168e-02 9.815492469473441339e-01
2.003399999999999972e-02 9.812157679549486922e-01
2.043800000000000130e-02 9.808346213292117310e-01
2.085100000000000148e-02 9.804422756670926331e-01
2.127199999999999924e-02 9.800776699029126737e-01
2.170199999999999907e-02 9.796626017843924616e-01
2.214100000000000096e-02 9.793116933906922394e-01
2.258800000000000044e-02 9.789097478595554236e-01
2.304399999999999851e-02 9.784933506964997862e-01
2.350999999999999965e-02 9.780616495417939760e-01
2.398499999999999938e-02 9.776545229639679313e-01
2.446900000000000117e-02 9.772307445185125507e-01
2.496400000000000008e-02 9.767902632323803847e-01
2.546800000000000105e-02 9.763728205963826401e-01
2.598200000000000162e-02 9.758971832142563363e-01
2.650699999999999931e-02 9.754431008779195222e-01
2.704300000000000107e-02 9.750104471374843040e-01
2.758899999999999894e-02 9.745591089359547654e-01
2.814600000000000088e-02 9.740879645414252108e-01
2.871500000000000094e-02 9.736388697450034657e-01
2.929500000000000159e-02 9.731695631342828223e-01
2.988700000000000037e-02 9.726359390147175654e-01
3.048999999999999974e-02 9.721677074041035205e-01
3.110600000000000170e-02 9.716802168021679842e-01
3.173499999999999932e-02 9.711710062691620848e-01
3.237600000000000200e-02 9.706414359259775138e-01
3.302999999999999686e-02 9.701373212942061564e-01
3.369699999999999779e-02 9.696131278920001595e-01
3.437799999999999884e-02 9.691175758749213109e-01
3.507199999999999901e-02 9.686041369822631086e-01
3.578100000000000031e-02 9.680734311084505661e-01
3.650400000000000172e-02 9.675262171335934358e-01
3.724100000000000327e-02 9.670646356525318676e-01
3.799299999999999899e-02 9.665411961522375472e-01
3.876099999999999685e-02 9.660062675944123267e-01
3.954400000000000276e-02 9.654614139233674841e-01
4.034299999999999692e-02 9.649084329422086270e-01
4.115800000000000014e-02 9.644030973204835711e-01
4.198899999999999855e-02 9.638370118845500656e-01
4.283800000000000108e-02 9.633227939062949385e-01
4.370299999999999879e-02 9.628634824243840207e-01
4.458600000000000063e-02 9.623480581085087637e-01
4.548599999999999866e-02 9.618371155119485039e-01
4.640500000000000180e-02 9.613340663368150629e-01
4.734300000000000314e-02 9.608450529706957788e-01
4.829900000000000165e-02 9.604296212549462419e-01
4.927499999999999936e-02 9.599694520460765323e-01
5.027000000000000218e-02 9.594585884627779837e-01
5.128599999999999826e-02 9.590864600326264311e-01
5.232200000000000045e-02 9.586607673512513861e-01
5.337900000000000283e-02 9.583110636023516316e-01
5.445699999999999846e-02 9.579701331171025513e-01
5.555700000000000222e-02 9.577041339255210062e-01
5.668000000000000121e-02 9.574468085106383475e-01
5.782500000000000140e-02 9.571957265554081884e-01
5.899299999999999683e-02 9.570158102766798125e-01
6.018400000000000138e-02 9.567667831918384991e-01
6.140000000000000319e-02 9.567224466243507974e-01
6.264100000000000223e-02 9.566708002042454417e-01
6.390600000000000447e-02 9.566757694294781844e-01
6.519700000000000495e-02 9.567329248243909845e-01
6.651400000000000368e-02 9.568410691300067716e-01
6.785800000000000165e-02 9.569958531715557770e-01
6.922899999999999887e-02 9.571896444167186102e-01
7.062699999999999534e-02 9.575041623721557427e-01
7.205400000000000693e-02 9.577817242492734362e-01
7.351000000000000589e-02 9.581824168587421697e-01
7.499400000000000510e-02 9.585470444799462086e-01
7.650899999999999368e-02 9.589642119752236349e-01
7.805499999999999938e-02 9.595273785380478149e-01
7.963199999999999446e-02 9.599891373223499169e-01
8.124099999999999377e-02 9.606255235967606776e-01
8.288199999999999734e-02 9.611771472392638405e-01
8.455600000000000616e-02 9.619217081850532924e-01
8.626399999999999346e-02 9.625982243086028678e-01
8.800700000000000189e-02 9.633953429511515898e-01
8.978500000000000369e-02 9.642635143240385620e-01
9.159799999999999887e-02 9.652309289050337027e-01
9.344900000000000428e-02 9.662955441962512992e-01
9.533700000000000507e-02 9.675001810238709199e-01
9.726300000000000223e-02 9.688388448301660238e-01
9.922699999999999576e-02 9.703524506839267261e-01
1.012300000000000005e-01 9.720288990521641637e-01
1.032799999999999968e-01 9.739019038663341288e-01
1.053599999999999953e-01 9.759980988593155438e-01
1.074900000000000022e-01 9.783149763982262881e-01
1.096599999999999936e-01 9.808557242990653124e-01
1.118799999999999933e-01 9.836492397417205824e-01
1.141400000000000053e-01 9.866830102450023787e-01
1.164400000000000018e-01 9.899747831969984979e-01
1.188000000000000028e-01 9.934727275566452853e-01
1.212000000000000022e-01 9.972242049329843594e-01
1.236499999999999960e-01 1.001144884302185067e+00
1.261400000000000021e-01 1.005253652930553354e+00
1.286899999999999988e-01 1.009480895827400859e+00
1.312899999999999900e-01 1.013845811128056607e+00
1.339400000000000035e-01 1.018269416750188894e+00
1.366499999999999937e-01 1.022773764912471295e+00
1.394100000000000061e-01 1.027359602042152043e+00
1.422299999999999953e-01 1.032054263565891361e+00
1.451000000000000068e-01 1.036912481372588513e+00
1.480299999999999949e-01 1.041977690178646387e+00
1.510199999999999876e-01 1.047343227470437732e+00
1.540700000000000125e-01 1.053093312065626064e+00
1.571799999999999864e-01 1.059204593991742271e+00
1.603600000000000025e-01 1.065757680358992099e+00
1.635999999999999954e-01 1.072727272727272751e+00
1.668999999999999928e-01 1.080068502173626488e+00
1.702799999999999869e-01 1.087760628215542980e+00
1.737100000000000033e-01 1.095820506420389862e+00
1.772199999999999886e-01 1.104204442429737032e+00
1.807999999999999885e-01 1.112858009884107435e+00
1.844600000000000128e-01 1.121805264864546015e+00
1.881799999999999862e-01 1.131067084186438754e+00
1.919800000000000118e-01 1.140627891198421118e+00
1.958600000000000063e-01 1.150489900751498373e+00
1.998199999999999976e-01 1.160761068902279369e+00
2.038600000000000134e-01 1.171495533439760983e+00
2.079699999999999882e-01 1.182769470074592544e+00
2.121800000000000075e-01 1.194741500110627630e+00
2.164600000000000135e-01 1.207343828182133150e+00
2.208299999999999985e-01 1.220563448109799998e+00
2.253000000000000003e-01 1.234287622068274803e+00
2.298499999999999988e-01 1.248130376518393536e+00
2.344900000000000040e-01 1.262174455940064277e+00
2.392299999999999982e-01 1.276165589327465044e+00
2.440599999999999992e-01 1.290269482199125184e+00
2.489899999999999891e-01 1.304716890132149976e+00
2.540200000000000236e-01 1.319645333861700021e+00
2.591499999999999915e-01 1.335443037974683556e+00
2.643900000000000139e-01 1.352329143340023077e+00
2.697300000000000253e-01 1.370549185274592574e+00
2.751799999999999802e-01 1.389955433664723961e+00
2.807399999999999896e-01 1.410314435445449988e+00
2.864099999999999979e-01 1.431406598858843804e+00
2.921900000000000053e-01 1.452548160556665247e+00
2.980999999999999761e-01 1.473582388258839249e+00
3.041200000000000014e-01 1.494215672772345460e+00
3.102599999999999802e-01 1.514691270404542101e+00
3.165299999999999780e-01 1.535894621295279983e+00
3.229199999999999848e-01 1.558252060179934784e+00
3.294500000000000206e-01 1.582236842105263275e+00
3.361000000000000099e-01 1.608235677083333481e+00
3.428899999999999726e-01 1.636001694197373846e+00
3.498200000000000198e-01 1.664785752071944902e+00
3.568899999999999850e-01 1.693604544621586827e+00
3.640900000000000247e-01 1.722227501663023963e+00
3.714500000000000024e-01 1.750590318772137000e+00
3.789500000000000091e-01 1.779166709081099640e+00
3.866100000000000092e-01 1.809078068011721996e+00
3.944199999999999928e-01 1.840908096758671952e+00
4.023900000000000254e-01 1.875049723254571532e+00
4.105199999999999960e-01 1.911130029678502540e+00
4.188100000000000156e-01 1.948171744130271499e+00
4.272699999999999831e-01 1.985380565352962146e+00
4.359000000000000097e-01 2.022549409736039472e+00
4.447099999999999942e-01 2.060385875099771891e+00
4.536899999999999822e-01 2.099617186607245056e+00
4.628599999999999937e-01 2.141128972406524777e+00
4.722100000000000186e-01 2.184894707589699170e+00
4.817400000000000015e-01 2.230289789886268803e+00
4.914799999999999724e-01 2.276691729323307989e+00
5.014100000000000223e-01 2.323658659441057317e+00
5.115300000000000402e-01 2.371727748691099702e+00
5.218699999999999450e-01 2.421586109807601694e+00
5.324100000000000499e-01 2.473685238346319704e+00
5.431700000000000417e-01 2.528051061061875160e+00
5.541399999999999659e-01 2.583948710353145106e+00
5.653299999999999992e-01 2.641384778012685342e+00
5.767499999999999849e-01 2.700020626589966000e+00
5.884000000000000341e-01 2.760998186849890068e+00
6.002899999999999903e-01 2.824245435349646005e+00
6.124199999999999644e-01 2.889446586116788840e+00
6.247899999999999565e-01 2.957093574816731518e+00
6.374100000000000321e-01 3.026899533891166616e+00
6.502900000000000347e-01 3.098797577601591691e+00
6.634200000000000097e-01 3.172769122892594940e+00
6.768300000000000427e-01 3.249348668742454205e+00
6.905000000000000027e-01 3.328255398065969040e+00
7.044500000000000206e-01 3.409604032174543331e+00
7.186799999999999855e-01 3.493521451194932403e+00
7.331999999999999629e-01 3.580146368924751243e+00
7.480099999999999527e-01 3.669315068493150811e+00
7.631200000000000205e-01 3.761348791639451239e+00
7.785400000000000098e-01 3.856272889873094467e+00
7.942599999999999660e-01 3.954058737281735070e+00
8.103099999999999747e-01 4.054893597292410945e+00
8.266799999999999704e-01 4.158755503943485365e+00
8.433800000000000185e-01 4.265656565656565924e+00
8.604100000000000081e-01 4.375652448990352106e+00
8.778000000000000247e-01 4.488633236087411937e+00
8.955300000000000482e-01 4.604954592481894871e+00
9.136199999999999877e-01 4.724309723889556167e+00
9.320800000000000196e-01 4.846968842078866579e+00
9.509100000000000330e-01 4.972693340318249611e+00
9.701100000000000279e-01 5.101374923045352006e+00
9.897099999999999786e-01 5.233776443682104151e+00
1.009700000000000042e+00 5.369128519154656054e+00
1.030100000000000016e+00 5.507530238002340539e+00
1.050899999999999945e+00 5.649241559288859627e+00
1.072100000000000053e+00 5.793982270712580984e+00
1.093800000000000106e+00 5.941732002851033201e+00
1.115899999999999892e+00 6.092483934059792716e+00
1.138400000000000079e+00 6.246348588120739898e+00
1.161399999999999988e+00 6.403351591293193756e+00
1.184900000000000064e+00 6.563082196885013708e+00
1.208800000000000097e+00 6.725485393658710898e+00
1.233300000000000063e+00 6.890762173113197164e+00
1.258199999999999985e+00 7.058723238424629010e+00
1.283600000000000074e+00 7.229334658157219984e+00
1.309500000000000108e+00 7.402585287846481066e+00
1.336000000000000076e+00 7.578144605861193206e+00
1.362999999999999989e+00 7.756010036176916422e+00
1.390500000000000069e+00 7.936287454398362584e+00
1.418600000000000083e+00 8.118490831256789164e+00
1.447200000000000042e+00 8.303019158112943998e+00
1.476499999999999924e+00 8.489291713325867406e+00
1.506299999999999972e+00 8.677313602314976393e+00
1.536699999999999955e+00 8.867287856129452805e+00
1.567800000000000082e+00 9.058648789691300607e+00
1.599399999999999933e+00 9.251880805278863917e+00
1.631799999999999917e+00 9.446388100424670142e+00
1.664700000000000069e+00 9.642396313364056226e+00
1.698399999999999910e+00 9.839297348164949497e+00
1.732699999999999907e+00 1.003740112708801924e+01
1.767700000000000049e+00 1.023689782953943883e+01
1.803399999999999892e+00 1.043667516912498705e+01
1.839800000000000102e+00 1.063779733379803183e+01
1.877000000000000002e+00 1.083916509462666689e+01
1.914900000000000047e+00 1.104179285281647438e+01
1.953600000000000003e+00 1.124453054544239805e+01
1.993000000000000105e+00 1.144792104157916768e+01
2.033300000000000107e+00 1.165193471483586940e+01
2.074399999999999800e+00 1.185616543665436673e+01
2.116299999999999848e+00 1.206058896990694151e+01
2.158999999999999808e+00 1.226585592433071703e+01
2.202599999999999891e+00 1.247023414331872715e+01
2.247100000000000097e+00 1.267538975501113718e+01
2.292499999999999982e+00 1.288014398287771378e+01
2.338799999999999990e+00 1.308547531619746884e+01
2.386099999999999888e+00 1.329073311587615613e+01
2.434299999999999908e+00 1.349537426408746832e+01
2.483499999999999819e+00 1.370082907038278108e+01
2.533599999999999852e+00 1.390516125053955854e+01
2.584799999999999986e+00 1.410981051542391640e+01
2.637000000000000011e+00 1.431391168690225868e+01
2.690300000000000136e+00 1.451796513696193713e+01
2.744699999999999918e+00 1.472124785431748784e+01
2.800100000000000033e+00 1.492445001174352193e+01
2.856700000000000017e+00 1.512772073921971305e+01
2.914400000000000102e+00 1.533092037228542104e+01
2.973300000000000054e+00 1.553395424541097825e+01
3.033300000000000107e+00 1.573434535104364507e+01
3.094599999999999795e+00 1.593687773795300444e+01
3.157099999999999795e+00 1.613830142940733836e+01
3.220899999999999874e+00 1.633951091128413324e+01
3.286000000000000032e+00 1.654044473090557688e+01
3.352300000000000058e+00 1.674056176381757766e+01
3.420100000000000140e+00 1.694079155940499959e+01
3.489199999999999857e+00 1.714080325882932243e+01
3.559600000000000097e+00 1.733910977569701473e+01
3.631600000000000161e+00 1.753796493287359581e+01
3.704899999999999860e+00 1.773758723214148247e+01
3.779799999999999827e+00 1.793536281582608183e+01
3.856100000000000083e+00 1.813333333333333286e+01
3.934000000000000163e+00 1.833229287434228283e+01
4.013499999999999623e+00 1.852901509759113097e+01
4.094599999999999795e+00 1.872658954988983382e+01
4.177299999999999791e+00 1.892410686612806714e+01
4.261700000000000266e+00 1.912103652581548019e+01
4.347800000000000331e+00 1.931836315969451690e+01
4.435599999999999987e+00 1.951529084943841497e+01
4.525199999999999889e+00 1.971243836167857211e+01
4.616600000000000037e+00 1.990934080456732147e+01
4.709900000000000198e+00 2.010635934462649388e+01
4.804999999999999716e+00 2.030316293183940246e+01
4.902099999999999902e+00 2.050036791758646260e+01
5.001100000000000101e+00 2.069750958471600200e+01
5.102100000000000080e+00 2.089484019501625411e+01
5.205199999999999605e+00 2.109272701394819194e+01
5.310399999999999565e+00 2.129094988780852660e+01
5.417600000000000193e+00 2.148932824967572230e+01
5.527099999999999902e+00 2.168773756403900421e+01
5.638700000000000045e+00 2.188612872405107268e+01
5.752600000000000158e+00 2.208647217276172015e+01
5.868900000000000006e+00 2.228605711543076495e+01
5.987400000000000055e+00 2.248675379724478773e+01
6.108399999999999608e+00 2.268781833616298726e+01
6.231799999999999784e+00 2.288909963181970397e+01
6.357700000000000351e+00 2.309127170342561897e+01
6.486100000000000421e+00 2.329447322970639078e+01
6.617099999999999760e+00 2.349831344058121374e+01
6.750799999999999912e+00 2.370216249403096853e+01
6.887199999999999989e+00 2.390802123690630054e+01
7.026299999999999990e+00 2.411409598551162148e+01
7.168199999999999683e+00 2.432097785538534751e+01
7.312999999999999723e+00 2.453034983718794138e+01
7.460799999999999876e+00 2.473915334621464623e+01
7.611500000000000377e+00 2.495056823431580995e+01
7.765299999999999869e+00 2.516282686886361830e+01
7.922100000000000364e+00 2.537534773359515583e+01
8.082200000000000273e+00 2.559025461119600564e+01
8.245400000000000063e+00 2.580539230673415929e+01
8.412000000000000810e+00 2.602240228789323595e+01
8.581899999999999196e+00 2.624054775967796616e+01
8.755300000000000082e+00 2.646103896103895892e+01
8.932199999999999918e+00 2.668259546862627829e+01
9.112600000000000477e+00 2.690519358989355680e+01
9.296699999999999520e+00 2.713085234093637510e+01
9.484500000000000597e+00 2.735726783747002600e+01
9.676099999999999923e+00 2.758544239034040757e+01
9.871600000000000819e+00 2.781508078994613697e+01
1.007099999999999973e+01 2.804709795694657259e+01
