# # k[h/Mpc], Boost (P^NLCDM_NL/P^NLCDM_L)
1.000000000000000048e-04 1.000000000000000000e+00
1.020200000000000024e-04 1.000000000000000000e+00
1.040800000000000064e-04 1.000000000000000000e+00
1.061800000000000032e-04 1.000000000000000000e+00
1.083300000000000013e-04 1.000000000000000000e+00
1.105200000000000057e-04 1.000000000000000000e+00
1.127500000000000030e-04 1.000000000000000000e+00
1.150300000000000015e-04 1.000000000000000000e+00
1.173500000000000064e-04 1.000000000000000000e+00
1.197199999999999989e-04 1.000000000000000000e+00
1.221399999999999927e-04 1.000000000000000000e+00
1.246099999999999877e-04 1.000000000000000000e+00
1.271199999999999891e-04 1.000000000000000000e+00
1.296899999999999865e-04 1.000000000000000000e+00
1.323100000000000122e-04 1.000000000000000000e+00
1.349900000000000069e-04 1.000000000000000000e+00
1.377100000000000080e-04 1.000000000000000000e+00
1.404900000000000051e-04 1.000000000000000000e+00
1.433299999999999982e-04 1.000000000000000000e+00
1.462299999999999874e-04 1.000000000000000000e+00
1.491800000000000049e-04 1.000000000000000000e+00
1.522000000000000132e-04 1.000000000000000000e+00
1.552699999999999957e-04 1.000000000000000000e+00
1.584099999999999961e-04 1.000000000000000000e+00
1.616099999999999926e-04 1.000000000000000000e+00
1.648700000000000122e-04 1.000000000000000000e+00
1.681999999999999956e-04 1.000000000000000000e+00
1.715999999999999969e-04 1.000000000000000000e+00
1.750699999999999891e-04 1.000000000000000000e+00
1.786000000000000044e-04 1.000000000000000000e+00
1.822100000000000054e-04 1.000000000000000000e+00
1.858899999999999973e-04 1.000000000000000000e+00
1.896500000000000020e-04 1.000000000000000000e+00
1.934799999999999975e-04 1.000000000000000000e+00
1.973900000000000058e-04 1.000000000000000000e+00
2.013799999999999998e-04 1.000000000000000000e+00
2.054400000000000117e-04 1.000000000000000000e+00
2.095900000000000042e-04 1.000000000000000000e+00
2.138300000000000042e-04 1.000000000000000000e+00
2.181499999999999900e-04 1.000000000000000000e+00
2.225499999999999885e-04 1.000000000000000000e+00
2.270499999999999895e-04 1.000000000000000000e+00
2.316399999999999980e-04 1.000000000000000000e+00
2.363199999999999871e-04 1.000000000000000000e+00
2.410900000000000109e-04 1.000000000000000000e+00
2.459599999999999829e-04 1.000000000000000000e+00
2.509300000000000115e-04 1.000000000000000000e+00
2.559999999999999884e-04 1.000000000000000000e+00
2.611700000000000219e-04 1.000000000000000000e+00
2.664499999999999985e-04 1.000000000000000000e+00
2.718299999999999775e-04 1.000000000000000000e+00
2.773200000000000079e-04 1.000000000000000000e+00
2.829199999999999814e-04 1.000000000000000000e+00
2.886400000000000012e-04 1.000000000000000000e+00
2.944700000000000182e-04 1.000000000000000000e+00
3.004199999999999731e-04 1.000000000000000000e+00
3.064899999999999743e-04 1.000000000000000000e+00
3.126800000000000217e-04 1.000000000000000000e+00
3.189900000000000070e-04 1.000000000000000000e+00
3.254399999999999741e-04 1.000000000000000000e+00
3.320099999999999874e-04 1.000000000000000000e+00
3.387199999999999825e-04 1.000000000000000000e+00
3.455600000000000186e-04 1.000000000000000000e+00
3.525399999999999823e-04 1.000000000000000000e+00
3.596599999999999819e-04 1.000000000000000000e+00
3.669300000000000122e-04 1.000000000000000000e+00
3.743400000000000243e-04 1.000000000000000000e+00
3.819000000000000129e-04 1.000000000000000000e+00
3.896200000000000271e-04 1.000000000000000000e+00
3.974900000000000178e-04 1.000000000000000000e+00
4.055199999999999799e-04 1.000000000000000000e+00
4.137100000000000217e-04 1.000000000000000000e+00
4.220699999999999756e-04 1.000000000000000000e+00
4.306000000000000040e-04 1.000000000000000000e+00
4.392900000000000038e-04 1.000000000000000000e+00
4.481700000000000137e-04 1.000000000000000000e+00
4.572199999999999897e-04 1.000000000000000000e+00
4.664599999999999758e-04 1.000000000000000000e+00
4.758799999999999771e-04 1.000000000000000000e+00
4.854999999999999832e-04 1.000000000000000000e+00
4.952999999999999504e-04 1.000000000000000000e+00
5.053100000000000256e-04 1.000000000000000000e+00
5.155199999999999973e-04 1.000000000000000000e+00
5.259299999999999739e-04 1.000000000000000000e+00
5.365600000000000534e-04 1.000000000000000000e+00
5.473900000000000293e-04 1.000000000000000000e+00
5.584500000000000488e-04 1.000000000000000000e+00
5.697299999999999543e-04 1.000000000000000000e+00
5.812400000000000119e-04 1.000000000000000000e+00
5.929900000000000535e-04 1.000000000000000000e+00
6.049599999999999813e-04 1.000000000000000000e+00
6.171899999999999912e-04 1.000000000000000000e+00
6.296500000000000447e-04 1.000000000000000000e+00
6.423699999999999636e-04 1.000000000000000000e+00
6.553499999999999647e-04 1.000000000000000000e+00
6.685900000000000480e-04 1.000000000000000000e+00
6.821000000000000457e-04 1.000000000000000000e+00
6.958799999999999578e-04 1.000000000000000000e+00
7.099300000000000012e-04 1.000000000000000000e+00
7.242699999999999486e-04 1.000000000000000000e+00
7.389099999999999575e-04 1.000000000000000000e+00
7.538300000000000382e-04 1.000000000000000000e+00
7.690600000000000127e-04 1.000000000000000000e+00
7.845999999999999893e-04 1.000000000000000000e+00
8.004499999999999680e-04 1.000000000000000000e+00
8.166199999999999978e-04 1.000000000000000000e+00
8.331099999999999704e-04 1.000000000000000000e+00
8.499399999999999837e-04 1.000000000000000000e+00
8.671100000000000379e-04 1.000000000000000000e+00
8.846299999999999650e-04 1.000000000000000000e+00
9.024999999999999819e-04 1.000000000000000000e+00
9.207300000000000293e-04 1.000000000000000000e+00
9.393300000000000477e-04 1.000000000000000000e+00
9.583099999999999778e-04 1.000000000000000000e+00
9.776699999999999280e-04 1.000000000000000000e+00
9.974199999999999473e-04 1.000000000000000000e+00
1.017600000000000015e-03 1.000000000000000000e+00
1.038099999999999917e-03 1.000000000000000000e+00
1.059100000000000102e-03 1.000000000000000000e+00
1.080500000000000080e-03 1.000000000000000000e+00
1.102300000000000068e-03 1.000000000000000000e+00
1.124599999999999905e-03 1.000000000000000000e+00
1.147299999999999969e-03 1.000000000000000000e+00
1.170500000000000099e-03 1.000000000000000000e+00
1.194100000000000023e-03 1.000000000000000000e+00
1.218200000000000012e-03 1.000000000000000000e+00
1.242899999999999908e-03 1.000000000000000000e+00
1.268000000000000030e-03 1.000000000000000000e+00
1.293600000000000002e-03 1.000000000000000000e+00
1.319700000000000040e-03 1.000000000000000000e+00
1.346399999999999984e-03 1.000000000000000000e+00
1.373599999999999995e-03 1.000000000000000000e+00
1.401300000000000072e-03 1.000000000000000000e+00
1.429600000000000055e-03 1.000000000000000000e+00
1.458499999999999944e-03 1.000000000000000000e+00
1.487999999999999956e-03 1.000000000000000000e+00
1.518000000000000035e-03 1.000000000000000000e+00
1.548700000000000077e-03 1.000000000000000000e+00
1.580000000000000024e-03 1.000000000000000000e+00
1.611900000000000095e-03 1.000000000000000000e+00
1.644499999999999912e-03 1.000000000000000000e+00
1.677700000000000068e-03 1.000000000000000000e+00
1.711599999999999970e-03 1.000000000000000000e+00
1.746200000000000052e-03 1.000000000000000000e+00
1.781400000000000041e-03 1.000000000000000000e+00
1.817400000000000048e-03 1.000000000000000000e+00
1.854100000000000019e-03 1.000000000000000000e+00
1.891600000000000009e-03 1.000000000000000000e+00
1.929799999999999962e-03 1.000000000000000000e+00
1.968800000000000151e-03 1.000000000000000000e+00
2.008600000000000142e-03 1.000000000000000000e+00
2.049099999999999880e-03 1.000000000000000000e+00
2.090499999999999910e-03 1.000000000000000000e+00
2.132799999999999800e-03 1.000000000000000000e+00
2.175799999999999870e-03 1.000000000000000000e+00
2.219800000000000072e-03 1.000000000000000000e+00
2.264599999999999860e-03 1.000000000000000000e+00
2.310400000000000214e-03 1.000000000000000000e+00
2.357099999999999994e-03 1.000000000000000000e+00
2.404700000000000067e-03 1.000000000000000000e+00
2.453299999999999838e-03 1.000000000000000000e+00
2.502799999999999903e-03 1.000000000000000000e+00
2.553399999999999941e-03 1.000000000000000000e+00
2.605000000000000111e-03 1.000000000000000000e+00
2.657599999999999980e-03 1.000000000000000000e+00
2.711299999999999821e-03 9.999840961862653810e-01
2.765999999999999796e-03 1.000000000000000000e+00
2.821900000000000016e-03 1.000000000000000000e+00
2.878900000000000209e-03 1.000000000000000000e+00
2.937100000000000214e-03 1.000000000000000000e+00
2.996400000000000192e-03 1.000000000000000000e+00
3.056899999999999982e-03 1.000000000000000000e+00
3.118699999999999858e-03 1.000000000000000000e+00
3.181699999999999980e-03 1.000000000000000000e+00
3.246000000000000187e-03 1.000000000000000000e+00
3.311500000000000207e-03 1.000000000000000000e+00
3.378400000000000153e-03 9.999868850739026538e-01
3.446700000000000024e-03 1.000000000000000000e+00
3.516299999999999981e-03 1.000012676841945281e+00
3.587400000000000137e-03 1.000012464942349633e+00
3.659799999999999946e-03 1.000024515512190293e+00
3.733799999999999793e-03 1.000012055019107171e+00
3.809199999999999999e-03 1.000000000000000000e+00
3.886099999999999971e-03 9.999766736645672172e-01
3.964600000000000415e-03 9.999655785669210317e-01
4.044700000000000031e-03 9.999548456284924614e-01
4.126399999999999686e-03 9.999666774039477346e-01
4.209799999999999653e-03 1.000010930514717788e+00
4.294799999999999660e-03 1.000086060371350616e+00
4.381600000000000251e-03 1.000158827640244885e+00
4.470100000000000288e-03 1.000187617260787976e+00
4.560400000000000044e-03 1.000133401744484285e+00
4.652500000000000385e-03 9.999595845289575013e-01
4.746499999999999851e-03 9.996020296487911905e-01
4.842400000000000176e-03 9.993140617344439258e-01
4.940199999999999626e-03 9.988418106360389404e-01
5.040000000000000209e-03 9.983837231412816537e-01
5.141899999999999596e-03 9.982201405152224538e-01
5.245699999999999842e-03 9.980616577441387971e-01
5.351700000000000033e-03 9.979987264622941501e-01
5.459799999999999896e-03 9.980276134122287868e-01
5.570099999999999704e-03 9.980556783031374612e-01
5.682600000000000325e-03 9.980831227672736228e-01
5.797400000000000296e-03 9.981098032477017101e-01
5.914499999999999619e-03 9.980511777664802242e-01
6.034000000000000301e-03 9.979943172321578126e-01
6.155899999999999740e-03 9.979389942291838622e-01
6.280299999999999945e-03 9.978851472262892930e-01
6.407200000000000048e-03 9.978328918853840435e-01
6.536600000000000049e-03 9.977820025348542732e-01
6.668600000000000222e-03 9.977324263038548358e-01
6.803299999999999972e-03 9.976841130152848125e-01
6.940799999999999574e-03 9.977130660161610543e-01
7.080999999999999621e-03 9.975909056689000742e-01
7.224000000000000386e-03 9.976202870528741995e-01
7.369999999999999815e-03 9.975020204246565214e-01
7.518900000000000236e-03 9.975315812400173954e-01
7.670800000000000188e-03 9.974169476931907807e-01
7.825699999999999670e-03 9.973757004042840268e-01
7.983799999999999231e-03 9.973352033660588534e-01
8.145100000000000603e-03 9.972954230235783202e-01
8.309600000000000319e-03 9.972563275944852368e-01
8.477500000000000660e-03 9.972178869512112742e-01
8.648799999999999891e-03 9.971798831665883434e-01
8.823499999999999746e-03 9.970762176888829931e-01
9.001699999999999632e-03 9.970398631758978780e-01
9.183600000000000096e-03 9.970040380356910426e-01
9.369099999999999998e-03 9.969685242518059320e-01
9.558300000000000476e-03 9.968696096594902301e-01
9.751400000000000345e-03 9.968352427368820656e-01
9.948399999999999604e-03 9.967385850476668807e-01
1.014900000000000004e-02 9.967671743860739841e-01
1.035400000000000036e-02 9.966718027734976504e-01
1.056400000000000047e-02 9.965774355213299351e-01
1.077700000000000012e-02 9.965446168768186119e-01
1.099499999999999957e-02 9.964515547001864260e-01
1.121699999999999954e-02 9.964187656679002192e-01
1.144300000000000005e-02 9.963267966111736262e-01
1.167499999999999961e-02 9.962941176470587745e-01
1.191000000000000045e-02 9.962026055967750926e-01
1.215100000000000034e-02 9.961694718514219060e-01
1.239700000000000003e-02 9.961358786550550404e-01
1.264700000000000026e-02 9.960444852098142565e-01
1.290200000000000027e-02 9.960100319197446872e-01
1.316299999999999935e-02 9.959183673469387266e-01
1.342899999999999996e-02 9.958262831359278033e-01
1.370000000000000037e-02 9.957341715312079122e-01
1.397699999999999984e-02 9.956973625391148941e-01
1.425900000000000084e-02 9.956037840845853859e-01
1.454699999999999917e-02 9.955649185053775385e-01
1.484100000000000003e-02 9.954698635434506837e-01
1.514099999999999994e-02 9.953736850801343516e-01
1.544700000000000066e-02 9.953312094913764341e-01
1.575899999999999870e-02 9.952326154857800145e-01
1.607700000000000101e-02 9.952417414132574969e-01
1.640199999999999991e-02 9.950854584175176099e-01
1.673399999999999888e-02 9.950365441256681098e-01
1.707200000000000037e-02 9.949310513980487158e-01
1.741600000000000092e-02 9.948779424585876274e-01
1.776799999999999907e-02 9.948226061365742501e-01
1.812700000000000075e-02 9.947646834269510130e-01
1.849299999999999902e-02 9.947043729868427775e-01
1.886699999999999836e-02 9.945869101645797850e-01
1.924800000000000122e-02 9.945208481727029204e-01
1.963700000000000168e-02 9.945067018237749856e-01
2.003399999999999972e-02 9.944346484461097369e-01
2.043800000000000130e-02 9.943040424708289304e-01
2.085100000000000148e-02 9.942247889826744123e-01
2.127199999999999924e-02 9.941973999888411573e-01
2.170199999999999907e-02 9.941107184923438922e-01
2.214100000000000096e-02 9.940761636107193766e-01
2.258800000000000044e-02 9.939810345806597836e-01
2.304399999999999851e-02 9.939383542059815335e-01
2.350999999999999965e-02 9.939491730536507141e-01
2.398499999999999938e-02 9.938407902382335735e-01
2.446900000000000117e-02 9.937855425924839725e-01
2.496400000000000008e-02 9.937847756599976767e-01
2.546800000000000105e-02 9.937806482478171999e-01
2.598200000000000162e-02 9.937730487878604357e-01
2.650699999999999931e-02 9.937010763209392916e-01
2.704300000000000107e-02 9.936853835200891716e-01
2.758899999999999894e-02 9.936665203486548803e-01
2.814600000000000088e-02 9.937070938215103455e-01
2.871500000000000094e-02 9.936814958091554351e-01
2.929500000000000159e-02 9.937176886329428527e-01
2.988700000000000037e-02 9.938185443668993146e-01
3.048999999999999974e-02 9.937854633882734490e-01
3.110600000000000170e-02 9.939543830722725737e-01
3.173499999999999932e-02 9.939876957494406806e-01
3.237600000000000200e-02 9.940916856492026943e-01
3.302999999999999686e-02 9.941257524113423782e-01
3.369699999999999779e-02 9.943072600916752490e-01
3.437799999999999884e-02 9.944197270190785476e-01
3.507199999999999901e-02 9.946133128126202205e-01
3.578100000000000031e-02 9.947364286275434120e-01
3.650400000000000172e-02 9.949446316803081114e-01
3.724100000000000327e-02 9.951627449372796308e-01
3.799299999999999899e-02 9.954743546765001394e-01
3.876099999999999685e-02 9.956301944991859942e-01
3.954400000000000276e-02 9.959691552751489541e-01
4.034299999999999692e-02 9.962358845671267504e-01
4.115800000000000014e-02 9.965163182984965173e-01
4.198899999999999855e-02 9.969054763690923249e-01
4.283800000000000108e-02 9.972184922309610400e-01
4.370299999999999879e-02 9.975478175576263373e-01
4.458600000000000063e-02 9.979839518555666533e-01
4.548599999999999866e-02 9.983696488079979448e-01
4.640500000000000180e-02 9.987738933601610913e-01
4.734300000000000314e-02 9.992077257446305705e-01
4.829900000000000165e-02 9.996282893657960633e-01
4.927499999999999936e-02 1.000044627914760564e+00
5.027000000000000218e-02 1.000466486898544893e+00
5.128599999999999826e-02 1.000857901387713467e+00
5.232200000000000045e-02 1.001251165590585579e+00
5.337900000000000283e-02 1.001645151606124440e+00
5.445699999999999846e-02 1.002002099763166232e+00
5.555700000000000222e-02 1.002344098824229812e+00
5.668000000000000121e-02 1.002682281828485067e+00
5.782500000000000140e-02 1.002990415335463181e+00
5.899299999999999683e-02 1.003292799917031797e+00
6.018400000000000138e-02 1.003562695553861017e+00
6.140000000000000319e-02 1.003852152006717846e+00
6.264100000000000223e-02 1.004108052593883915e+00
6.390600000000000447e-02 1.004370461707083217e+00
6.519700000000000495e-02 1.004640177827174075e+00
6.651400000000000368e-02 1.004918194501204898e+00
6.785800000000000165e-02 1.005220251716247182e+00
6.922899999999999887e-02 1.005534010196522887e+00
7.062699999999999534e-02 1.005920741790692130e+00
7.205400000000000693e-02 1.006340906358937248e+00
7.351000000000000589e-02 1.006829492381900337e+00
7.499400000000000510e-02 1.007424543195210687e+00
7.650899999999999368e-02 1.008120074806988287e+00
7.805499999999999938e-02 1.008960015725073323e+00
7.963199999999999446e-02 1.009942966739009851e+00
8.124099999999999377e-02 1.011137284788859336e+00
8.288199999999999734e-02 1.012477431579699827e+00
8.455600000000000616e-02 1.014074868683879416e+00
8.626399999999999346e-02 1.015901941226118321e+00
8.800700000000000189e-02 1.017965743454766425e+00
8.978500000000000369e-02 1.020292865302731222e+00
9.159799999999999887e-02 1.022889346483147444e+00
9.344900000000000428e-02 1.025734544548399407e+00
9.533700000000000507e-02 1.028845698032709199e+00
9.726300000000000223e-02 1.032162001191185174e+00
9.922699999999999576e-02 1.035706860706860688e+00
1.012300000000000005e-01 1.039362367726667014e+00
1.032799999999999968e-01 1.043124537748193692e+00
1.053599999999999953e-01 1.046955746955746891e+00
1.074900000000000022e-01 1.050645051511307715e+00
1.096599999999999936e-01 1.054214737924607181e+00
1.118799999999999933e-01 1.057498419458955841e+00
1.141400000000000053e-01 1.060493700003433348e+00
1.164400000000000018e-01 1.063075782711517592e+00
1.188000000000000028e-01 1.065289734500470153e+00
1.212000000000000022e-01 1.067159489927924421e+00
1.236499999999999960e-01 1.068747173224785296e+00
1.261400000000000021e-01 1.070170051053702442e+00
1.286899999999999988e-01 1.071520694102473970e+00
1.312899999999999900e-01 1.073035721396997433e+00
1.339400000000000035e-01 1.074790667425412627e+00
1.366499999999999937e-01 1.076958276134614589e+00
1.394100000000000061e-01 1.079762464220105134e+00
1.422299999999999953e-01 1.083215859030836947e+00
1.451000000000000068e-01 1.087619221466709307e+00
1.480299999999999949e-01 1.093003372440982224e+00
1.510199999999999876e-01 1.099453551912568106e+00
1.540700000000000125e-01 1.107081354693941533e+00
1.571799999999999864e-01 1.115873452544704270e+00
1.603600000000000025e-01 1.125668760176785410e+00
1.635999999999999954e-01 1.136212624584717501e+00
1.668999999999999928e-01 1.147148709278886791e+00
1.702799999999999869e-01 1.157974093619354328e+00
1.737100000000000033e-01 1.168308998057973058e+00
1.772199999999999886e-01 1.177552552552552534e+00
1.807999999999999885e-01 1.185522829982857962e+00
1.844600000000000128e-01 1.192134470001608326e+00
1.881799999999999862e-01 1.197554325373874295e+00
1.919800000000000118e-01 1.201945854483925658e+00
1.958600000000000063e-01 1.206073189722294048e+00
1.998199999999999976e-01 1.210465734018062456e+00
2.038600000000000134e-01 1.215909090909090828e+00
2.079699999999999882e-01 1.223191669012102301e+00
2.121800000000000075e-01 1.232687250413947444e+00
2.164600000000000135e-01 1.244809899861597291e+00
2.208299999999999985e-01 1.259530148953688533e+00
2.253000000000000003e-01 1.276658166143846973e+00
2.298499999999999988e-01 1.295511772497822012e+00
2.344900000000000040e-01 1.315191885549920503e+00
2.392299999999999982e-01 1.334547727000757966e+00
2.440599999999999992e-01 1.352285084906449608e+00
2.489899999999999891e-01 1.367663296141329532e+00
2.540200000000000236e-01 1.380420716843720808e+00
2.591499999999999915e-01 1.391015697710492161e+00
2.643900000000000139e-01 1.400682964192251356e+00
2.697300000000000253e-01 1.411089017796986367e+00
2.751799999999999802e-01 1.423785822277337187e+00
2.807399999999999896e-01 1.439969631696034646e+00
2.864099999999999979e-01 1.460114433370247600e+00
2.921900000000000053e-01 1.484101132309601390e+00
2.980999999999999761e-01 1.510998999162564527e+00
3.041200000000000014e-01 1.539050733680451089e+00
3.102599999999999802e-01 1.566163510643105772e+00
3.165299999999999780e-01 1.590779187037955511e+00
3.229199999999999848e-01 1.612246401729134915e+00
3.294500000000000206e-01 1.631361970684038987e+00
3.361000000000000099e-01 1.649969713728898446e+00
3.428899999999999726e-01 1.670333870219213201e+00
3.498200000000000198e-01 1.694427086292109141e+00
3.568899999999999850e-01 1.723302556185613010e+00
3.640900000000000247e-01 1.756461356417762021e+00
3.714500000000000024e-01 1.791832864709343998e+00
3.789500000000000091e-01 1.827458510492388166e+00
3.866100000000000092e-01 1.861209709225198017e+00
3.944199999999999928e-01 1.892251363670327979e+00
4.023900000000000254e-01 1.921794871794872073e+00
4.105199999999999960e-01 1.952323232323232238e+00
4.188100000000000156e-01 1.985853822835971672e+00
4.272699999999999831e-01 2.023935234072509637e+00
4.359000000000000097e-01 2.065987742500345448e+00
4.447099999999999942e-01 2.110140028971511317e+00
4.536899999999999822e-01 2.154250480137470891e+00
4.628599999999999937e-01 2.196748139154304891e+00
4.722100000000000186e-01 2.238546255506607796e+00
4.817400000000000015e-01 2.281111813013265710e+00
4.914799999999999724e-01 2.326816982489805508e+00
5.014100000000000223e-01 2.376591607602082323e+00
5.115300000000000402e-01 2.429246831702672527e+00
5.218699999999999450e-01 2.483434149023921123e+00
5.324100000000000499e-01 2.537560204154984955e+00
5.431700000000000417e-01 2.591916460070617934e+00
5.541399999999999659e-01 2.647460554203626693e+00
5.653299999999999992e-01 2.706263853542401954e+00
5.767499999999999849e-01 2.768516927307097308e+00
5.884000000000000341e-01 2.833033465275279106e+00
6.002899999999999903e-01 2.899143045484509074e+00
6.124199999999999644e-01 2.966492559377155835e+00
6.247899999999999565e-01 3.035568801757299262e+00
6.374100000000000321e-01 3.106760490416162757e+00
6.502900000000000347e-01 3.180518996350983230e+00
6.634200000000000097e-01 3.256961037117645841e+00
6.768300000000000427e-01 3.336058567765431526e+00
6.905000000000000027e-01 3.417935043533549155e+00
7.044500000000000206e-01 3.502630541470112213e+00
7.186799999999999855e-01 3.590273227157469105e+00
7.331999999999999629e-01 3.680760846845233303e+00
7.480099999999999527e-01 3.774258169525478657e+00
7.631200000000000205e-01 3.870676642383671151e+00
7.785400000000000098e-01 3.970203688411781062e+00
7.942599999999999660e-01 4.072844695398048387e+00
8.103099999999999747e-01 4.178632915224095079e+00
8.266799999999999704e-01 4.287726957039389220e+00
8.433800000000000185e-01 4.400016651749473873e+00
8.604100000000000081e-01 4.515579623119418962e+00
8.778000000000000247e-01 4.634839182626225629e+00
8.955300000000000482e-01 4.757234881261417136e+00
9.136199999999999877e-01 4.883474576271185974e+00
9.320800000000000196e-01 5.013233815044201513e+00
9.509100000000000330e-01 5.146666666666666501e+00
9.701100000000000279e-01 5.283965014577260533e+00
9.897099999999999786e-01 5.424890602527616679e+00
1.009700000000000042e+00 5.569510471540536578e+00
1.030100000000000016e+00 5.718380146339818282e+00
1.050899999999999945e+00 5.870588651729141461e+00
1.072100000000000053e+00 6.027127461910070316e+00
1.093800000000000106e+00 6.187336636367183118e+00
1.115899999999999892e+00 6.351572739187418826e+00
1.138400000000000079e+00 6.519327514296771042e+00
1.161399999999999988e+00 6.691193066401841527e+00
1.184900000000000064e+00 6.866647711117430219e+00
1.208800000000000097e+00 7.046415601213869451e+00
1.233300000000000063e+00 7.229853240716562546e+00
1.258199999999999985e+00 7.416666666666666963e+00
1.283600000000000074e+00 7.608057553956834695e+00
1.309500000000000108e+00 7.803286611889801883e+00
1.336000000000000076e+00 8.001775635741010362e+00
1.362999999999999989e+00 8.204633204633204002e+00
1.390500000000000069e+00 8.411123532699832595e+00
1.418600000000000083e+00 8.621928859552621560e+00
1.447200000000000042e+00 8.836117311985221434e+00
1.476499999999999924e+00 9.054698230588995145e+00
1.506299999999999972e+00 9.276689561604342771e+00
1.536699999999999955e+00 9.501646346889739192e+00
1.567800000000000082e+00 9.731042211430706246e+00
1.599399999999999933e+00 9.964716259923552144e+00
1.631799999999999917e+00 1.020034144435074275e+01
1.664700000000000069e+00 1.044030519193205464e+01
1.698399999999999910e+00 1.068360679870004937e+01
1.732699999999999907e+00 1.093016348255869197e+01
1.767700000000000049e+00 1.118010022188427044e+01
1.803399999999999892e+00 1.143305521408207603e+01
1.839800000000000102e+00 1.168914376654913490e+01
1.877000000000000002e+00 1.194810241354000446e+01
1.914900000000000047e+00 1.220999396135265869e+01
1.953600000000000003e+00 1.247470348846415611e+01
1.993000000000000105e+00 1.274190333831589328e+01
2.033300000000000107e+00 1.301172290059049885e+01
2.074399999999999800e+00 1.328401015692077358e+01
2.116299999999999848e+00 1.355842911877394741e+01
2.158999999999999808e+00 1.383507432703897067e+01
2.202599999999999891e+00 1.411374407582938417e+01
2.247100000000000097e+00 1.439431082841935705e+01
2.292499999999999982e+00 1.467663880334360016e+01
2.338799999999999990e+00 1.496043113074719777e+01
2.386099999999999888e+00 1.524557206840390755e+01
2.434299999999999908e+00 1.553205111105183178e+01
2.483499999999999819e+00 1.581998154517238575e+01
2.533599999999999852e+00 1.610873388042204013e+01
2.584799999999999986e+00 1.639840270311779946e+01
2.637000000000000011e+00 1.668866497118758829e+01
2.690300000000000136e+00 1.697952160858270432e+01
2.744699999999999918e+00 1.727038110726154230e+01
2.800100000000000033e+00 1.756168037341631560e+01
2.856700000000000017e+00 1.785273454178473074e+01
2.914400000000000102e+00 1.814462339352529341e+01
2.973300000000000054e+00 1.843538284545570605e+01
3.033300000000000107e+00 1.872639614302932998e+01
3.094599999999999795e+00 1.901697610251133952e+01
3.157099999999999795e+00 1.930629041740153085e+01
3.220899999999999874e+00 1.959408836660337627e+01
3.286000000000000032e+00 1.988281459979572929e+01
3.352300000000000058e+00 2.016890940825404144e+01
3.420100000000000140e+00 2.045406297912489535e+01
3.489199999999999857e+00 2.073868198381817152e+01
3.559600000000000097e+00 2.102205834788795968e+01
3.631600000000000161e+00 2.130343472664453941e+01
3.704899999999999860e+00 2.158283079106065827e+01
3.779799999999999827e+00 2.185958395245170749e+01
3.856100000000000083e+00 2.213646619466272369e+01
3.934000000000000163e+00 2.240997229916897382e+01
4.013499999999999623e+00 2.268128305749872098e+01
4.094599999999999795e+00 2.295247453993210840e+01
4.177299999999999791e+00 2.321859507997381300e+01
4.261700000000000266e+00 2.348481880509304887e+01
4.347800000000000331e+00 2.374784641890228798e+01
4.435599999999999987e+00 2.400863318622556264e+01
4.525199999999999889e+00 2.426780594749564557e+01
4.616600000000000037e+00 2.452412624045015122e+01
4.709900000000000198e+00 2.477783392700873932e+01
4.804999999999999716e+00 2.502935900579437245e+01
4.902099999999999902e+00 2.527834828667171152e+01
5.001100000000000101e+00 2.552523237553584678e+01
5.102100000000000080e+00 2.576879777211589939e+01
5.205199999999999605e+00 2.601048484660483240e+01
5.310399999999999565e+00 2.625048720280629055e+01
5.417600000000000193e+00 2.648789280370017352e+01
5.527099999999999902e+00 2.672221925466944370e+01
5.638700000000000045e+00 2.695577597136252024e+01
5.752600000000000158e+00 2.718558431923782948e+01
5.868900000000000006e+00 2.741285904119391148e+01
5.987400000000000055e+00 2.763802958617884187e+01
6.108399999999999608e+00 2.786234727048537252e+01
6.231799999999999784e+00 2.808442701852417045e+01
6.357700000000000351e+00 2.830341775264322379e+01
6.486100000000000421e+00 2.852213323719517035e+01
6.617099999999999760e+00 2.873749224586670792e+01
6.750799999999999912e+00 2.895279527670273012e+01
6.887199999999999989e+00 2.916383110927005617e+01
7.026299999999999990e+00 2.937517433751743567e+01
7.168199999999999683e+00 2.958507840654524301e+01
7.312999999999999723e+00 2.979253817637655999e+01
7.460799999999999876e+00 2.999857483877864084e+01
7.611500000000000377e+00 3.020493486132367522e+01
7.765299999999999869e+00 3.040830693417811048e+01
7.922100000000000364e+00 3.061183509548397907e+01
8.082200000000000273e+00 3.081375874951690008e+01
8.245400000000000063e+00 3.101525583907114836e+01
8.412000000000000810e+00 3.121545137251202817e+01
8.581899999999999196e+00 3.141381185426862643e+01
8.755300000000000082e+00 3.161260234221162690e+01
8.932199999999999918e+00 3.181171229900043684e+01
9.112600000000000477e+00 3.200991001252990031e+01
9.296699999999999520e+00 3.220636531916164103e+01
9.484500000000000597e+00 3.240358126721763199e+01
9.676099999999999923e+00 3.260175945378151141e+01
9.871600000000000819e+00 3.279980724218642507e+01
1.007099999999999973e+01 3.299884493213976100e+01
