# # k[h/Mpc], Boost (P^NLCDM_NL/P^NLCDM_L)
1.000000000000000048e-04 1.000000000000000000e+00
1.020200000000000024e-04 1.000000000000000000e+00
1.040800000000000064e-04 1.000000000000000000e+00
1.061800000000000032e-04 1.000000000000000000e+00
1.083300000000000013e-04 1.000000000000000000e+00
1.105200000000000057e-04 1.000000000000000000e+00
1.127500000000000030e-04 1.000000000000000000e+00
1.150300000000000015e-04 1.000000000000000000e+00
1.173500000000000064e-04 1.000000000000000000e+00
1.197199999999999989e-04 1.000000000000000000e+00
1.221399999999999927e-04 1.000000000000000000e+00
1.246099999999999877e-04 1.000000000000000000e+00
1.271199999999999891e-04 1.000000000000000000e+00
1.296899999999999865e-04 1.000000000000000000e+00
1.323100000000000122e-04 1.000000000000000000e+00
1.349900000000000069e-04 1.000000000000000000e+00
1.377100000000000080e-04 1.000000000000000000e+00
1.404900000000000051e-04 1.000000000000000000e+00
1.433299999999999982e-04 1.000000000000000000e+00
1.462299999999999874e-04 1.000000000000000000e+00
1.491800000000000049e-04 1.000000000000000000e+00
1.522000000000000132e-04 1.000000000000000000e+00
1.552699999999999957e-04 1.000000000000000000e+00
1.584099999999999961e-04 1.000000000000000000e+00
1.616099999999999926e-04 1.000000000000000000e+00
1.648700000000000122e-04 1.000000000000000000e+00
1.681999999999999956e-04 1.000000000000000000e+00
1.715999999999999969e-04 1.000000000000000000e+00
1.750699999999999891e-04 1.000000000000000000e+00
1.786000000000000044e-04 1.000000000000000000e+00
1.822100000000000054e-04 1.000000000000000000e+00
1.858899999999999973e-04 1.000000000000000000e+00
1.896500000000000020e-04 1.000000000000000000e+00
1.934799999999999975e-04 1.000000000000000000e+00
1.973900000000000058e-04 1.000000000000000000e+00
2.013799999999999998e-04 1.000000000000000000e+00
2.054400000000000117e-04 1.000000000000000000e+00
2.095900000000000042e-04 1.000000000000000000e+00
2.138300000000000042e-04 1.000000000000000000e+00
2.181499999999999900e-04 1.000000000000000000e+00
2.225499999999999885e-04 1.000000000000000000e+00
2.270499999999999895e-04 1.000000000000000000e+00
2.316399999999999980e-04 1.000000000000000000e+00
2.363199999999999871e-04 1.000000000000000000e+00
2.410900000000000109e-04 1.000000000000000000e+00
2.459599999999999829e-04 1.000000000000000000e+00
2.509300000000000115e-04 1.000000000000000000e+00
2.559999999999999884e-04 1.000000000000000000e+00
2.611700000000000219e-04 1.000000000000000000e+00
2.664499999999999985e-04 1.000000000000000000e+00
2.718299999999999775e-04 1.000000000000000000e+00
2.773200000000000079e-04 1.000000000000000000e+00
2.829199999999999814e-04 1.000000000000000000e+00
2.886400000000000012e-04 1.000000000000000000e+00
2.944700000000000182e-04 1.000000000000000000e+00
3.004199999999999731e-04 1.000000000000000000e+00
3.064899999999999743e-04 1.000000000000000000e+00
3.126800000000000217e-04 1.000000000000000000e+00
3.189900000000000070e-04 1.000000000000000000e+00
3.254399999999999741e-04 1.000000000000000000e+00
3.320099999999999874e-04 1.000000000000000000e+00
3.387199999999999825e-04 1.000000000000000000e+00
3.455600000000000186e-04 1.000000000000000000e+00
3.525399999999999823e-04 1.000000000000000000e+00
3.596599999999999819e-04 1.000000000000000000e+00
3.669300000000000122e-04 1.000000000000000000e+00
3.743400000000000243e-04 1.000000000000000000e+00
3.819000000000000129e-04 1.000000000000000000e+00
3.896200000000000271e-04 1.000000000000000000e+00
3.974900000000000178e-04 1.000000000000000000e+00
4.055199999999999799e-04 1.000000000000000000e+00
4.137100000000000217e-04 1.000000000000000000e+00
4.220699999999999756e-04 1.000000000000000000e+00
4.306000000000000040e-04 1.000000000000000000e+00
4.392900000000000038e-04 1.000000000000000000e+00
4.481700000000000137e-04 1.000000000000000000e+00
4.572199999999999897e-04 1.000000000000000000e+00
4.664599999999999758e-04 1.000000000000000000e+00
4.758799999999999771e-04 1.000000000000000000e+00
4.854999999999999832e-04 1.000000000000000000e+00
4.952999999999999504e-04 1.000000000000000000e+00
5.053100000000000256e-04 1.000000000000000000e+00
5.155199999999999973e-04 1.000000000000000000e+00
5.259299999999999739e-04 1.000000000000000000e+00
5.365600000000000534e-04 1.000000000000000000e+00
5.473900000000000293e-04 1.000000000000000000e+00
5.584500000000000488e-04 1.000000000000000000e+00
5.697299999999999543e-04 1.000000000000000000e+00
5.812400000000000119e-04 1.000000000000000000e+00
5.929900000000000535e-04 1.000000000000000000e+00
6.049599999999999813e-04 1.000000000000000000e+00
6.171899999999999912e-04 1.000000000000000000e+00
6.296500000000000447e-04 1.000000000000000000e+00
6.423699999999999636e-04 1.000000000000000000e+00
6.553499999999999647e-04 1.000000000000000000e+00
6.685900000000000480e-04 1.000000000000000000e+00
6.821000000000000457e-04 1.000000000000000000e+00
6.958799999999999578e-04 1.000000000000000000e+00
7.099300000000000012e-04 1.000000000000000000e+00
7.242699999999999486e-04 1.000000000000000000e+00
7.389099999999999575e-04 1.000000000000000000e+00
7.538300000000000382e-04 1.000000000000000000e+00
7.690600000000000127e-04 1.000000000000000000e+00
7.845999999999999893e-04 1.000000000000000000e+00
8.004499999999999680e-04 1.000000000000000000e+00
8.166199999999999978e-04 1.000000000000000000e+00
8.331099999999999704e-04 1.000000000000000000e+00
8.499399999999999837e-04 1.000000000000000000e+00
8.671100000000000379e-04 1.000000000000000000e+00
8.846299999999999650e-04 1.000000000000000000e+00
9.024999999999999819e-04 1.000000000000000000e+00
9.207300000000000293e-04 1.000000000000000000e+00
9.393300000000000477e-04 1.000000000000000000e+00
9.583099999999999778e-04 1.000000000000000000e+00
9.776699999999999280e-04 1.000000000000000000e+00
9.974199999999999473e-04 1.000000000000000000e+00
1.017600000000000015e-03 1.000000000000000000e+00
1.038099999999999917e-03 1.000000000000000000e+00
1.059100000000000102e-03 1.000000000000000000e+00
1.080500000000000080e-03 1.000000000000000000e+00
1.102300000000000068e-03 1.000000000000000000e+00
1.124599999999999905e-03 1.000000000000000000e+00
1.147299999999999969e-03 1.000000000000000000e+00
1.170500000000000099e-03 1.000000000000000000e+00
1.194100000000000023e-03 1.000000000000000000e+00
1.218200000000000012e-03 1.000000000000000000e+00
1.242899999999999908e-03 1.000000000000000000e+00
1.268000000000000030e-03 1.000000000000000000e+00
1.293600000000000002e-03 1.000000000000000000e+00
1.319700000000000040e-03 1.000000000000000000e+00
1.346399999999999984e-03 1.000000000000000000e+00
1.373599999999999995e-03 1.000000000000000000e+00
1.401300000000000072e-03 1.000000000000000000e+00
1.429600000000000055e-03 1.000000000000000000e+00
1.458499999999999944e-03 1.000000000000000000e+00
1.487999999999999956e-03 1.000000000000000000e+00
1.518000000000000035e-03 1.000000000000000000e+00
1.548700000000000077e-03 1.000000000000000000e+00
1.580000000000000024e-03 1.000000000000000000e+00
1.611900000000000095e-03 1.000000000000000000e+00
1.644499999999999912e-03 1.000000000000000000e+00
1.677700000000000068e-03 1.000000000000000000e+00
1.711599999999999970e-03 1.000000000000000000e+00
1.746200000000000052e-03 1.000000000000000000e+00
1.781400000000000041e-03 1.000000000000000000e+00
1.817400000000000048e-03 1.000000000000000000e+00
1.854100000000000019e-03 1.000000000000000000e+00
1.891600000000000009e-03 1.000000000000000000e+00
1.929799999999999962e-03 1.000000000000000000e+00
1.968800000000000151e-03 1.000000000000000000e+00
2.008600000000000142e-03 1.000000000000000000e+00
2.049099999999999880e-03 1.000000000000000000e+00
2.090499999999999910e-03 1.000000000000000000e+00
2.132799999999999800e-03 1.000000000000000000e+00
2.175799999999999870e-03 1.000000000000000000e+00
2.219800000000000072e-03 1.000000000000000000e+00
2.264599999999999860e-03 1.000000000000000000e+00
2.310400000000000214e-03 1.000000000000000000e+00
2.357099999999999994e-03 1.000000000000000000e+00
2.404700000000000067e-03 1.000000000000000000e+00
2.453299999999999838e-03 1.000000000000000000e+00
2.502799999999999903e-03 1.000000000000000000e+00
2.553399999999999941e-03 1.000000000000000000e+00
2.605000000000000111e-03 1.000000000000000000e+00
2.657599999999999980e-03 1.000000000000000000e+00
2.711299999999999821e-03 1.000000000000000000e+00
2.765999999999999796e-03 1.000000000000000000e+00
2.821900000000000016e-03 1.000000000000000000e+00
2.878900000000000209e-03 1.000000000000000000e+00
2.937100000000000214e-03 1.000000000000000000e+00
2.996400000000000192e-03 1.000000000000000000e+00
3.056899999999999982e-03 1.000014539744391362e+00
3.118699999999999858e-03 1.000000000000000000e+00
3.181699999999999980e-03 1.000000000000000000e+00
3.246000000000000187e-03 1.000000000000000000e+00
3.311500000000000207e-03 1.000000000000000000e+00
3.378400000000000153e-03 9.999867017739832997e-01
3.446700000000000024e-03 9.999869345945804344e-01
3.516299999999999981e-03 1.000000000000000000e+00
3.587400000000000137e-03 1.000012614317250081e+00
3.659799999999999946e-03 1.000024791749305919e+00
3.733799999999999793e-03 1.000036546145600003e+00
3.809199999999999999e-03 1.000035918250062883e+00
3.886099999999999971e-03 1.000011767890134795e+00
3.964600000000000415e-03 9.999768649724115610e-01
4.044700000000000031e-03 9.999317716624971375e-01
4.126399999999999686e-03 9.998882057015092695e-01
4.209799999999999653e-03 9.998790929775002168e-01
4.294799999999999660e-03 9.999459605512023286e-01
4.381600000000000251e-03 1.000106281220108473e+00
4.470100000000000288e-03 1.000292660492924091e+00
4.560400000000000044e-03 1.000442045746594566e+00
4.652500000000000385e-03 1.000434808987400670e+00
4.746499999999999851e-03 1.000198945588381516e+00
4.842400000000000176e-03 9.996085339596789687e-01
4.940199999999999626e-03 9.986520315809743753e-01
5.040000000000000209e-03 9.977259806708357326e-01
5.141899999999999596e-03 9.966433566433566815e-01
5.245699999999999842e-03 9.958704230522161804e-01
5.351700000000000033e-03 9.953026196928635994e-01
5.459799999999999896e-03 9.951089373054691212e-01
5.570099999999999704e-03 9.950096305375590866e-01
5.682600000000000325e-03 9.950862068965516949e-01
5.797400000000000296e-03 9.951608795313693356e-01
5.914499999999999619e-03 9.951505016722408392e-01
6.034000000000000301e-03 9.951408334705978964e-01
6.155899999999999740e-03 9.949699821515495257e-01
6.280299999999999945e-03 9.948840927258193467e-01
6.407200000000000048e-03 9.946439823566477489e-01
6.536600000000000049e-03 9.945660611706256260e-01
6.668600000000000222e-03 9.944146901300688901e-01
6.803299999999999972e-03 9.943430381656358508e-01
6.940799999999999574e-03 9.942738157209786154e-01
7.080999999999999621e-03 9.941336070983354256e-01
7.224000000000000386e-03 9.939976858547874272e-01
7.369999999999999815e-03 9.939368000570654171e-01
7.518900000000000236e-03 9.937372457955104821e-01
7.670800000000000188e-03 9.936124418523918367e-01
7.825699999999999670e-03 9.934909215484755141e-01
7.983799999999999231e-03 9.933725569757219098e-01
8.145100000000000603e-03 9.932572267841645042e-01
8.309600000000000319e-03 9.931448157669237053e-01
8.477500000000000660e-03 9.929701230228471509e-01
8.648799999999999891e-03 9.928635720714928947e-01
8.823499999999999746e-03 9.926960939980946641e-01
9.001699999999999632e-03 9.925944521149743238e-01
9.183600000000000096e-03 9.923711468089064791e-01
9.369099999999999998e-03 9.922746781115879822e-01
9.558300000000000476e-03 9.920586808923375077e-01
9.751400000000000345e-03 9.919664268585132172e-01
9.948399999999999604e-03 9.918159174475150719e-01
1.014900000000000004e-02 9.916094584286804237e-01
1.035400000000000036e-02 9.914639103420243016e-01
1.056400000000000047e-02 9.913203425878025499e-01
1.077700000000000012e-02 9.911217346764554792e-01
1.099499999999999957e-02 9.909254875436817045e-01
1.121699999999999954e-02 9.907314349525404573e-01
1.144300000000000005e-02 9.905942237468186029e-01
1.167499999999999961e-02 9.904035972801052967e-01
1.191000000000000045e-02 9.902136682433534398e-01
1.215100000000000034e-02 9.900253410255027697e-01
1.239700000000000003e-02 9.898379419158154224e-01
1.264700000000000026e-02 9.895982593005360206e-01
1.290200000000000027e-02 9.894121365360303288e-01
1.316299999999999935e-02 9.892259414225941239e-01
1.342899999999999996e-02 9.889881570745896466e-01
1.370000000000000037e-02 9.888017339250696480e-01
1.397699999999999984e-02 9.885635160777476171e-01
1.425900000000000084e-02 9.883756500458855676e-01
1.454699999999999917e-02 9.880855810180491083e-01
1.484100000000000003e-02 9.878952942956574779e-01
1.514099999999999994e-02 9.876530817104999249e-01
1.544700000000000066e-02 9.874587788548015999e-01
1.575899999999999870e-02 9.871629017812717510e-01
1.607700000000000101e-02 9.869634182611282114e-01
1.640199999999999991e-02 9.867114558118855738e-01
1.673399999999999888e-02 9.864565377985717864e-01
1.707200000000000037e-02 9.861977503806670375e-01
1.741600000000000092e-02 9.859348198970840915e-01
1.776799999999999907e-02 9.856674656361590348e-01
1.812700000000000075e-02 9.853953988179553480e-01
1.849299999999999902e-02 9.851175953937737484e-01
1.886699999999999836e-02 9.848337072076465137e-01
1.924800000000000122e-02 9.845921302842653988e-01
1.963700000000000168e-02 9.842949812222601125e-01
2.003399999999999972e-02 9.839906286606794339e-01
2.043800000000000130e-02 9.837267262864682893e-01
2.085100000000000148e-02 9.834059425326741044e-01
2.127199999999999924e-02 9.830766212106347712e-01
2.170199999999999907e-02 9.828349399960653043e-01
2.214100000000000096e-02 9.824855690956633136e-01
2.258800000000000044e-02 9.821746880570410010e-01
2.304399999999999851e-02 9.818525331874906614e-01
2.350999999999999965e-02 9.815684315684315431e-01
2.398499999999999938e-02 9.812220715971280427e-01
2.446900000000000117e-02 9.808634183287048280e-01
2.496400000000000008e-02 9.805914033126714724e-01
2.546800000000000105e-02 9.802046035805626056e-01
2.598200000000000162e-02 9.798547065794218636e-01
2.650699999999999931e-02 9.795399075660798927e-01
2.704300000000000107e-02 9.792113944598628272e-01
2.758899999999999894e-02 9.788144547759932701e-01
2.814600000000000088e-02 9.784533333333332861e-01
2.871500000000000094e-02 9.781285352583095616e-01
2.929500000000000159e-02 9.777874564459930751e-01
2.988700000000000037e-02 9.773753165253771247e-01
3.048999999999999974e-02 9.769993316997104271e-01
3.110600000000000170e-02 9.766615930999492656e-01
3.173499999999999932e-02 9.762502854532998375e-01
3.237600000000000200e-02 9.758778272690461497e-01
3.302999999999999686e-02 9.755453905700210981e-01
3.369699999999999779e-02 9.751382858502349871e-01
3.437799999999999884e-02 9.747721648862333055e-01
3.507199999999999901e-02 9.743903933341502288e-01
3.578100000000000031e-02 9.739314378149691587e-01
3.650400000000000172e-02 9.735794197585487808e-01
3.724100000000000327e-02 9.732125650414338303e-01
3.799299999999999899e-02 9.728335401293018991e-01
3.876099999999999685e-02 9.724417291984859268e-01
3.954400000000000276e-02 9.720383628258814079e-01
4.034299999999999692e-02 9.716916311666895512e-01
4.115800000000000014e-02 9.712687871373645310e-01
4.198899999999999855e-02 9.709062455541328518e-01
4.283800000000000108e-02 9.705414012738853291e-01
4.370299999999999879e-02 9.701723376049491421e-01
4.458600000000000063e-02 9.698014237542150751e-01
4.548599999999999866e-02 9.694289852862697510e-01
4.640500000000000180e-02 9.690577743311360459e-01
4.734300000000000314e-02 9.686883823645398017e-01
4.829900000000000165e-02 9.684016360574223548e-01
4.927499999999999936e-02 9.681232675688896672e-01
5.027000000000000218e-02 9.678568469886504877e-01
5.128599999999999826e-02 9.675220866638619688e-01
5.232200000000000045e-02 9.672901187121017985e-01
5.337900000000000283e-02 9.669901230289378313e-01
5.445699999999999846e-02 9.667076598735067083e-01
5.555700000000000222e-02 9.666132478632478708e-01
5.668000000000000121e-02 9.663600288600288080e-01
5.782500000000000140e-02 9.662069595396839405e-01
5.899299999999999683e-02 9.661581137309293021e-01
6.018400000000000138e-02 9.661270702722933867e-01
6.140000000000000319e-02 9.660134431506200992e-01
6.264100000000000223e-02 9.660059369912860072e-01
6.390600000000000447e-02 9.661404358353510302e-01
6.519700000000000495e-02 9.662258791262612334e-01
6.651400000000000368e-02 9.664024571485186899e-01
6.785800000000000165e-02 9.665908202439782437e-01
6.922899999999999887e-02 9.668455599630716435e-01
7.062699999999999534e-02 9.671443982123594241e-01
7.205400000000000693e-02 9.675051537804801871e-01
7.351000000000000589e-02 9.679163586439962774e-01
7.499400000000000510e-02 9.683763525034047026e-01
7.650899999999999368e-02 9.688746920175305144e-01
7.805499999999999938e-02 9.694232028501348353e-01
7.963199999999999446e-02 9.700244421309915932e-01
8.124099999999999377e-02 9.706599489235816502e-01
8.288199999999999734e-02 9.713120567375885805e-01
8.455600000000000616e-02 9.720344936172273798e-01
8.626399999999999346e-02 9.727643388111278933e-01
8.800700000000000189e-02 9.735476780739642511e-01
8.978500000000000369e-02 9.743572875825592394e-01
9.159799999999999887e-02 9.752299302748310694e-01
9.344900000000000428e-02 9.761387982580201905e-01
9.533700000000000507e-02 9.771230954000202917e-01
9.726300000000000223e-02 9.781831240928340332e-01
9.922699999999999576e-02 9.793324457379942727e-01
1.012300000000000005e-01 9.805853236580326371e-01
1.032799999999999968e-01 9.819721297078756184e-01
1.053599999999999953e-01 9.834894753969205539e-01
1.074900000000000022e-01 9.851646214237720356e-01
1.096599999999999936e-01 9.870231651083529734e-01
1.118799999999999933e-01 9.890515738362609666e-01
1.141400000000000053e-01 9.913036786209018514e-01
1.164400000000000018e-01 9.937757292836180145e-01
1.188000000000000028e-01 9.964394914708722961e-01
1.212000000000000022e-01 9.993440203353696205e-01
1.236499999999999960e-01 1.002481389578163906e+00
1.261400000000000021e-01 1.005867773847098912e+00
1.286899999999999988e-01 1.009483667017913477e+00
1.312899999999999900e-01 1.013294330808356625e+00
1.339400000000000035e-01 1.017295283709173104e+00
1.366499999999999937e-01 1.021469002999346065e+00
1.394100000000000061e-01 1.025784212340572266e+00
1.422299999999999953e-01 1.030215523313142922e+00
1.451000000000000068e-01 1.034763153463083674e+00
1.480299999999999949e-01 1.039327232253277167e+00
1.510199999999999876e-01 1.044018577115443547e+00
1.540700000000000125e-01 1.048786285955783271e+00
1.571799999999999864e-01 1.053689434862485896e+00
1.603600000000000025e-01 1.058805067336224592e+00
1.635999999999999954e-01 1.064192905777064047e+00
1.668999999999999928e-01 1.069962802231866128e+00
1.702799999999999869e-01 1.076051152877349315e+00
1.737100000000000033e-01 1.082535845001846964e+00
1.772199999999999886e-01 1.089428064190482770e+00
1.807999999999999885e-01 1.096677931976702380e+00
1.844600000000000128e-01 1.104219830615037479e+00
1.881799999999999862e-01 1.112079748322783557e+00
1.919800000000000118e-01 1.120221542275068760e+00
1.958600000000000063e-01 1.128624476574227709e+00
1.998199999999999976e-01 1.137288067335185948e+00
2.038600000000000134e-01 1.146250256831723879e+00
2.079699999999999882e-01 1.155430396772024304e+00
2.121800000000000075e-01 1.165005393743257844e+00
2.164600000000000135e-01 1.174949944382647216e+00
2.208299999999999985e-01 1.185261993640259970e+00
2.253000000000000003e-01 1.196185547249376757e+00
2.298499999999999988e-01 1.207704606775257261e+00
2.344900000000000040e-01 1.219904026705612488e+00
2.392299999999999982e-01 1.232720148035267194e+00
2.440599999999999992e-01 1.245892351274787480e+00
2.489899999999999891e-01 1.259418160446664769e+00
2.540200000000000236e-01 1.272887323943661775e+00
2.591499999999999915e-01 1.286455079345245611e+00
2.643900000000000139e-01 1.299967938441808135e+00
2.697300000000000253e-01 1.313761588533105318e+00
2.751799999999999802e-01 1.327822390174775657e+00
2.807399999999999896e-01 1.342734092803556711e+00
2.864099999999999979e-01 1.358630097645031620e+00
2.921900000000000053e-01 1.375810418063939222e+00
2.980999999999999761e-01 1.394212118861044125e+00
3.041200000000000014e-01 1.413720572769193495e+00
3.102599999999999802e-01 1.433968628773823806e+00
3.165299999999999780e-01 1.454465695736093966e+00
3.229199999999999848e-01 1.474799854439592384e+00
3.294500000000000206e-01 1.494734862730349834e+00
3.361000000000000099e-01 1.514449185415050358e+00
3.428899999999999726e-01 1.534515345153451449e+00
3.498200000000000198e-01 1.555493591928204911e+00
3.568899999999999850e-01 1.578136863831288927e+00
3.640900000000000247e-01 1.602715072875933178e+00
3.714500000000000024e-01 1.629017893287992846e+00
3.789500000000000091e-01 1.656646465620067676e+00
3.866100000000000092e-01 1.684698802733028300e+00
3.944199999999999928e-01 1.712496419550556093e+00
4.023900000000000254e-01 1.739893128946942369e+00
4.105199999999999960e-01 1.767409373472096146e+00
4.188100000000000156e-01 1.795702814150329063e+00
4.272699999999999831e-01 1.825973402179460248e+00
4.359000000000000097e-01 1.858462306540189735e+00
4.447099999999999942e-01 1.892914562255387567e+00
4.536899999999999822e-01 1.928721174004192740e+00
4.628599999999999937e-01 1.964863534046145110e+00
4.722100000000000186e-01 2.001059728490252709e+00
4.817400000000000015e-01 2.037444516104556236e+00
4.914799999999999724e-01 2.075126063662149356e+00
5.014100000000000223e-01 2.114864864864865357e+00
5.115300000000000402e-01 2.156766660985171224e+00
5.218699999999999450e-01 2.200740937929810404e+00
5.324100000000000499e-01 2.245785414068634189e+00
5.431700000000000417e-01 2.291429395228140820e+00
5.541399999999999659e-01 2.337931723896636171e+00
5.653299999999999992e-01 2.385899235688659914e+00
5.767499999999999849e-01 2.436070897036936689e+00
5.884000000000000341e-01 2.488530041708939322e+00
6.002899999999999903e-01 2.542860497886331839e+00
6.124199999999999644e-01 2.598483458692594450e+00
6.247899999999999565e-01 2.655532558509791308e+00
6.374100000000000321e-01 2.714527363184079611e+00
6.502900000000000347e-01 2.775658303960190754e+00
6.634200000000000097e-01 2.838716646861834558e+00
6.768300000000000427e-01 2.903963071380319949e+00
6.905000000000000027e-01 2.971248630887185271e+00
7.044500000000000206e-01 3.040655710965216141e+00
7.186799999999999855e-01 3.112325156243356705e+00
7.331999999999999629e-01 3.186239304872101830e+00
7.480099999999999527e-01 3.262610384206389380e+00
7.631200000000000205e-01 3.341161153438132914e+00
7.785400000000000098e-01 3.422334004024144782e+00
7.942599999999999660e-01 3.506061401207032358e+00
8.103099999999999747e-01 3.592322856204139381e+00
8.266799999999999704e-01 3.681200000000000028e+00
8.433800000000000185e-01 3.772721851145038219e+00
8.604100000000000081e-01 3.867094123505976810e+00
8.778000000000000247e-01 3.964192877566935280e+00
8.955300000000000482e-01 4.064323517437915534e+00
9.136199999999999877e-01 4.167209862547824883e+00
9.320800000000000196e-01 4.273029966703662197e+00
9.509100000000000330e-01 4.381684698608964368e+00
9.701100000000000279e-01 4.493461414271876286e+00
9.897099999999999786e-01 4.607892739691373585e+00
1.009700000000000042e+00 4.725486741256276879e+00
1.030100000000000016e+00 4.846359200957378377e+00
1.050899999999999945e+00 4.970274170274169734e+00
1.072100000000000053e+00 5.097069320866636666e+00
1.093800000000000106e+00 5.227086442067211181e+00
1.115899999999999892e+00 5.360018454035172297e+00
1.138400000000000079e+00 5.496147265189880393e+00
1.161399999999999988e+00 5.635197925296258070e+00
1.184900000000000064e+00 5.777362091043764636e+00
1.208800000000000097e+00 5.922332646282705504e+00
1.233300000000000063e+00 6.070545913884007660e+00
1.258199999999999985e+00 6.221386104489186941e+00
1.283600000000000074e+00 6.375339872913817985e+00
1.309500000000000108e+00 6.531988119372023505e+00
1.336000000000000076e+00 6.691438812252347823e+00
1.362999999999999989e+00 6.853667767685108103e+00
1.390500000000000069e+00 7.018488181605429865e+00
1.418600000000000083e+00 7.185892725936811054e+00
1.447200000000000042e+00 7.355811889973380424e+00
1.476499999999999924e+00 7.528069016758854204e+00
1.506299999999999972e+00 7.702545046018233421e+00
1.536699999999999955e+00 7.879356750277067611e+00
1.567800000000000082e+00 8.058206445807384100e+00
1.599399999999999933e+00 8.238823733604421662e+00
1.631799999999999917e+00 8.421653901077503335e+00
1.664700000000000069e+00 8.605960084833323975e+00
1.698399999999999910e+00 8.792288415537077739e+00
1.732699999999999907e+00 8.980492751894050940e+00
1.767700000000000049e+00 9.169843154408548358e+00
1.803399999999999892e+00 9.360455601741236364e+00
1.839800000000000102e+00 9.552515173336075804e+00
1.877000000000000002e+00 9.745284713490208972e+00
1.914900000000000047e+00 9.939770374552983512e+00
1.953600000000000003e+00 1.013490592087097220e+01
1.993000000000000105e+00 1.033112856552294190e+01
2.033300000000000107e+00 1.052768390953990085e+01
2.074399999999999800e+00 1.072518390700208890e+01
2.116299999999999848e+00 1.092336982389338296e+01
2.158999999999999808e+00 1.112158858454323251e+01
2.202599999999999891e+00 1.132067576756106497e+01
2.247100000000000097e+00 1.152061855670103085e+01
2.292499999999999982e+00 1.172023227735295769e+01
2.338799999999999990e+00 1.192006269592476286e+01
2.386099999999999888e+00 1.211946902654867131e+01
2.434299999999999908e+00 1.231936895134561816e+01
2.483499999999999819e+00 1.251929092805005261e+01
2.533599999999999852e+00 1.271945173519976713e+01
2.584799999999999986e+00 1.291962988453009054e+01
2.637000000000000011e+00 1.311943530921633005e+01
2.690300000000000136e+00 1.331818946659936209e+01
2.744699999999999918e+00 1.351809355692850723e+01
2.800100000000000033e+00 1.371666666666666501e+01
2.856700000000000017e+00 1.391355026711996246e+01
2.914400000000000102e+00 1.411231145536078380e+01
2.973300000000000054e+00 1.430985072073228181e+01
3.033300000000000107e+00 1.450675463399308818e+01
3.094599999999999795e+00 1.470318129371041138e+01
3.157099999999999795e+00 1.489924262080383599e+01
3.220899999999999874e+00 1.509367909238249439e+01
3.286000000000000032e+00 1.528936303392344342e+01
3.352300000000000058e+00 1.548227699865756435e+01
3.420100000000000140e+00 1.567563516450573324e+01
3.489199999999999857e+00 1.586797142947043682e+01
3.559600000000000097e+00 1.606060606060605878e+01
3.631600000000000161e+00 1.625162509317200943e+01
3.704899999999999860e+00 1.644206274110197441e+01
3.779799999999999827e+00 1.663190066857688620e+01
3.856100000000000083e+00 1.682034211001263557e+01
3.934000000000000163e+00 1.700856860144423877e+01
4.013499999999999623e+00 1.719596834799522611e+01
4.094599999999999795e+00 1.738211268913023488e+01
4.177299999999999791e+00 1.756785731689489083e+01
4.261700000000000266e+00 1.775276299631600452e+01
4.347800000000000331e+00 1.793719443399774249e+01
4.435599999999999987e+00 1.812027530181654100e+01
4.525199999999999889e+00 1.830252947100290228e+01
4.616600000000000037e+00 1.848402849056016706e+01
4.709900000000000198e+00 1.866507708387771203e+01
4.804999999999999716e+00 1.884509844275228119e+01
4.902099999999999902e+00 1.902417059904182040e+01
5.001100000000000101e+00 1.920254218052507866e+01
5.102100000000000080e+00 1.937981724274930784e+01
5.205199999999999605e+00 1.955645497788533760e+01
5.310399999999999565e+00 1.973310544307125980e+01
5.417600000000000193e+00 1.990794439841664243e+01
5.527099999999999902e+00 2.008218515832729167e+01
5.638700000000000045e+00 2.025591550726109702e+01
5.752600000000000158e+00 2.042988959411168537e+01
5.868900000000000006e+00 2.060168067226890898e+01
5.987400000000000055e+00 2.077262563257620442e+01
6.108399999999999608e+00 2.094449252070713285e+01
6.231799999999999784e+00 2.111349175431762148e+01
6.357700000000000351e+00 2.128359023325603516e+01
6.486100000000000421e+00 2.145221378420977487e+01
6.617099999999999760e+00 2.162038082336118094e+01
6.750799999999999912e+00 2.178921568627451322e+01
6.887199999999999989e+00 2.195598006644518208e+01
7.026299999999999990e+00 2.212197888491405706e+01
7.168199999999999683e+00 2.228780934922089685e+01
7.312999999999999723e+00 2.245353875782378594e+01
7.460799999999999876e+00 2.261728944546723596e+01
7.611500000000000377e+00 2.278059977471254882e+01
7.765299999999999869e+00 2.294441405334196560e+01
7.922100000000000364e+00 2.310786877939503725e+01
8.082200000000000273e+00 2.327123071615161010e+01
8.245400000000000063e+00 2.343232187241093456e+01
8.412000000000000810e+00 2.359405388496742617e+01
8.581899999999999196e+00 2.375542981252857899e+01
8.755300000000000082e+00 2.391647025266097160e+01
8.932199999999999918e+00 2.407728706624605763e+01
9.112600000000000477e+00 2.423684995525504959e+01
9.296699999999999520e+00 2.439623200013929605e+01
9.484500000000000597e+00 2.455543358946213317e+01
9.676099999999999923e+00 2.471501893466100341e+01
9.871600000000000819e+00 2.487376287618662829e+01
1.007099999999999973e+01 2.503236486343088885e+01
