# # k[h/Mpc], Boost (P^NLCDM_NL/P^NLCDM_L)
1.000000000000000048e-04 1.000000000000000000e+00
1.020200000000000024e-04 1.000000000000000000e+00
1.040800000000000064e-04 1.000000000000000000e+00
1.061800000000000032e-04 1.000000000000000000e+00
1.083300000000000013e-04 1.000000000000000000e+00
1.105200000000000057e-04 1.000000000000000000e+00
1.127500000000000030e-04 1.000000000000000000e+00
1.150300000000000015e-04 1.000000000000000000e+00
1.173500000000000064e-04 1.000000000000000000e+00
1.197199999999999989e-04 1.000000000000000000e+00
1.221399999999999927e-04 1.000000000000000000e+00
1.246099999999999877e-04 1.000000000000000000e+00
1.271199999999999891e-04 1.000000000000000000e+00
1.296899999999999865e-04 1.000000000000000000e+00
1.323100000000000122e-04 1.000000000000000000e+00
1.349900000000000069e-04 1.000000000000000000e+00
1.377100000000000080e-04 1.000000000000000000e+00
1.404900000000000051e-04 1.000000000000000000e+00
1.433299999999999982e-04 1.000000000000000000e+00
1.462299999999999874e-04 1.000000000000000000e+00
1.491800000000000049e-04 1.000000000000000000e+00
1.522000000000000132e-04 1.000000000000000000e+00
1.552699999999999957e-04 1.000000000000000000e+00
1.584099999999999961e-04 1.000000000000000000e+00
1.616099999999999926e-04 1.000000000000000000e+00
1.648700000000000122e-04 1.000000000000000000e+00
1.681999999999999956e-04 1.000000000000000000e+00
1.715999999999999969e-04 1.000000000000000000e+00
1.750699999999999891e-04 1.000000000000000000e+00
1.786000000000000044e-04 1.000000000000000000e+00
1.822100000000000054e-04 1.000000000000000000e+00
1.858899999999999973e-04 1.000000000000000000e+00
1.896500000000000020e-04 1.000000000000000000e+00
1.934799999999999975e-04 1.000000000000000000e+00
1.973900000000000058e-04 1.000000000000000000e+00
2.013799999999999998e-04 1.000000000000000000e+00
2.054400000000000117e-04 1.000000000000000000e+00
2.095900000000000042e-04 1.000000000000000000e+00
2.138300000000000042e-04 1.000000000000000000e+00
2.181499999999999900e-04 1.000000000000000000e+00
2.225499999999999885e-04 1.000000000000000000e+00
2.270499999999999895e-04 1.000000000000000000e+00
2.316399999999999980e-04 1.000000000000000000e+00
2.363199999999999871e-04 1.000000000000000000e+00
2.410900000000000109e-04 1.000000000000000000e+00
2.459599999999999829e-04 1.000000000000000000e+00
2.509300000000000115e-04 1.000000000000000000e+00
2.559999999999999884e-04 1.000000000000000000e+00
2.611700000000000219e-04 1.000000000000000000e+00
2.664499999999999985e-04 1.000000000000000000e+00
2.718299999999999775e-04 1.000000000000000000e+00
2.773200000000000079e-04 1.000000000000000000e+00
2.829199999999999814e-04 1.000000000000000000e+00
2.886400000000000012e-04 1.000000000000000000e+00
2.944700000000000182e-04 1.000000000000000000e+00
3.004199999999999731e-04 1.000000000000000000e+00
3.064899999999999743e-04 1.000000000000000000e+00
3.126800000000000217e-04 1.000000000000000000e+00
3.189900000000000070e-04 1.000000000000000000e+00
3.254399999999999741e-04 1.000000000000000000e+00
3.320099999999999874e-04 1.000000000000000000e+00
3.387199999999999825e-04 1.000000000000000000e+00
3.455600000000000186e-04 1.000000000000000000e+00
3.525399999999999823e-04 1.000000000000000000e+00
3.596599999999999819e-04 1.000000000000000000e+00
3.669300000000000122e-04 1.000000000000000000e+00
3.743400000000000243e-04 1.000000000000000000e+00
3.819000000000000129e-04 1.000000000000000000e+00
3.896200000000000271e-04 1.000000000000000000e+00
3.974900000000000178e-04 1.000000000000000000e+00
4.055199999999999799e-04 1.000000000000000000e+00
4.137100000000000217e-04 1.000000000000000000e+00
4.220699999999999756e-04 1.000000000000000000e+00
4.306000000000000040e-04 1.000000000000000000e+00
4.392900000000000038e-04 1.000000000000000000e+00
4.481700000000000137e-04 1.000000000000000000e+00
4.572199999999999897e-04 1.000000000000000000e+00
4.664599999999999758e-04 1.000000000000000000e+00
4.758799999999999771e-04 1.000000000000000000e+00
4.854999999999999832e-04 1.000000000000000000e+00
4.952999999999999504e-04 1.000000000000000000e+00
5.053100000000000256e-04 1.000000000000000000e+00
5.155199999999999973e-04 1.000000000000000000e+00
5.259299999999999739e-04 1.000000000000000000e+00
5.365600000000000534e-04 1.000000000000000000e+00
5.473900000000000293e-04 1.000000000000000000e+00
5.584500000000000488e-04 1.000000000000000000e+00
5.697299999999999543e-04 1.000000000000000000e+00
5.812400000000000119e-04 1.000000000000000000e+00
5.929900000000000535e-04 1.000000000000000000e+00
6.049599999999999813e-04 1.000000000000000000e+00
6.171899999999999912e-04 1.000000000000000000e+00
6.296500000000000447e-04 1.000000000000000000e+00
6.423699999999999636e-04 1.000000000000000000e+00
6.553499999999999647e-04 1.000000000000000000e+00
6.685900000000000480e-04 1.000000000000000000e+00
6.821000000000000457e-04 1.000000000000000000e+00
6.958799999999999578e-04 1.000000000000000000e+00
7.099300000000000012e-04 1.000000000000000000e+00
7.242699999999999486e-04 1.000000000000000000e+00
7.389099999999999575e-04 1.000000000000000000e+00
7.538300000000000382e-04 1.000000000000000000e+00
7.690600000000000127e-04 1.000000000000000000e+00
7.845999999999999893e-04 1.000000000000000000e+00
8.004499999999999680e-04 1.000000000000000000e+00
8.166199999999999978e-04 1.000000000000000000e+00
8.331099999999999704e-04 1.000000000000000000e+00
8.499399999999999837e-04 1.000000000000000000e+00
8.671100000000000379e-04 1.000000000000000000e+00
8.846299999999999650e-04 1.000000000000000000e+00
9.024999999999999819e-04 1.000000000000000000e+00
9.207300000000000293e-04 1.000000000000000000e+00
9.393300000000000477e-04 1.000000000000000000e+00
9.583099999999999778e-04 1.000000000000000000e+00
9.776699999999999280e-04 1.000000000000000000e+00
9.974199999999999473e-04 1.000000000000000000e+00
1.017600000000000015e-03 1.000000000000000000e+00
1.038099999999999917e-03 1.000000000000000000e+00
1.059100000000000102e-03 1.000000000000000000e+00
1.080500000000000080e-03 1.000000000000000000e+00
1.102300000000000068e-03 1.000000000000000000e+00
1.124599999999999905e-03 1.000000000000000000e+00
1.147299999999999969e-03 1.000000000000000000e+00
1.170500000000000099e-03 1.000000000000000000e+00
1.194100000000000023e-03 1.000000000000000000e+00
1.218200000000000012e-03 1.000000000000000000e+00
1.242899999999999908e-03 1.000000000000000000e+00
1.268000000000000030e-03 1.000000000000000000e+00
1.293600000000000002e-03 1.000000000000000000e+00
1.319700000000000040e-03 1.000000000000000000e+00
1.346399999999999984e-03 1.000000000000000000e+00
1.373599999999999995e-03 1.000000000000000000e+00
1.401300000000000072e-03 1.000000000000000000e+00
1.429600000000000055e-03 1.000000000000000000e+00
1.458499999999999944e-03 1.000000000000000000e+00
1.487999999999999956e-03 1.000000000000000000e+00
1.518000000000000035e-03 1.000000000000000000e+00
1.548700000000000077e-03 1.000000000000000000e+00
1.580000000000000024e-03 1.000000000000000000e+00
1.611900000000000095e-03 1.000000000000000000e+00
1.644499999999999912e-03 1.000000000000000000e+00
1.677700000000000068e-03 1.000000000000000000e+00
1.711599999999999970e-03 1.000000000000000000e+00
1.746200000000000052e-03 1.000000000000000000e+00
1.781400000000000041e-03 1.000000000000000000e+00
1.817400000000000048e-03 1.000000000000000000e+00
1.854100000000000019e-03 1.000000000000000000e+00
1.891600000000000009e-03 1.000000000000000000e+00
1.929799999999999962e-03 1.000000000000000000e+00
1.968800000000000151e-03 1.000000000000000000e+00
2.008600000000000142e-03 1.000000000000000000e+00
2.049099999999999880e-03 1.000000000000000000e+00
2.090499999999999910e-03 1.000000000000000000e+00
2.132799999999999800e-03 1.000000000000000000e+00
2.175799999999999870e-03 1.000000000000000000e+00
2.219800000000000072e-03 1.000000000000000000e+00
2.264599999999999860e-03 1.000000000000000000e+00
2.310400000000000214e-03 1.000000000000000000e+00
2.357099999999999994e-03 1.000000000000000000e+00
2.404700000000000067e-03 1.000000000000000000e+00
2.453299999999999838e-03 1.000000000000000000e+00
2.502799999999999903e-03 1.000000000000000000e+00
2.553399999999999941e-03 1.000000000000000000e+00
2.605000000000000111e-03 1.000000000000000000e+00
2.657599999999999980e-03 1.000000000000000000e+00
2.711299999999999821e-03 1.000000000000000000e+00
2.765999999999999796e-03 1.000000000000000000e+00
2.821900000000000016e-03 1.000000000000000000e+00
2.878900000000000209e-03 1.000000000000000000e+00
2.937100000000000214e-03 1.000000000000000000e+00
2.996400000000000192e-03 1.000000000000000000e+00
3.056899999999999982e-03 1.000000000000000000e+00
3.118699999999999858e-03 1.000000000000000000e+00
3.181699999999999980e-03 1.000000000000000000e+00
3.246000000000000187e-03 1.000000000000000000e+00
3.311500000000000207e-03 1.000000000000000000e+00
3.378400000000000153e-03 1.000000000000000000e+00
3.446700000000000024e-03 1.000000000000000000e+00
3.516299999999999981e-03 1.000000000000000000e+00
3.587400000000000137e-03 1.000000000000000000e+00
3.659799999999999946e-03 1.000000000000000000e+00
3.733799999999999793e-03 1.000000000000000000e+00
3.809199999999999999e-03 1.000000000000000000e+00
3.886099999999999971e-03 1.000000000000000000e+00
3.964600000000000415e-03 1.000000000000000000e+00
4.044700000000000031e-03 1.000000000000000000e+00
4.126399999999999686e-03 9.999326145552560607e-01
4.209799999999999653e-03 9.999335945281890847e-01
4.294799999999999660e-03 9.999345549738219985e-01
4.381600000000000251e-03 9.999354963555441289e-01
4.470100000000000288e-03 1.000000000000000000e+00
4.560400000000000044e-03 1.000188052403936600e+00
4.652500000000000385e-03 1.000370828182941985e+00
4.746499999999999851e-03 1.000426595161191923e+00
4.842400000000000176e-03 1.000360598593665440e+00
4.940199999999999626e-03 9.999407266907711644e-01
5.040000000000000209e-03 9.992983687072443111e-01
5.141899999999999596e-03 9.983849570283209740e-01
5.245699999999999842e-03 9.973821989528796061e-01
5.351700000000000033e-03 9.965184186882299899e-01
5.459799999999999896e-03 9.958434936821104477e-01
5.570099999999999704e-03 9.954600153156110132e-01
5.682600000000000325e-03 9.953023758099351914e-01
5.797400000000000296e-03 9.953619788890073483e-01
5.914499999999999619e-03 9.954205705863775622e-01
6.034000000000000301e-03 9.955294484586993953e-01
6.155899999999999740e-03 9.954818503876367020e-01
6.280299999999999945e-03 9.953846934117765999e-01
6.407200000000000048e-03 9.952898732274390037e-01
6.536600000000000049e-03 9.950982819230578258e-01
6.668600000000000222e-03 9.950088079859071843e-01
6.803299999999999972e-03 9.948249177790675635e-01
6.940799999999999574e-03 9.947881801663956969e-01
7.080999999999999621e-03 9.946577155824508631e-01
7.224000000000000386e-03 9.945766515498620786e-01
7.369999999999999815e-03 9.944971098265895648e-01
7.518900000000000236e-03 9.943732845379689156e-01
7.670800000000000188e-03 9.942065719199782992e-01
7.825699999999999670e-03 9.940876108572964664e-01
7.983799999999999231e-03 9.939705621564106641e-01
8.145100000000000603e-03 9.938117182356813739e-01
8.309600000000000319e-03 9.936986658554604057e-01
8.477500000000000660e-03 9.935872605982354333e-01
8.648799999999999891e-03 9.934771487039563143e-01
8.823499999999999746e-03 9.933262935586061326e-01
9.001699999999999632e-03 9.931773471181616353e-01
9.183600000000000096e-03 9.930299132888021907e-01
9.369099999999999998e-03 9.928841724251398215e-01
9.558300000000000476e-03 9.927397316147978934e-01
9.751400000000000345e-03 9.925563331849993620e-01
9.948399999999999604e-03 9.924145127628832830e-01
1.014900000000000004e-02 9.922733790027082890e-01
1.035400000000000036e-02 9.920936116382036429e-01
1.056400000000000047e-02 9.919541583264649409e-01
1.077700000000000012e-02 9.917371477569474347e-01
1.099499999999999957e-02 9.915985907313484837e-01
1.121699999999999954e-02 9.913832897368826114e-01
1.144300000000000005e-02 9.912066065147575600e-01
1.167499999999999961e-02 9.910300266058532648e-01
1.191000000000000045e-02 9.908156323229269091e-01
1.215100000000000034e-02 9.906007970524099981e-01
1.239700000000000003e-02 9.904231042609703550e-01
1.264700000000000026e-02 9.902073947201847082e-01
1.290200000000000027e-02 9.899907321594068055e-01
1.316299999999999935e-02 9.897725594446905584e-01
1.342899999999999996e-02 9.895166629883027642e-01
1.370000000000000037e-02 9.893320624679228237e-01
1.397699999999999984e-02 9.890724362254220692e-01
1.425900000000000084e-02 9.888103222044030138e-01
1.454699999999999917e-02 9.886181818181818404e-01
1.484100000000000003e-02 9.883505715841045536e-01
1.514099999999999994e-02 9.880434782608695787e-01
1.544700000000000066e-02 9.877686907432872143e-01
1.575899999999999870e-02 9.875257620132334990e-01
1.607700000000000101e-02 9.872420398279663223e-01
1.640199999999999991e-02 9.869533791109504905e-01
1.673399999999999888e-02 9.866589536859611265e-01
1.707200000000000037e-02 9.863945578231292366e-01
1.741600000000000092e-02 9.860517353814940433e-01
1.776799999999999907e-02 9.857376156777354348e-01
1.812700000000000075e-02 9.854160605178935439e-01
1.849299999999999902e-02 9.850860560093348539e-01
1.886699999999999836e-02 9.847470646329419264e-01
1.924800000000000122e-02 9.843990896409955393e-01
1.963700000000000168e-02 9.840403965943017583e-01
2.003399999999999972e-02 9.837079275743325635e-01
2.043800000000000130e-02 9.833271306289542713e-01
2.085100000000000148e-02 9.829341317365269948e-01
2.127199999999999924e-02 9.825281470045562626e-01
2.170199999999999907e-02 9.821455648218346823e-01
2.214100000000000096e-02 9.817487590683466880e-01
2.258800000000000044e-02 9.813368222572824706e-01
2.304399999999999851e-02 9.809087734274960502e-01
2.350999999999999965e-02 9.804643150765376403e-01
2.398499999999999938e-02 9.800411034700814428e-01
2.446900000000000117e-02 9.795999840312986651e-01
2.496400000000000008e-02 9.791792761166928649e-01
2.546800000000000105e-02 9.786591586077447724e-01
2.598200000000000162e-02 9.781989347206738739e-01
2.650699999999999931e-02 9.777591973244147416e-01
2.704300000000000107e-02 9.772573267829917087e-01
2.758899999999999894e-02 9.767741381530932188e-01
2.814600000000000088e-02 9.762692676129931524e-01
2.871500000000000094e-02 9.757843570481661288e-01
2.929500000000000159e-02 9.752770673486785835e-01
2.988700000000000037e-02 9.747902990517870458e-01
3.048999999999999974e-02 9.742354031510658263e-01
3.110600000000000170e-02 9.737015741351682241e-01
3.173499999999999932e-02 9.731920199501247204e-01
3.237600000000000200e-02 9.726589200273411118e-01
3.302999999999999686e-02 9.721531576330183499e-01
3.369699999999999779e-02 9.716254560194568235e-01
3.437799999999999884e-02 9.710773680404917174e-01
3.507199999999999901e-02 9.705603539077312103e-01
3.578100000000000031e-02 9.699720670391061006e-01
3.650400000000000172e-02 9.694179546201907582e-01
3.724100000000000327e-02 9.688461323340231690e-01
3.799299999999999899e-02 9.683164925500942211e-01
3.876099999999999685e-02 9.677738927738928076e-01
3.954400000000000276e-02 9.672218917311123931e-01
4.034299999999999692e-02 9.667213214307402991e-01
4.115800000000000014e-02 9.660943407921651627e-01
4.198899999999999855e-02 9.655848674637819151e-01
4.283800000000000108e-02 9.650096836668818900e-01
4.370299999999999879e-02 9.644339063426200509e-01
4.458600000000000063e-02 9.638562311051394049e-01
4.548599999999999866e-02 9.632826414577339014e-01
4.640500000000000180e-02 9.627173078265726103e-01
4.734300000000000314e-02 9.621621621621622156e-01
4.829900000000000165e-02 9.615523857794511242e-01
4.927499999999999936e-02 9.609605185621685752e-01
5.027000000000000218e-02 9.603834344342095930e-01
5.128599999999999826e-02 9.597473748287931317e-01
5.232200000000000045e-02 9.591253283881935321e-01
5.337900000000000283e-02 9.584378920953575687e-01
5.445699999999999846e-02 9.578361177406523597e-01
5.555700000000000222e-02 9.571670565459385882e-01
5.668000000000000121e-02 9.565821749795584417e-01
5.782500000000000140e-02 9.559237779618889874e-01
5.899299999999999683e-02 9.551825430130088668e-01
6.018400000000000138e-02 9.545995578983166308e-01
6.140000000000000319e-02 9.539230040478856587e-01
6.264100000000000223e-02 9.533118073130291137e-01
6.390600000000000447e-02 9.527642636001769638e-01
6.519700000000000495e-02 9.520990312163616354e-01
6.651400000000000368e-02 9.516613563950842014e-01
6.785800000000000165e-02 9.511789181692094086e-01
6.922899999999999887e-02 9.507379900347842083e-01
7.062699999999999534e-02 9.503971671930329101e-01
7.205400000000000693e-02 9.501170731707317962e-01
7.351000000000000589e-02 9.499352525151907312e-01
7.499400000000000510e-02 9.498359787281729361e-01
7.650899999999999368e-02 9.498637772836877602e-01
7.805499999999999938e-02 9.500208960661816748e-01
7.963199999999999446e-02 9.503218552973855537e-01
8.124099999999999377e-02 9.507667840508917667e-01
8.288199999999999734e-02 9.513811506656500994e-01
8.455600000000000616e-02 9.521596699830138233e-01
8.626399999999999346e-02 9.531244107553644707e-01
8.800700000000000189e-02 9.542496446131173427e-01
8.978500000000000369e-02 9.555829484036140187e-01
9.159799999999999887e-02 9.570978006814789829e-01
9.344900000000000428e-02 9.587859799127405047e-01
9.533700000000000507e-02 9.606198529523694019e-01
9.726300000000000223e-02 9.625927273302437026e-01
9.922699999999999576e-02 9.646715040877302805e-01
1.012300000000000005e-01 9.668112613762013252e-01
1.032799999999999968e-01 9.689715220488644976e-01
1.053599999999999953e-01 9.710988951178360917e-01
1.074900000000000022e-01 9.731822932218573419e-01
1.096599999999999936e-01 9.751722817764165718e-01
1.118799999999999933e-01 9.770702383050383633e-01
1.141400000000000053e-01 9.788794309235502311e-01
1.164400000000000018e-01 9.806080091160672696e-01
1.188000000000000028e-01 9.823287189355847104e-01
1.212000000000000022e-01 9.840829285729304488e-01
1.236499999999999960e-01 9.859404713574495549e-01
1.261400000000000021e-01 9.879816573577032690e-01
1.286899999999999988e-01 9.903009366903609001e-01
1.312899999999999900e-01 9.929876945349258577e-01
1.339400000000000035e-01 9.961518846492650736e-01
1.366499999999999937e-01 9.998330948974726295e-01
1.394100000000000061e-01 1.004111680126058781e+00
1.422299999999999953e-01 1.009086036599372127e+00
1.451000000000000068e-01 1.014763674986723263e+00
1.480299999999999949e-01 1.021145105864094793e+00
1.510199999999999876e-01 1.028270702853166352e+00
1.540700000000000125e-01 1.036063681108342793e+00
1.571799999999999864e-01 1.044389249777098572e+00
1.603600000000000025e-01 1.052996466902206496e+00
1.635999999999999954e-01 1.061651937930554679e+00
1.668999999999999928e-01 1.069989510615980022e+00
1.702799999999999869e-01 1.077809798270893404e+00
1.737100000000000033e-01 1.085029293863706501e+00
1.772199999999999886e-01 1.091642286708310206e+00
1.807999999999999885e-01 1.097752263906856429e+00
1.844600000000000128e-01 1.103660297940824320e+00
1.881799999999999862e-01 1.109655956541879096e+00
1.919800000000000118e-01 1.116155964882079576e+00
1.958600000000000063e-01 1.123543946346629019e+00
1.998199999999999976e-01 1.132351604399600253e+00
2.038600000000000134e-01 1.142709215852395932e+00
2.079699999999999882e-01 1.154973052425281921e+00
2.121800000000000075e-01 1.168834494059811657e+00
2.164600000000000135e-01 1.184276898309632564e+00
2.208299999999999985e-01 1.200686589003320259e+00
2.253000000000000003e-01 1.217578401320443149e+00
2.298499999999999988e-01 1.234225915666358864e+00
2.344900000000000040e-01 1.249856036854565255e+00
2.392299999999999982e-01 1.263993648273124215e+00
2.440599999999999992e-01 1.276789972068941958e+00
2.489899999999999891e-01 1.288792500349797088e+00
2.540200000000000236e-01 1.300876059169898014e+00
2.591499999999999915e-01 1.314083154863008751e+00
2.643900000000000139e-01 1.329267362964092314e+00
2.697300000000000253e-01 1.347172795571372150e+00
2.751799999999999802e-01 1.368056700181308649e+00
2.807399999999999896e-01 1.391521626744787188e+00
2.864099999999999979e-01 1.416629091892866787e+00
2.921900000000000053e-01 1.442202526871582124e+00
2.980999999999999761e-01 1.467072931000589664e+00
3.041200000000000014e-01 1.490026019080659125e+00
3.102599999999999802e-01 1.511297795320464932e+00
3.165299999999999780e-01 1.531790648014990985e+00
3.229199999999999848e-01 1.553043086961413133e+00
3.294500000000000206e-01 1.576263490622053176e+00
3.361000000000000099e-01 1.602891927508372172e+00
3.428899999999999726e-01 1.633028447602489441e+00
3.498200000000000198e-01 1.666140447812245240e+00
3.568899999999999850e-01 1.700295309388091702e+00
3.640900000000000247e-01 1.734119769223060548e+00
3.714500000000000024e-01 1.766684526998868909e+00
3.789500000000000091e-01 1.797986970885177227e+00
3.866100000000000092e-01 1.828987362022076235e+00
3.944199999999999928e-01 1.861973981149608326e+00
4.023900000000000254e-01 1.898035563374208978e+00
4.105199999999999960e-01 1.937697614256970180e+00
4.188100000000000156e-01 1.980140515222482689e+00
4.272699999999999831e-01 2.023556067738343955e+00
4.359000000000000097e-01 2.066665310853958992e+00
4.447099999999999942e-01 2.109085911234220845e+00
4.536899999999999822e-01 2.151764137264378984e+00
4.628599999999999937e-01 2.196359650124465990e+00
4.722100000000000186e-01 2.243933163786751450e+00
4.817400000000000015e-01 2.294707645063027712e+00
4.914799999999999724e-01 2.347599380485286602e+00
5.014100000000000223e-01 2.401188587409578634e+00
5.115300000000000402e-01 2.455110439237423670e+00
5.218699999999999450e-01 2.509700536005593285e+00
5.324100000000000499e-01 2.566485732480213500e+00
5.431700000000000417e-01 2.626077892542405312e+00
5.541399999999999659e-01 2.688392915925998938e+00
5.653299999999999992e-01 2.752444337713128686e+00
5.767499999999999849e-01 2.817642433340482366e+00
5.884000000000000341e-01 2.884598197661428109e+00
6.002899999999999903e-01 2.953517246731075296e+00
6.124199999999999644e-01 3.024582541543686443e+00
6.247899999999999565e-01 3.097712046517506757e+00
6.374100000000000321e-01 3.173027095867550607e+00
6.502900000000000347e-01 3.250572187128078383e+00
6.634200000000000097e-01 3.330343083456602127e+00
6.768300000000000427e-01 3.412446522734056131e+00
6.905000000000000027e-01 3.496939834024896054e+00
7.044500000000000206e-01 3.583829096809085790e+00
7.186799999999999855e-01 3.673114883537307307e+00
7.331999999999999629e-01 3.764851193977178934e+00
7.480099999999999527e-01 3.859272437273787215e+00
7.631200000000000205e-01 3.956104427949833635e+00
7.785400000000000098e-01 4.055533306634628410e+00
7.942599999999999660e-01 4.157718821809066156e+00
8.103099999999999747e-01 4.262477297493643569e+00
8.266799999999999704e-01 4.370224378411158739e+00
8.433800000000000185e-01 4.480699256446764700e+00
8.604100000000000081e-01 4.594023443949149410e+00
8.778000000000000247e-01 4.710261049366762265e+00
8.955300000000000482e-01 4.829062134700117248e+00
9.136199999999999877e-01 4.951562940016896341e+00
9.320800000000000196e-01 5.076433121019108263e+00
9.509100000000000330e-01 5.204878198504210296e+00
9.701100000000000279e-01 5.336353050519726082e+00
9.897099999999999786e-01 5.471056125124109215e+00
1.009700000000000042e+00 5.608863827010905467e+00
1.030100000000000016e+00 5.749957409525663365e+00
1.050899999999999945e+00 5.894219035997559253e+00
1.072100000000000053e+00 6.041987571041588900e+00
1.093800000000000106e+00 6.192894105242712222e+00
1.115899999999999892e+00 6.347229872727799815e+00
1.138400000000000079e+00 6.504839662511171738e+00
1.161399999999999988e+00 6.665980687034984697e+00
1.184900000000000064e+00 6.830410324288550328e+00
1.208800000000000097e+00 6.998201376638649052e+00
1.233300000000000063e+00 7.169330344229100760e+00
1.258199999999999985e+00 7.343968547990776585e+00
1.283600000000000074e+00 7.521788106954408804e+00
1.309500000000000108e+00 7.703085284453720760e+00
1.336000000000000076e+00 7.887537008622738988e+00
1.362999999999999989e+00 8.075445258114095637e+00
1.390500000000000069e+00 8.266430260047282985e+00
1.418600000000000083e+00 8.460853652505068823e+00
1.447200000000000042e+00 8.658353598592642086e+00
1.476499999999999924e+00 8.858875115032750713e+00
1.506299999999999972e+00 9.062305295950155326e+00
1.536699999999999955e+00 9.268907064959696740e+00
1.567800000000000082e+00 9.478662696935863607e+00
1.599399999999999933e+00 9.691313944430017813e+00
1.631799999999999917e+00 9.906570632601752635e+00
1.664700000000000069e+00 1.012483106906607944e+01
1.698399999999999910e+00 1.034588033806172902e+01
1.732699999999999907e+00 1.056950183207296945e+01
1.767700000000000049e+00 1.079503713982531998e+01
1.803399999999999892e+00 1.102354801487243030e+01
1.839800000000000102e+00 1.125497918811260867e+01
1.877000000000000002e+00 1.148776600731227227e+01
1.914900000000000047e+00 1.172320683391428098e+01
1.953600000000000003e+00 1.196081456340635540e+01
1.993000000000000105e+00 1.220061412487205743e+01
2.033300000000000107e+00 1.244271362456259133e+01
2.074399999999999800e+00 1.268582579386198184e+01
2.116299999999999848e+00 1.293122676579925567e+01
2.158999999999999808e+00 1.317815868069081908e+01
2.202599999999999891e+00 1.342723004694835787e+01
2.247100000000000097e+00 1.367752977251658031e+01
2.292499999999999982e+00 1.392929217430301314e+01
2.338799999999999990e+00 1.418207458476966565e+01
2.386099999999999888e+00 1.443741787122207576e+01
2.434299999999999908e+00 1.469347339417943843e+01
2.483499999999999819e+00 1.494944935909009054e+01
2.533599999999999852e+00 1.520870799810695750e+01
2.584799999999999986e+00 1.546744739976180938e+01
2.637000000000000011e+00 1.572855953372189752e+01
2.690300000000000136e+00 1.598973967145118280e+01
2.744699999999999918e+00 1.625148823152303379e+01
2.800100000000000033e+00 1.651517152771940999e+01
2.856700000000000017e+00 1.677834597072826739e+01
2.914400000000000102e+00 1.704323238729454104e+01
2.973300000000000054e+00 1.730753236672119044e+01
3.033300000000000107e+00 1.757365987027719001e+01
3.094599999999999795e+00 1.784084840161745689e+01
3.157099999999999795e+00 1.810714743179198294e+01
3.220899999999999874e+00 1.837427332907691735e+01
3.286000000000000032e+00 1.864233447941461819e+01
3.352300000000000058e+00 1.891006661732050276e+01
3.420100000000000140e+00 1.917806090739589919e+01
3.489199999999999857e+00 1.944652831573367990e+01
3.559600000000000097e+00 1.971518445604725045e+01
3.631600000000000161e+00 1.998382676670110669e+01
3.704899999999999860e+00 2.025350784105648216e+01
3.779799999999999827e+00 2.052264118244163171e+01
3.856100000000000083e+00 2.079204574993501353e+01
3.934000000000000163e+00 2.106116433308769231e+01
4.013499999999999623e+00 2.133096411784936208e+01
4.094599999999999795e+00 2.160080657296776607e+01
4.177299999999999791e+00 2.187010113780025122e+01
4.261700000000000266e+00 2.213960898861486370e+01
4.347800000000000331e+00 2.240927313927139863e+01
4.435599999999999987e+00 2.267804181465343660e+01
4.525199999999999889e+00 2.294757893927156545e+01
4.616600000000000037e+00 2.321751777634130676e+01
4.709900000000000198e+00 2.348597377243984141e+01
4.804999999999999716e+00 2.375585179901020894e+01
4.902099999999999902e+00 2.402501288116539158e+01
5.001100000000000101e+00 2.429379921259842590e+01
5.102100000000000080e+00 2.456256463288521275e+01
5.205199999999999605e+00 2.483103335868738526e+01
5.310399999999999565e+00 2.509904664040646338e+01
5.417600000000000193e+00 2.536864838922550547e+01
5.527099999999999902e+00 2.563674189887781907e+01
5.638700000000000045e+00 2.590367033258247886e+01
5.752600000000000158e+00 2.617184236178805534e+01
5.868900000000000006e+00 2.643980973289425762e+01
5.987400000000000055e+00 2.670794554265056320e+01
6.108399999999999608e+00 2.697550327431481776e+01
6.231799999999999784e+00 2.724398742245261928e+01
6.357700000000000351e+00 2.751116669644452628e+01
6.486100000000000421e+00 2.777819513569349397e+01
6.617099999999999760e+00 2.804540967423494990e+01
6.750799999999999912e+00 2.831271534725393124e+01
6.887199999999999989e+00 2.858124843155011874e+01
7.026299999999999990e+00 2.884805102438800617e+01
7.168199999999999683e+00 2.911606141377105672e+01
7.312999999999999723e+00 2.938356772385457205e+01
7.460799999999999876e+00 2.965185274077629529e+01
7.611500000000000377e+00 2.991840053838819813e+01
7.765299999999999869e+00 3.018664858170667387e+01
7.922100000000000364e+00 3.045379141408660573e+01
8.082200000000000273e+00 3.072094691535150446e+01
8.245400000000000063e+00 3.098777497728168839e+01
8.412000000000000810e+00 3.125484609697603133e+01
8.581899999999999196e+00 3.152095581263037971e+01
8.755300000000000082e+00 3.178817193577341271e+01
8.932199999999999918e+00 3.205362200264333694e+01
9.112600000000000477e+00 3.231977757673382001e+01
9.296699999999999520e+00 3.258831174859582802e+01
9.484500000000000597e+00 3.285484107221327577e+01
9.676099999999999923e+00 3.312361974218067928e+01
9.871600000000000819e+00 3.339455984441263325e+01
1.007099999999999973e+01 3.366671402187810713e+01
