# # k[h/Mpc], Boost (P^NLCDM_NL/P^NLCDM_L)
1.000000000000000048e-04 1.000000000000000000e+00
1.020200000000000024e-04 1.000000000000000000e+00
1.040800000000000064e-04 1.000000000000000000e+00
1.061800000000000032e-04 1.000000000000000000e+00
1.083300000000000013e-04 1.000000000000000000e+00
1.105200000000000057e-04 1.000000000000000000e+00
1.127500000000000030e-04 1.000000000000000000e+00
1.150300000000000015e-04 1.000000000000000000e+00
1.173500000000000064e-04 1.000000000000000000e+00
1.197199999999999989e-04 1.000000000000000000e+00
1.221399999999999927e-04 1.000000000000000000e+00
1.246099999999999877e-04 1.000000000000000000e+00
1.271199999999999891e-04 1.000000000000000000e+00
1.296899999999999865e-04 1.000000000000000000e+00
1.323100000000000122e-04 1.000000000000000000e+00
1.349900000000000069e-04 1.000000000000000000e+00
1.377100000000000080e-04 1.000000000000000000e+00
1.404900000000000051e-04 1.000000000000000000e+00
1.433299999999999982e-04 1.000000000000000000e+00
1.462299999999999874e-04 1.000000000000000000e+00
1.491800000000000049e-04 1.000000000000000000e+00
1.522000000000000132e-04 1.000000000000000000e+00
1.552699999999999957e-04 1.000000000000000000e+00
1.584099999999999961e-04 1.000000000000000000e+00
1.616099999999999926e-04 1.000000000000000000e+00
1.648700000000000122e-04 1.000000000000000000e+00
1.681999999999999956e-04 1.000000000000000000e+00
1.715999999999999969e-04 1.000000000000000000e+00
1.750699999999999891e-04 1.000000000000000000e+00
1.786000000000000044e-04 1.000000000000000000e+00
1.822100000000000054e-04 1.000000000000000000e+00
1.858899999999999973e-04 1.000000000000000000e+00
1.896500000000000020e-04 1.000000000000000000e+00
1.934799999999999975e-04 1.000000000000000000e+00
1.973900000000000058e-04 1.000000000000000000e+00
2.013799999999999998e-04 1.000000000000000000e+00
2.054400000000000117e-04 1.000000000000000000e+00
2.095900000000000042e-04 1.000000000000000000e+00
2.138300000000000042e-04 1.000000000000000000e+00
2.181499999999999900e-04 1.000000000000000000e+00
2.225499999999999885e-04 1.000000000000000000e+00
2.270499999999999895e-04 1.000000000000000000e+00
2.316399999999999980e-04 1.000000000000000000e+00
2.363199999999999871e-04 1.000000000000000000e+00
2.410900000000000109e-04 1.000000000000000000e+00
2.459599999999999829e-04 1.000000000000000000e+00
2.509300000000000115e-04 1.000000000000000000e+00
2.559999999999999884e-04 1.000000000000000000e+00
2.611700000000000219e-04 1.000000000000000000e+00
2.664499999999999985e-04 1.000000000000000000e+00
2.718299999999999775e-04 1.000000000000000000e+00
2.773200000000000079e-04 1.000000000000000000e+00
2.829199999999999814e-04 1.000000000000000000e+00
2.886400000000000012e-04 1.000000000000000000e+00
2.944700000000000182e-04 1.000000000000000000e+00
3.004199999999999731e-04 1.000000000000000000e+00
3.064899999999999743e-04 1.000000000000000000e+00
3.126800000000000217e-04 1.000000000000000000e+00
3.189900000000000070e-04 1.000000000000000000e+00
3.254399999999999741e-04 1.000000000000000000e+00
3.320099999999999874e-04 1.000000000000000000e+00
3.387199999999999825e-04 1.000000000000000000e+00
3.455600000000000186e-04 1.000000000000000000e+00
3.525399999999999823e-04 1.000000000000000000e+00
3.596599999999999819e-04 1.000000000000000000e+00
3.669300000000000122e-04 1.000000000000000000e+00
3.743400000000000243e-04 1.000000000000000000e+00
3.819000000000000129e-04 1.000000000000000000e+00
3.896200000000000271e-04 1.000000000000000000e+00
3.974900000000000178e-04 1.000000000000000000e+00
4.055199999999999799e-04 1.000000000000000000e+00
4.137100000000000217e-04 1.000000000000000000e+00
4.220699999999999756e-04 1.000000000000000000e+00
4.306000000000000040e-04 1.000000000000000000e+00
4.392900000000000038e-04 1.000000000000000000e+00
4.481700000000000137e-04 1.000000000000000000e+00
4.572199999999999897e-04 1.000000000000000000e+00
4.664599999999999758e-04 1.000000000000000000e+00
4.758799999999999771e-04 1.000000000000000000e+00
4.854999999999999832e-04 1.000000000000000000e+00
4.952999999999999504e-04 1.000000000000000000e+00
5.053100000000000256e-04 1.000000000000000000e+00
5.155199999999999973e-04 1.000000000000000000e+00
5.259299999999999739e-04 1.000000000000000000e+00
5.365600000000000534e-04 1.000000000000000000e+00
5.473900000000000293e-04 1.000000000000000000e+00
5.584500000000000488e-04 1.000000000000000000e+00
5.697299999999999543e-04 1.000000000000000000e+00
5.812400000000000119e-04 1.000000000000000000e+00
5.929900000000000535e-04 1.000000000000000000e+00
6.049599999999999813e-04 1.000000000000000000e+00
6.171899999999999912e-04 1.000000000000000000e+00
6.296500000000000447e-04 1.000000000000000000e+00
6.423699999999999636e-04 1.000000000000000000e+00
6.553499999999999647e-04 1.000000000000000000e+00
6.685900000000000480e-04 1.000000000000000000e+00
6.821000000000000457e-04 1.000000000000000000e+00
6.958799999999999578e-04 1.000000000000000000e+00
7.099300000000000012e-04 1.000000000000000000e+00
7.242699999999999486e-04 1.000000000000000000e+00
7.389099999999999575e-04 1.000000000000000000e+00
7.538300000000000382e-04 1.000000000000000000e+00
7.690600000000000127e-04 1.000000000000000000e+00
7.845999999999999893e-04 1.000000000000000000e+00
8.004499999999999680e-04 1.000000000000000000e+00
8.166199999999999978e-04 1.000000000000000000e+00
8.331099999999999704e-04 1.000000000000000000e+00
8.499399999999999837e-04 1.000000000000000000e+00
8.671100000000000379e-04 1.000000000000000000e+00
8.846299999999999650e-04 1.000000000000000000e+00
9.024999999999999819e-04 1.000000000000000000e+00
9.207300000000000293e-04 1.000000000000000000e+00
9.393300000000000477e-04 1.000000000000000000e+00
9.583099999999999778e-04 1.000000000000000000e+00
9.776699999999999280e-04 1.000000000000000000e+00
9.974199999999999473e-04 1.000000000000000000e+00
1.017600000000000015e-03 1.000000000000000000e+00
1.038099999999999917e-03 1.000000000000000000e+00
1.059100000000000102e-03 1.000000000000000000e+00
1.080500000000000080e-03 1.000000000000000000e+00
1.102300000000000068e-03 1.000000000000000000e+00
1.124599999999999905e-03 1.000000000000000000e+00
1.147299999999999969e-03 1.000000000000000000e+00
1.170500000000000099e-03 1.000000000000000000e+00
1.194100000000000023e-03 1.000000000000000000e+00
1.218200000000000012e-03 1.000000000000000000e+00
1.242899999999999908e-03 1.000000000000000000e+00
1.268000000000000030e-03 1.000000000000000000e+00
1.293600000000000002e-03 1.000000000000000000e+00
1.319700000000000040e-03 1.000000000000000000e+00
1.346399999999999984e-03 1.000000000000000000e+00
1.373599999999999995e-03 1.000000000000000000e+00
1.401300000000000072e-03 1.000000000000000000e+00
1.429600000000000055e-03 1.000000000000000000e+00
1.458499999999999944e-03 1.000000000000000000e+00
1.487999999999999956e-03 1.000000000000000000e+00
1.518000000000000035e-03 1.000000000000000000e+00
1.548700000000000077e-03 1.000000000000000000e+00
1.580000000000000024e-03 1.000000000000000000e+00
1.611900000000000095e-03 1.000000000000000000e+00
1.644499999999999912e-03 1.000000000000000000e+00
1.677700000000000068e-03 1.000000000000000000e+00
1.711599999999999970e-03 1.000000000000000000e+00
1.746200000000000052e-03 1.000000000000000000e+00
1.781400000000000041e-03 1.000000000000000000e+00
1.817400000000000048e-03 1.000000000000000000e+00
1.854100000000000019e-03 1.000000000000000000e+00
1.891600000000000009e-03 1.000000000000000000e+00
1.929799999999999962e-03 1.000000000000000000e+00
1.968800000000000151e-03 1.000000000000000000e+00
2.008600000000000142e-03 1.000000000000000000e+00
2.049099999999999880e-03 1.000000000000000000e+00
2.090499999999999910e-03 1.000000000000000000e+00
2.132799999999999800e-03 1.000000000000000000e+00
2.175799999999999870e-03 1.000000000000000000e+00
2.219800000000000072e-03 1.000000000000000000e+00
2.264599999999999860e-03 1.000000000000000000e+00
2.310400000000000214e-03 1.000000000000000000e+00
2.357099999999999994e-03 1.000000000000000000e+00
2.404700000000000067e-03 1.000000000000000000e+00
2.453299999999999838e-03 1.000000000000000000e+00
2.502799999999999903e-03 1.000000000000000000e+00
2.553399999999999941e-03 1.000000000000000000e+00
2.605000000000000111e-03 1.000000000000000000e+00
2.657599999999999980e-03 1.000000000000000000e+00
2.711299999999999821e-03 1.000000000000000000e+00
2.765999999999999796e-03 1.000000000000000000e+00
2.821900000000000016e-03 1.000000000000000000e+00
2.878900000000000209e-03 1.000000000000000000e+00
2.937100000000000214e-03 1.000000000000000000e+00
2.996400000000000192e-03 1.000000000000000000e+00
3.056899999999999982e-03 1.000000000000000000e+00
3.118699999999999858e-03 1.000000000000000000e+00
3.181699999999999980e-03 1.000000000000000000e+00
3.246000000000000187e-03 1.000000000000000000e+00
3.311500000000000207e-03 1.000000000000000000e+00
3.378400000000000153e-03 1.000000000000000000e+00
3.446700000000000024e-03 1.000000000000000000e+00
3.516299999999999981e-03 1.000000000000000000e+00
3.587400000000000137e-03 1.000000000000000000e+00
3.659799999999999946e-03 1.000000000000000000e+00
3.733799999999999793e-03 1.000000000000000000e+00
3.809199999999999999e-03 1.000000000000000000e+00
3.886099999999999971e-03 1.000000000000000000e+00
3.964600000000000415e-03 1.000000000000000000e+00
4.044700000000000031e-03 1.000000000000000000e+00
4.126399999999999686e-03 1.000000000000000000e+00
4.209799999999999653e-03 9.999319589031775424e-01
4.294799999999999660e-03 9.999330117899249970e-01
4.381600000000000251e-03 9.998680912808336485e-01
4.470100000000000288e-03 9.999350565008442437e-01
4.560400000000000044e-03 1.000063959066197716e+00
4.652500000000000385e-03 1.000251968503937050e+00
4.746499999999999851e-03 1.000372277719178582e+00
4.842400000000000176e-03 1.000366748166259256e+00
4.940199999999999626e-03 1.000240891297801804e+00
5.040000000000000209e-03 9.997032993116543587e-01
5.141899999999999596e-03 9.990058479532163416e-01
5.245699999999999842e-03 9.981556195965417544e-01
5.351700000000000033e-03 9.972728822226010204e-01
5.459799999999999896e-03 9.964713789626974405e-01
5.570099999999999704e-03 9.959134084382593732e-01
5.682600000000000325e-03 9.956434133856123525e-01
5.797400000000000296e-03 9.955958966646973884e-01
5.914499999999999619e-03 9.956028819665183605e-01
6.034000000000000301e-03 9.957144350371067709e-01
6.155899999999999740e-03 9.957201051925952395e-01
6.280299999999999945e-03 9.957256258904946256e-01
6.407200000000000048e-03 9.956307754118119968e-01
6.536600000000000049e-03 9.954887963513781024e-01
6.668600000000000222e-03 9.953506582489111132e-01
6.803299999999999972e-03 9.952640989706663666e-01
6.940799999999999574e-03 9.951321943304380913e-01
7.080999999999999621e-03 9.950504383897426086e-01
7.224000000000000386e-03 9.949240942535159116e-01
7.369999999999999815e-03 9.948925597018358769e-01
7.518900000000000236e-03 9.947708257548198985e-01
7.670800000000000188e-03 9.946516853932584334e-01
7.825699999999999670e-03 9.945792233182262354e-01
7.983799999999999231e-03 9.944642151047845546e-01
8.145100000000000603e-03 9.943515098848576539e-01
8.309600000000000319e-03 9.942407701895388250e-01
8.477500000000000660e-03 9.940896334722340022e-01
8.648799999999999891e-03 9.939830009256921395e-01
8.823499999999999746e-03 9.938778060055807329e-01
9.001699999999999632e-03 9.937742228086089424e-01
9.183600000000000096e-03 9.936310933289784764e-01
9.369099999999999998e-03 9.935301253538212363e-01
9.558300000000000476e-03 9.933902175219324615e-01
9.751400000000000345e-03 9.932915211178151571e-01
9.948399999999999604e-03 9.931541881417949025e-01
1.014900000000000004e-02 9.930181761447850475e-01
1.035400000000000036e-02 9.928831128645471127e-01
1.056400000000000047e-02 9.927105313638979744e-01
1.077700000000000012e-02 9.926151503616292837e-01
1.099499999999999957e-02 9.924442765394786425e-01
1.121699999999999954e-02 9.923117311731173285e-01
1.144300000000000005e-02 9.921421123193803204e-01
1.167499999999999961e-02 9.920464634507251134e-01
1.191000000000000045e-02 9.918767918841432385e-01
1.215100000000000034e-02 9.917071566872465160e-01
1.239700000000000003e-02 9.915731357378955169e-01
1.264700000000000026e-02 9.914023553211472883e-01
1.290200000000000027e-02 9.912665324899367914e-01
1.316299999999999935e-02 9.910580155948207626e-01
1.342899999999999996e-02 9.909194501816109835e-01
1.370000000000000037e-02 9.907436961378870421e-01
1.397699999999999984e-02 9.905660377358490587e-01
1.425900000000000084e-02 9.903859698549091206e-01
1.454699999999999917e-02 9.902036516853932602e-01
1.484100000000000003e-02 9.900185619724722885e-01
1.514099999999999994e-02 9.898651009995107497e-01
1.544700000000000066e-02 9.896734579960926315e-01
1.575899999999999870e-02 9.894780851508605535e-01
1.607700000000000101e-02 9.892787524366472018e-01
1.640199999999999991e-02 9.891096343203089614e-01
1.673399999999999888e-02 9.889008733168643817e-01
1.707200000000000037e-02 9.887218045112782239e-01
1.741600000000000092e-02 9.885369847740497207e-01
1.776799999999999907e-02 9.883465336171103344e-01
1.812700000000000075e-02 9.881152125279641929e-01
1.849299999999999902e-02 9.879117028731604355e-01
1.886699999999999836e-02 9.877011736594278890e-01
1.924800000000000122e-02 9.875185106833086479e-01
1.963700000000000168e-02 9.873278821988602516e-01
2.003399999999999972e-02 9.870937922207210224e-01
2.043800000000000130e-02 9.868867688569693541e-01
2.085100000000000148e-02 9.866704990478928350e-01
2.127199999999999924e-02 9.864806246385193766e-01
2.170199999999999907e-02 9.862455425369333062e-01
2.214100000000000096e-02 9.860729338464357951e-01
2.258800000000000044e-02 9.858535864667208326e-01
2.304399999999999851e-02 9.856238361266294046e-01
2.350999999999999965e-02 9.854201112280174257e-01
2.398499999999999938e-02 9.852433519213990021e-01
2.446900000000000117e-02 9.850180090428385382e-01
2.496400000000000008e-02 9.847804197970723150e-01
2.546800000000000105e-02 9.846087569515156179e-01
2.598200000000000162e-02 9.843867644145036788e-01
2.650699999999999931e-02 9.842326980942828207e-01
2.704300000000000107e-02 9.840276366592155544e-01
2.758899999999999894e-02 9.838523644752018571e-01
2.814600000000000088e-02 9.836661375219316605e-01
2.871500000000000094e-02 9.834696732081549264e-01
2.929500000000000159e-02 9.833046471600688232e-01
2.988700000000000037e-02 9.831308452058385994e-01
3.048999999999999974e-02 9.829913846700417679e-01
3.110600000000000170e-02 9.828442437923250452e-01
3.173499999999999932e-02 9.827356627944350276e-01
3.237600000000000200e-02 9.825749789778567278e-01
3.302999999999999686e-02 9.824553062000760395e-01
3.369699999999999779e-02 9.823788546255506349e-01
3.437799999999999884e-02 9.822511462801361004e-01
3.507199999999999901e-02 9.821706594344834507e-01
3.578100000000000031e-02 9.821410295773206345e-01
3.650400000000000172e-02 9.820627802690582442e-01
3.724100000000000327e-02 9.820394282374196315e-01
3.799299999999999899e-02 9.820210115888660107e-01
3.876099999999999685e-02 9.820078370771013754e-01
3.954400000000000276e-02 9.820022497187851362e-01
4.034299999999999692e-02 9.820046994097082482e-01
4.115800000000000014e-02 9.820729927007298965e-01
4.198899999999999855e-02 9.821534800713860314e-01
4.283800000000000108e-02 9.822478036958497416e-01
4.370299999999999879e-02 9.822959718709518562e-01
4.458600000000000063e-02 9.824219976144139554e-01
4.548599999999999866e-02 9.825670498084291271e-01
4.640500000000000180e-02 9.826668397818748568e-01
4.734300000000000314e-02 9.828473413379074097e-01
4.829900000000000165e-02 9.829792937076995418e-01
4.927499999999999936e-02 9.831269560484419134e-01
5.027000000000000218e-02 9.833563535911602482e-01
5.128599999999999826e-02 9.836019621583742545e-01
5.232200000000000045e-02 9.837918532736190658e-01
5.337900000000000283e-02 9.840663302090844056e-01
5.445699999999999846e-02 9.842824767892389692e-01
5.555700000000000222e-02 9.846564376250833694e-01
5.668000000000000121e-02 9.849691868330077149e-01
5.782500000000000140e-02 9.852918762383783280e-01
5.899299999999999683e-02 9.857010357087648833e-01
6.018400000000000138e-02 9.861187357854286351e-01
6.140000000000000319e-02 9.866242038216560539e-01
6.264100000000000223e-02 9.871390439213783008e-01
6.390600000000000447e-02 9.876634591660498064e-01
6.519700000000000495e-02 9.882796149016325193e-01
6.651400000000000368e-02 9.890784982935153513e-01
6.785800000000000165e-02 9.898119122257053037e-01
6.922899999999999887e-02 9.907440370238519423e-01
7.062699999999999534e-02 9.917995444191344268e-01
7.205400000000000693e-02 9.928991871437914396e-01
7.351000000000000589e-02 9.940499040307101408e-01
7.499400000000000510e-02 9.954576873703959716e-01
7.650899999999999368e-02 9.970281410615234874e-01
7.805499999999999938e-02 9.987182854441349900e-01
7.963199999999999446e-02 1.000564738591194436e+00
8.124099999999999377e-02 1.002574161711311751e+00
8.288199999999999734e-02 1.004787085352217613e+00
8.455600000000000616e-02 1.007150449318774621e+00
8.626399999999999346e-02 1.009699977441913088e+00
8.800700000000000189e-02 1.012407496520958849e+00
8.978500000000000369e-02 1.015262334017057233e+00
9.159799999999999887e-02 1.018261198102514697e+00
9.344900000000000428e-02 1.021336734841786553e+00
9.533700000000000507e-02 1.024467766116941458e+00
9.726300000000000223e-02 1.027595493097257506e+00
9.922699999999999576e-02 1.030704481323831967e+00
1.012300000000000005e-01 1.033748361730013166e+00
1.032799999999999968e-01 1.036679374569638767e+00
1.053599999999999953e-01 1.039529969592331238e+00
1.074900000000000022e-01 1.042290826170847229e+00
1.096599999999999936e-01 1.045017169838317272e+00
1.118799999999999933e-01 1.047724042421370960e+00
1.141400000000000053e-01 1.050491925004640725e+00
1.164400000000000018e-01 1.053413305078332085e+00
1.188000000000000028e-01 1.056515610820412787e+00
1.212000000000000022e-01 1.059870901517992792e+00
1.236499999999999960e-01 1.063646846992656103e+00
1.261400000000000021e-01 1.067853355237164514e+00
1.286899999999999988e-01 1.072612639660311729e+00
1.312899999999999900e-01 1.078003639430118454e+00
1.339400000000000035e-01 1.084032258064516085e+00
1.366499999999999937e-01 1.090778201713339612e+00
1.394100000000000061e-01 1.098233746711762659e+00
1.422299999999999953e-01 1.106316644397285609e+00
1.451000000000000068e-01 1.114928032899245913e+00
1.480299999999999949e-01 1.123910300527644068e+00
1.510199999999999876e-01 1.133043868842641189e+00
1.540700000000000125e-01 1.142068664442296155e+00
1.571799999999999864e-01 1.150719948228442036e+00
1.603600000000000025e-01 1.158824119594662472e+00
1.635999999999999954e-01 1.166339497882012521e+00
1.668999999999999928e-01 1.173348889831706821e+00
1.702799999999999869e-01 1.179954359401601094e+00
1.737100000000000033e-01 1.186575190061190499e+00
1.772199999999999886e-01 1.193510391732208520e+00
1.807999999999999885e-01 1.201100101427791111e+00
1.844600000000000128e-01 1.209847266881028949e+00
1.881799999999999862e-01 1.220064051906999847e+00
1.919800000000000118e-01 1.231949848681366255e+00
1.958600000000000063e-01 1.245555455283819279e+00
1.998199999999999976e-01 1.260721707916115708e+00
2.038600000000000134e-01 1.277147808863579925e+00
2.079699999999999882e-01 1.294352745769749680e+00
2.121800000000000075e-01 1.311610730965569571e+00
2.164600000000000135e-01 1.328274534231836279e+00
2.208299999999999985e-01 1.343781240811525945e+00
2.253000000000000003e-01 1.358194427545930116e+00
2.298499999999999988e-01 1.371634766237841196e+00
2.344900000000000040e-01 1.384754638908644253e+00
2.392299999999999982e-01 1.398546860418610649e+00
2.440599999999999992e-01 1.413847743713399829e+00
2.489899999999999891e-01 1.431758061056695341e+00
2.540200000000000236e-01 1.452574323820877922e+00
2.591499999999999915e-01 1.476042072458122245e+00
2.643900000000000139e-01 1.501591446992573298e+00
2.697300000000000253e-01 1.528385772913816831e+00
2.751799999999999802e-01 1.555217741214343308e+00
2.807399999999999896e-01 1.580831624090993870e+00
2.864099999999999979e-01 1.604921526835884293e+00
2.921900000000000053e-01 1.628114861946707181e+00
2.980999999999999761e-01 1.651402880692698361e+00
3.041200000000000014e-01 1.676329910709465354e+00
3.102599999999999802e-01 1.704172842833400647e+00
3.165299999999999780e-01 1.735513952997961518e+00
3.229199999999999848e-01 1.770327892956917948e+00
3.294500000000000206e-01 1.807151651959778560e+00
3.361000000000000099e-01 1.844678425323586612e+00
3.428899999999999726e-01 1.881527734998460044e+00
3.498200000000000198e-01 1.917282816350935448e+00
3.568899999999999850e-01 1.952732733643796514e+00
3.640900000000000247e-01 1.989269370364525447e+00
3.714500000000000024e-01 2.028671006773196783e+00
3.789500000000000091e-01 2.071551132463967271e+00
3.866100000000000092e-01 2.117902363786362319e+00
3.944199999999999928e-01 2.166297865956569257e+00
4.023900000000000254e-01 2.215343625107750292e+00
4.105199999999999960e-01 2.263900245298446468e+00
4.188100000000000156e-01 2.312642502503782005e+00
4.272699999999999831e-01 2.362792350576371714e+00
4.359000000000000097e-01 2.415718621840172275e+00
4.447099999999999942e-01 2.472054197919187235e+00
4.536899999999999822e-01 2.531095156234199894e+00
4.628599999999999937e-01 2.591949924728627064e+00
4.722100000000000186e-01 2.653321201091901393e+00
4.817400000000000015e-01 2.715453002272923300e+00
4.914799999999999724e-01 2.779268731988472574e+00
5.014100000000000223e-01 2.845746514178286279e+00
5.115300000000000402e-01 2.915284185726906951e+00
5.218699999999999450e-01 2.986980145576325185e+00
5.324100000000000499e-01 3.060338983050847173e+00
5.431700000000000417e-01 3.134669099847305684e+00
5.541399999999999659e-01 3.211023438411008346e+00
5.653299999999999992e-01 3.289731001744634398e+00
5.767499999999999849e-01 3.370717038668417320e+00
5.884000000000000341e-01 3.454083211743379067e+00
6.002899999999999903e-01 3.539508907966399054e+00
6.124199999999999644e-01 3.626951243014068016e+00
6.247899999999999565e-01 3.716196510283099386e+00
6.374100000000000321e-01 3.807557071634741330e+00
6.502900000000000347e-01 3.900766703176341554e+00
6.634200000000000097e-01 3.996056917538144848e+00
6.768300000000000427e-01 4.093071786310517268e+00
6.905000000000000027e-01 4.192410575427682140e+00
7.044500000000000206e-01 4.293464858199753209e+00
7.186799999999999855e-01 4.396290278906038296e+00
7.331999999999999629e-01 4.501518254360567184e+00
7.480099999999999527e-01 4.608455476172939491e+00
7.631200000000000205e-01 4.717160854201874365e+00
7.785400000000000098e-01 4.828152539657105891e+00
7.942599999999999660e-01 4.940847188570473669e+00
8.103099999999999747e-01 5.055410350235232109e+00
8.266799999999999704e-01 5.171693313953488413e+00
8.433800000000000185e-01 5.289638189050957173e+00
8.604100000000000081e-01 5.409934821252221582e+00
8.778000000000000247e-01 5.531555647070935500e+00
8.955300000000000482e-01 5.654978480428458631e+00
9.136199999999999877e-01 5.780122402855321084e+00
9.320800000000000196e-01 5.906906766812063836e+00
9.509100000000000330e-01 6.035279243356269419e+00
9.701100000000000279e-01 6.165386857244227414e+00
9.897099999999999786e-01 6.297167007858416099e+00
1.009700000000000042e+00 6.430537965971035774e+00
1.030100000000000016e+00 6.565562362798972984e+00
1.050899999999999945e+00 6.702157886079167959e+00
1.072100000000000053e+00 6.840612238536113665e+00
1.093800000000000106e+00 6.980586467386889815e+00
1.115899999999999892e+00 7.122222974803577245e+00
1.138400000000000079e+00 7.265346464753432265e+00
1.161399999999999988e+00 7.410173857050868840e+00
1.184900000000000064e+00 7.556429187841594342e+00
1.208800000000000097e+00 7.703902126979049747e+00
1.233300000000000063e+00 7.853004917896141635e+00
1.258199999999999985e+00 8.003432245731415762e+00
1.283600000000000074e+00 8.155034195389283980e+00
1.309500000000000108e+00 8.307757684498795925e+00
1.336000000000000076e+00 8.461519529423346953e+00
1.362999999999999989e+00 8.616699168633891404e+00
1.390500000000000069e+00 8.772370990610204089e+00
1.418600000000000083e+00 8.928989791933954479e+00
1.447200000000000042e+00 9.086599976736071227e+00
1.476499999999999924e+00 9.245019859919347383e+00
1.506299999999999972e+00 9.404065631816887816e+00
1.536699999999999955e+00 9.563855739434298897e+00
1.567800000000000082e+00 9.724303884496389827e+00
1.599399999999999933e+00 9.884929739030685170e+00
1.631799999999999917e+00 1.004598130841121595e+01
1.664700000000000069e+00 1.020740740740740726e+01
1.698399999999999910e+00 1.036919573879807999e+01
1.732699999999999907e+00 1.053093592298884751e+01
1.767700000000000049e+00 1.069267515923566947e+01
1.803399999999999892e+00 1.085444059976931896e+01
1.839800000000000102e+00 1.101641079936474377e+01
1.877000000000000002e+00 1.117827200160650669e+01
1.914900000000000047e+00 1.134021158479103342e+01
1.953600000000000003e+00 1.150147524860670956e+01
1.993000000000000105e+00 1.166229620339755968e+01
2.033300000000000107e+00 1.182299411169928050e+01
2.074399999999999800e+00 1.198349159064109770e+01
2.116299999999999848e+00 1.214299591995336947e+01
2.158999999999999808e+00 1.230249374873285007e+01
2.202599999999999891e+00 1.246068128923055163e+01
2.247100000000000097e+00 1.261906514538093482e+01
2.292499999999999982e+00 1.277581438229870869e+01
2.338799999999999990e+00 1.293263833199679169e+01
2.386099999999999888e+00 1.308806294994140274e+01
2.434299999999999908e+00 1.324390457047977065e+01
2.483499999999999819e+00 1.339750022808137864e+01
2.533599999999999852e+00 1.355081436327269273e+01
2.584799999999999986e+00 1.370363003480855291e+01
2.637000000000000011e+00 1.385562813496308010e+01
2.690300000000000136e+00 1.400592120245957695e+01
2.744699999999999918e+00 1.415579414696022553e+01
2.800100000000000033e+00 1.430430205462438309e+01
2.856700000000000017e+00 1.445268099827032593e+01
2.914400000000000102e+00 1.459986836501606611e+01
2.973300000000000054e+00 1.474581069603785544e+01
3.033300000000000107e+00 1.489112982732880752e+01
3.094599999999999795e+00 1.503553613207963835e+01
3.157099999999999795e+00 1.517919466182869215e+01
3.220899999999999874e+00 1.532179808495597939e+01
3.286000000000000032e+00 1.546355058594405918e+01
3.352300000000000058e+00 1.560429533969679916e+01
3.420100000000000140e+00 1.574409947000678578e+01
3.489199999999999857e+00 1.588330010734549802e+01
3.559600000000000097e+00 1.602132008175370004e+01
3.631600000000000161e+00 1.615882525451422325e+01
3.704899999999999860e+00 1.629566360052562501e+01
3.779799999999999827e+00 1.643141744904968959e+01
3.856100000000000083e+00 1.656657807149869299e+01
3.934000000000000163e+00 1.670097155448718240e+01
4.013499999999999623e+00 1.683426296907324371e+01
4.094599999999999795e+00 1.696768008764722069e+01
4.177299999999999791e+00 1.709984242945136756e+01
4.261700000000000266e+00 1.723147926156796572e+01
4.347800000000000331e+00 1.736236518685728569e+01
4.435599999999999987e+00 1.749294758249688542e+01
4.525199999999999889e+00 1.762321526633717639e+01
4.616600000000000037e+00 1.775283723602930408e+01
4.709900000000000198e+00 1.788176043898222645e+01
4.804999999999999716e+00 1.801006962199582873e+01
4.902099999999999902e+00 1.813907530157684533e+01
5.001100000000000101e+00 1.826632191338073596e+01
5.102100000000000080e+00 1.839355799160914984e+01
5.205199999999999605e+00 1.852170216785528467e+01
5.310399999999999565e+00 1.864807397517678211e+01
5.417600000000000193e+00 1.877446411929170722e+01
5.527099999999999902e+00 1.890099761440034598e+01
5.638700000000000045e+00 1.902736770383829423e+01
5.752600000000000158e+00 1.915378211227402616e+01
5.868900000000000006e+00 1.928117603089572896e+01
5.987400000000000055e+00 1.940689025185958627e+01
6.108399999999999608e+00 1.953315105946684938e+01
6.231799999999999784e+00 1.965843179377013783e+01
6.357700000000000351e+00 1.978541416566626765e+01
6.486100000000000421e+00 1.991116352201257911e+01
6.617099999999999760e+00 2.003624680780954037e+01
6.750799999999999912e+00 2.016317016317016098e+01
6.887199999999999989e+00 2.029137634603203466e+01
7.026299999999999990e+00 2.041635053110773868e+01
7.168199999999999683e+00 2.054379162938661807e+01
7.312999999999999723e+00 2.067200967160321667e+01
7.460799999999999876e+00 2.079937064312405681e+01
7.611500000000000377e+00 2.092770159581171185e+01
7.765299999999999869e+00 2.105585585585585662e+01
7.922100000000000364e+00 2.118528781962463370e+01
8.082200000000000273e+00 2.131487523612010193e+01
8.245400000000000063e+00 2.144549270603882007e+01
8.412000000000000810e+00 2.157481001438514667e+01
8.581899999999999196e+00 2.170672600630992122e+01
8.755300000000000082e+00 2.183832699133437671e+01
8.932199999999999918e+00 2.197081516269708246e+01
9.112600000000000477e+00 2.210354050820018301e+01
9.296699999999999520e+00 2.223699272552712358e+01
9.484500000000000597e+00 2.237010345228408781e+01
9.676099999999999923e+00 2.250457410042691819e+01
9.871600000000000819e+00 2.263941630754789358e+01
1.007099999999999973e+01 2.277500391823209469e+01
