# # k[h/Mpc], Boost (P^NLCDM_NL/P^NLCDM_L)
1.000000000000000048e-04 1.000000000000000000e+00
1.020200000000000024e-04 1.000000000000000000e+00
1.040800000000000064e-04 1.000000000000000000e+00
1.061800000000000032e-04 1.000000000000000000e+00
1.083300000000000013e-04 1.000000000000000000e+00
1.105200000000000057e-04 1.000000000000000000e+00
1.127500000000000030e-04 1.000000000000000000e+00
1.150300000000000015e-04 1.000000000000000000e+00
1.173500000000000064e-04 1.000000000000000000e+00
1.197199999999999989e-04 1.000000000000000000e+00
1.221399999999999927e-04 1.000000000000000000e+00
1.246099999999999877e-04 1.000000000000000000e+00
1.271199999999999891e-04 1.000000000000000000e+00
1.296899999999999865e-04 1.000000000000000000e+00
1.323100000000000122e-04 1.000000000000000000e+00
1.349900000000000069e-04 1.000000000000000000e+00
1.377100000000000080e-04 1.000000000000000000e+00
1.404900000000000051e-04 1.000000000000000000e+00
1.433299999999999982e-04 1.000000000000000000e+00
1.462299999999999874e-04 1.000000000000000000e+00
1.491800000000000049e-04 1.000000000000000000e+00
1.522000000000000132e-04 1.000000000000000000e+00
1.552699999999999957e-04 1.000000000000000000e+00
1.584099999999999961e-04 1.000000000000000000e+00
1.616099999999999926e-04 1.000000000000000000e+00
1.648700000000000122e-04 1.000000000000000000e+00
1.681999999999999956e-04 1.000000000000000000e+00
1.715999999999999969e-04 1.000000000000000000e+00
1.750699999999999891e-04 1.000000000000000000e+00
1.786000000000000044e-04 1.000000000000000000e+00
1.822100000000000054e-04 1.000000000000000000e+00
1.858899999999999973e-04 1.000000000000000000e+00
1.896500000000000020e-04 1.000000000000000000e+00
1.934799999999999975e-04 1.000000000000000000e+00
1.973900000000000058e-04 1.000000000000000000e+00
2.013799999999999998e-04 1.000000000000000000e+00
2.054400000000000117e-04 1.000000000000000000e+00
2.095900000000000042e-04 1.000000000000000000e+00
2.138300000000000042e-04 1.000000000000000000e+00
2.181499999999999900e-04 1.000000000000000000e+00
2.225499999999999885e-04 1.000000000000000000e+00
2.270499999999999895e-04 1.000000000000000000e+00
2.316399999999999980e-04 1.000000000000000000e+00
2.363199999999999871e-04 1.000000000000000000e+00
2.410900000000000109e-04 1.000000000000000000e+00
2.459599999999999829e-04 1.000000000000000000e+00
2.509300000000000115e-04 1.000000000000000000e+00
2.559999999999999884e-04 1.000000000000000000e+00
2.611700000000000219e-04 1.000000000000000000e+00
2.664499999999999985e-04 1.000000000000000000e+00
2.718299999999999775e-04 1.000000000000000000e+00
2.773200000000000079e-04 1.000000000000000000e+00
2.829199999999999814e-04 1.000000000000000000e+00
2.886400000000000012e-04 1.000000000000000000e+00
2.944700000000000182e-04 1.000000000000000000e+00
3.004199999999999731e-04 1.000000000000000000e+00
3.064899999999999743e-04 1.000000000000000000e+00
3.126800000000000217e-04 1.000000000000000000e+00
3.189900000000000070e-04 1.000000000000000000e+00
3.254399999999999741e-04 1.000000000000000000e+00
3.320099999999999874e-04 1.000000000000000000e+00
3.387199999999999825e-04 1.000000000000000000e+00
3.455600000000000186e-04 1.000000000000000000e+00
3.525399999999999823e-04 1.000000000000000000e+00
3.596599999999999819e-04 1.000000000000000000e+00
3.669300000000000122e-04 1.000000000000000000e+00
3.743400000000000243e-04 1.000000000000000000e+00
3.819000000000000129e-04 1.000000000000000000e+00
3.896200000000000271e-04 1.000000000000000000e+00
3.974900000000000178e-04 1.000000000000000000e+00
4.055199999999999799e-04 1.000000000000000000e+00
4.137100000000000217e-04 1.000000000000000000e+00
4.220699999999999756e-04 1.000000000000000000e+00
4.306000000000000040e-04 1.000000000000000000e+00
4.392900000000000038e-04 1.000000000000000000e+00
4.481700000000000137e-04 1.000000000000000000e+00
4.572199999999999897e-04 1.000000000000000000e+00
4.664599999999999758e-04 1.000000000000000000e+00
4.758799999999999771e-04 1.000000000000000000e+00
4.854999999999999832e-04 1.000000000000000000e+00
4.952999999999999504e-04 1.000000000000000000e+00
5.053100000000000256e-04 1.000000000000000000e+00
5.155199999999999973e-04 1.000000000000000000e+00
5.259299999999999739e-04 1.000000000000000000e+00
5.365600000000000534e-04 1.000000000000000000e+00
5.473900000000000293e-04 1.000000000000000000e+00
5.584500000000000488e-04 1.000000000000000000e+00
5.697299999999999543e-04 1.000000000000000000e+00
5.812400000000000119e-04 1.000000000000000000e+00
5.929900000000000535e-04 1.000000000000000000e+00
6.049599999999999813e-04 1.000000000000000000e+00
6.171899999999999912e-04 1.000000000000000000e+00
6.296500000000000447e-04 1.000000000000000000e+00
6.423699999999999636e-04 1.000000000000000000e+00
6.553499999999999647e-04 1.000000000000000000e+00
6.685900000000000480e-04 1.000000000000000000e+00
6.821000000000000457e-04 1.000000000000000000e+00
6.958799999999999578e-04 1.000000000000000000e+00
7.099300000000000012e-04 1.000000000000000000e+00
7.242699999999999486e-04 1.000000000000000000e+00
7.389099999999999575e-04 1.000000000000000000e+00
7.538300000000000382e-04 1.000000000000000000e+00
7.690600000000000127e-04 1.000000000000000000e+00
7.845999999999999893e-04 1.000000000000000000e+00
8.004499999999999680e-04 1.000000000000000000e+00
8.166199999999999978e-04 1.000000000000000000e+00
8.331099999999999704e-04 1.000000000000000000e+00
8.499399999999999837e-04 1.000000000000000000e+00
8.671100000000000379e-04 1.000000000000000000e+00
8.846299999999999650e-04 1.000000000000000000e+00
9.024999999999999819e-04 1.000000000000000000e+00
9.207300000000000293e-04 1.000000000000000000e+00
9.393300000000000477e-04 1.000000000000000000e+00
9.583099999999999778e-04 1.000000000000000000e+00
9.776699999999999280e-04 1.000000000000000000e+00
9.974199999999999473e-04 1.000000000000000000e+00
1.017600000000000015e-03 1.000000000000000000e+00
1.038099999999999917e-03 1.000000000000000000e+00
1.059100000000000102e-03 1.000000000000000000e+00
1.080500000000000080e-03 1.000000000000000000e+00
1.102300000000000068e-03 1.000000000000000000e+00
1.124599999999999905e-03 1.000000000000000000e+00
1.147299999999999969e-03 1.000000000000000000e+00
1.170500000000000099e-03 1.000000000000000000e+00
1.194100000000000023e-03 1.000000000000000000e+00
1.218200000000000012e-03 1.000000000000000000e+00
1.242899999999999908e-03 1.000000000000000000e+00
1.268000000000000030e-03 1.000000000000000000e+00
1.293600000000000002e-03 1.000000000000000000e+00
1.319700000000000040e-03 1.000000000000000000e+00
1.346399999999999984e-03 1.000000000000000000e+00
1.373599999999999995e-03 1.000000000000000000e+00
1.401300000000000072e-03 1.000000000000000000e+00
1.429600000000000055e-03 1.000000000000000000e+00
1.458499999999999944e-03 1.000000000000000000e+00
1.487999999999999956e-03 1.000000000000000000e+00
1.518000000000000035e-03 1.000000000000000000e+00
1.548700000000000077e-03 1.000000000000000000e+00
1.580000000000000024e-03 1.000000000000000000e+00
1.611900000000000095e-03 1.000000000000000000e+00
1.644499999999999912e-03 1.000000000000000000e+00
1.677700000000000068e-03 1.000000000000000000e+00
1.711599999999999970e-03 1.000000000000000000e+00
1.746200000000000052e-03 1.000000000000000000e+00
1.781400000000000041e-03 1.000000000000000000e+00
1.817400000000000048e-03 1.000000000000000000e+00
1.854100000000000019e-03 1.000000000000000000e+00
1.891600000000000009e-03 1.000000000000000000e+00
1.929799999999999962e-03 1.000000000000000000e+00
1.968800000000000151e-03 1.000000000000000000e+00
2.008600000000000142e-03 1.000000000000000000e+00
2.049099999999999880e-03 1.000000000000000000e+00
2.090499999999999910e-03 1.000000000000000000e+00
2.132799999999999800e-03 1.000000000000000000e+00
2.175799999999999870e-03 1.000000000000000000e+00
2.219800000000000072e-03 1.000000000000000000e+00
2.264599999999999860e-03 1.000000000000000000e+00
2.310400000000000214e-03 1.000000000000000000e+00
2.357099999999999994e-03 1.000000000000000000e+00
2.404700000000000067e-03 1.000000000000000000e+00
2.453299999999999838e-03 1.000000000000000000e+00
2.502799999999999903e-03 1.000000000000000000e+00
2.553399999999999941e-03 1.000000000000000000e+00
2.605000000000000111e-03 1.000000000000000000e+00
2.657599999999999980e-03 1.000000000000000000e+00
2.711299999999999821e-03 1.000000000000000000e+00
2.765999999999999796e-03 1.000000000000000000e+00
2.821900000000000016e-03 1.000000000000000000e+00
2.878900000000000209e-03 1.000000000000000000e+00
2.937100000000000214e-03 1.000000000000000000e+00
2.996400000000000192e-03 1.000000000000000000e+00
3.056899999999999982e-03 1.000000000000000000e+00
3.118699999999999858e-03 1.000000000000000000e+00
3.181699999999999980e-03 1.000000000000000000e+00
3.246000000000000187e-03 1.000000000000000000e+00
3.311500000000000207e-03 1.000000000000000000e+00
3.378400000000000153e-03 1.000000000000000000e+00
3.446700000000000024e-03 1.000000000000000000e+00
3.516299999999999981e-03 1.000000000000000000e+00
3.587400000000000137e-03 1.000000000000000000e+00
3.659799999999999946e-03 1.000000000000000000e+00
3.733799999999999793e-03 1.000000000000000000e+00
3.809199999999999999e-03 1.000053441641727270e+00
3.886099999999999971e-03 1.000000000000000000e+00
3.964600000000000415e-03 9.999478786615240145e-01
4.044700000000000031e-03 1.000000000000000000e+00
4.126399999999999686e-03 9.998982809480215783e-01
4.209799999999999653e-03 9.999497487437185583e-01
4.294799999999999660e-03 1.000000000000000000e+00
4.381600000000000251e-03 1.000098145058396337e+00
4.470100000000000288e-03 1.000194014648105867e+00
4.560400000000000044e-03 1.000239727669367529e+00
4.652500000000000385e-03 1.000237011755783056e+00
4.746499999999999851e-03 1.000093742676353425e+00
4.842400000000000176e-03 9.997682288045242061e-01
4.940199999999999626e-03 9.991747661837521166e-01
5.040000000000000209e-03 9.986393940768288902e-01
5.141899999999999596e-03 9.980705375572107574e-01
5.245699999999999842e-03 9.976023443743894381e-01
5.351700000000000033e-03 9.972755635628597348e-01
5.459799999999999896e-03 9.971293114697055149e-01
5.570099999999999704e-03 9.971150533930416282e-01
5.682600000000000325e-03 9.971861010445534079e-01
5.797400000000000296e-03 9.972134262191260090e-01
5.914499999999999619e-03 9.971981767239577188e-01
6.034000000000000301e-03 9.971829818965159964e-01
6.155899999999999740e-03 9.971267906251283231e-01
6.280299999999999945e-03 9.970307097823876141e-01
6.407200000000000048e-03 9.969361015924208536e-01
6.536600000000000049e-03 9.968427783550475318e-01
6.668600000000000222e-03 9.967902995720399062e-01
6.803299999999999972e-03 9.967383188588045950e-01
6.940799999999999574e-03 9.966868056908985141e-01
7.080999999999999621e-03 9.965970610982212152e-01
7.224000000000000386e-03 9.965083262988259083e-01
7.369999999999999815e-03 9.964583571346966595e-01
7.518900000000000236e-03 9.964087249083279918e-01
7.670800000000000188e-03 9.962842022294786659e-01
7.825699999999999670e-03 9.962352765767108487e-01
7.983799999999999231e-03 9.961494316709245123e-01
8.145100000000000603e-03 9.960640058855986245e-01
8.309600000000000319e-03 9.959789442901009204e-01
8.477500000000000660e-03 9.958580096646441060e-01
8.648799999999999891e-03 9.958097027056316275e-01
8.823499999999999746e-03 9.956895003412479239e-01
9.001699999999999632e-03 9.956052593968843789e-01
9.183600000000000096e-03 9.955211147447746711e-01
9.369099999999999998e-03 9.954366974424281311e-01
9.558300000000000476e-03 9.953169014084507493e-01
9.751400000000000345e-03 9.952320852615341717e-01
9.948399999999999604e-03 9.951120731792472140e-01
1.014900000000000004e-02 9.949916527545910050e-01
1.035400000000000036e-02 9.948709062554149662e-01
1.056400000000000047e-02 9.947841105354058300e-01
1.077700000000000012e-02 9.946619829872231922e-01
1.099499999999999957e-02 9.945390850391537807e-01
1.121699999999999954e-02 9.944151305420406706e-01
1.144300000000000005e-02 9.942902078774616959e-01
1.167499999999999961e-02 9.941638225255973182e-01
1.191000000000000045e-02 9.940021810250817547e-01
1.215100000000000034e-02 9.939067978350409893e-01
1.239700000000000003e-02 9.937417094656644245e-01
1.264700000000000026e-02 9.936084857550826488e-01
1.290200000000000027e-02 9.934731617772036838e-01
1.316299999999999935e-02 9.933015980958858071e-01
1.342899999999999996e-02 9.931271477663230485e-01
1.370000000000000037e-02 9.929838901944756380e-01
1.397699999999999984e-02 9.928374091885807662e-01
1.425900000000000084e-02 9.926535911979771365e-01
1.454699999999999917e-02 9.925000000000000488e-01
1.484100000000000003e-02 9.923084847028121880e-01
1.514099999999999994e-02 9.921124237936141954e-01
1.544700000000000066e-02 9.919460767369512322e-01
1.575899999999999870e-02 9.917748316790448992e-01
1.607700000000000101e-02 9.915289688349717689e-01
1.640199999999999991e-02 9.913466928251121191e-01
1.673399999999999888e-02 9.911585473246680156e-01
1.707200000000000037e-02 9.909287410084688386e-01
1.741600000000000092e-02 9.907272013980527037e-01
1.776799999999999907e-02 9.905186036489009860e-01
1.812700000000000075e-02 9.902663192936749237e-01
1.849299999999999902e-02 9.900415845918143498e-01
1.886699999999999836e-02 9.898447273530061041e-01
1.924800000000000122e-02 9.896026735982176303e-01
1.963700000000000168e-02 9.893880305984700252e-01
2.003399999999999972e-02 9.891263165871031493e-01
2.043800000000000130e-02 9.888918680813575390e-01
2.085100000000000148e-02 9.886081835089894909e-01
2.127199999999999924e-02 9.883903357389394184e-01
2.170199999999999907e-02 9.881221944146506564e-01
2.214100000000000096e-02 9.879217328287301925e-01
2.258800000000000044e-02 9.876699465153309099e-01
2.304399999999999851e-02 9.873643218162233559e-01
2.350999999999999965e-02 9.871282547427754350e-01
2.398499999999999938e-02 9.868370443181332385e-01
2.446900000000000117e-02 9.866180048661800095e-01
2.496400000000000008e-02 9.863431450543622692e-01
2.546800000000000105e-02 9.860992397318817382e-01
2.598200000000000162e-02 9.858425730779803997e-01
2.650699999999999931e-02 9.856195723223456495e-01
2.704300000000000107e-02 9.853844322780290765e-01
2.758899999999999894e-02 9.851862645101753246e-01
2.814600000000000088e-02 9.848800317271465543e-01
2.871500000000000094e-02 9.847104090724989600e-01
2.929500000000000159e-02 9.844824910774323534e-01
2.988700000000000037e-02 9.842444749920693514e-01
3.048999999999999974e-02 9.840514678055900522e-01
3.110600000000000170e-02 9.838531298385313484e-01
3.173499999999999932e-02 9.837039551858767217e-01
3.237600000000000200e-02 9.834954829742876825e-01
3.302999999999999686e-02 9.833422253838401961e-01
3.369699999999999779e-02 9.831290205121980819e-01
3.437799999999999884e-02 9.830371567043618697e-01
3.507199999999999901e-02 9.828244274809160297e-01
3.578100000000000031e-02 9.826777806720500275e-01
3.650400000000000172e-02 9.825356619117451284e-01
3.724100000000000327e-02 9.823998908520362727e-01
3.799299999999999899e-02 9.822026800670016211e-01
3.876099999999999685e-02 9.821517812522310154e-01
3.954400000000000276e-02 9.819708029197080634e-01
4.034299999999999692e-02 9.818724356583364843e-01
4.115800000000000014e-02 9.817142857142857615e-01
4.198899999999999855e-02 9.814930015552099096e-01
4.283800000000000108e-02 9.813639968279143089e-01
4.370299999999999879e-02 9.810924369747898721e-01
4.458600000000000063e-02 9.808309337721102805e-01
4.548599999999999866e-02 9.806629834254143585e-01
4.640500000000000180e-02 9.803404255319149163e-01
4.734300000000000314e-02 9.800259403372243439e-01
4.829900000000000165e-02 9.796312554872694811e-01
4.927499999999999936e-02 9.792390626392230013e-01
5.027000000000000218e-02 9.787580222362830540e-01
5.128599999999999826e-02 9.784561789512284946e-01
5.232200000000000045e-02 9.779698828778583541e-01
5.337900000000000283e-02 9.773819621147865622e-01
5.445699999999999846e-02 9.768752986144290107e-01
5.555700000000000222e-02 9.764489242101181965e-01
5.668000000000000121e-02 9.758210422812193530e-01
5.782500000000000140e-02 9.753818508535488929e-01
5.899299999999999683e-02 9.748673894743247192e-01
6.018400000000000138e-02 9.744094894275399099e-01
6.140000000000000319e-02 9.739959670643588696e-01
6.264100000000000223e-02 9.736560291282929658e-01
6.390600000000000447e-02 9.734113529476101645e-01
6.519700000000000495e-02 9.732648447816647508e-01
6.651400000000000368e-02 9.732666337758297814e-01
6.785800000000000165e-02 9.733938465165624665e-01
6.922899999999999887e-02 9.737193493566399516e-01
7.062699999999999534e-02 9.742291935504078237e-01
7.205400000000000693e-02 9.749241894098437111e-01
7.351000000000000589e-02 9.758597528210639638e-01
7.499400000000000510e-02 9.770190322040520625e-01
7.650899999999999368e-02 9.784111036905833725e-01
7.805499999999999938e-02 9.799999999999999822e-01
7.963199999999999446e-02 9.818348247399901751e-01
8.124099999999999377e-02 9.838542267327874402e-01
8.288199999999999734e-02 9.860145874905387187e-01
8.455600000000000616e-02 9.883111286673610385e-01
8.626399999999999346e-02 9.906566554945981373e-01
8.800700000000000189e-02 9.930007213741200989e-01
8.978500000000000369e-02 9.952392528665775506e-01
9.159799999999999887e-02 9.973336132689482048e-01
9.344900000000000428e-02 9.991756692264306405e-01
9.533700000000000507e-02 1.000714908067290576e+00
9.726300000000000223e-02 1.001903233203393695e+00
9.922699999999999576e-02 1.002721471471471615e+00
1.012300000000000005e-01 1.003183417506402719e+00
1.032799999999999968e-01 1.003362409239315856e+00
1.053599999999999953e-01 1.003318638862746859e+00
1.074900000000000022e-01 1.003170050569854421e+00
1.096599999999999936e-01 1.003093917001201651e+00
1.118799999999999933e-01 1.003148827647227348e+00
1.141400000000000053e-01 1.003557396198364593e+00
1.164400000000000018e-01 1.004510256758592623e+00
1.188000000000000028e-01 1.006057222609909152e+00
1.212000000000000022e-01 1.008352053453142050e+00
1.236499999999999960e-01 1.011491851232762196e+00
1.261400000000000021e-01 1.015537118175320774e+00
1.286899999999999988e-01 1.020597121600987700e+00
1.312899999999999900e-01 1.026589398329640357e+00
1.339400000000000035e-01 1.033463649080018643e+00
1.366499999999999937e-01 1.040959758171169591e+00
1.394100000000000061e-01 1.048863952886872841e+00
1.422299999999999953e-01 1.056693703486913494e+00
1.451000000000000068e-01 1.064064414493260946e+00
1.480299999999999949e-01 1.070543200874954248e+00
1.510199999999999876e-01 1.075989993864161942e+00
1.540700000000000125e-01 1.080289840976511151e+00
1.571799999999999864e-01 1.083495436181355798e+00
1.603600000000000025e-01 1.085806056898133809e+00
1.635999999999999954e-01 1.087707433803256629e+00
1.668999999999999928e-01 1.089736101523920864e+00
1.702799999999999869e-01 1.092539259903276605e+00
1.737100000000000033e-01 1.096703910614525102e+00
1.772199999999999886e-01 1.102721127737015472e+00
1.807999999999999885e-01 1.110910730387736800e+00
1.844600000000000128e-01 1.121210215121398956e+00
1.881799999999999862e-01 1.133403847425133781e+00
1.919800000000000118e-01 1.147276020621429415e+00
1.958600000000000063e-01 1.161941833137485336e+00
1.998199999999999976e-01 1.176593279258400848e+00
2.038600000000000134e-01 1.190067939178259371e+00
2.079699999999999882e-01 1.201717460851995378e+00
2.121800000000000075e-01 1.211186617877679117e+00
2.164600000000000135e-01 1.219080954945252149e+00
2.208299999999999985e-01 1.225818349469801838e+00
2.253000000000000003e-01 1.232941622441243279e+00
2.298499999999999988e-01 1.241766832795856645e+00
2.344900000000000040e-01 1.253355483746796395e+00
2.392299999999999982e-01 1.268084567132025109e+00
2.440599999999999992e-01 1.286054101897438739e+00
2.489899999999999891e-01 1.306592857059788004e+00
2.540200000000000236e-01 1.328496800792767329e+00
2.591499999999999915e-01 1.350112359550561969e+00
2.643900000000000139e-01 1.370010063737000960e+00
2.697300000000000253e-01 1.387383490539710884e+00
2.751799999999999802e-01 1.402844629460994641e+00
2.807399999999999896e-01 1.417597201668236329e+00
2.864099999999999979e-01 1.433432891254893926e+00
2.921900000000000053e-01 1.452225920030868700e+00
2.980999999999999761e-01 1.474893045885412368e+00
3.041200000000000014e-01 1.501194869091547979e+00
3.102599999999999802e-01 1.529939898971276913e+00
3.165299999999999780e-01 1.559262409154167361e+00
3.229199999999999848e-01 1.587420926049435188e+00
3.294500000000000206e-01 1.613636363636363757e+00
3.361000000000000099e-01 1.638432059564217891e+00
3.428899999999999726e-01 1.663518649159138052e+00
3.498200000000000198e-01 1.691035724438548327e+00
3.568899999999999850e-01 1.722191997625995175e+00
3.640900000000000247e-01 1.756837175606095869e+00
3.714500000000000024e-01 1.793837899357775933e+00
3.789500000000000091e-01 1.831150051037767845e+00
3.866100000000000092e-01 1.867404950846855094e+00
3.944199999999999928e-01 1.902963877740043275e+00
4.023900000000000254e-01 1.938901579743251391e+00
4.105199999999999960e-01 1.977144583165525660e+00
4.188100000000000156e-01 2.018795146924749151e+00
4.272699999999999831e-01 2.063304602970841728e+00
4.359000000000000097e-01 2.109376198879766573e+00
4.447099999999999942e-01 2.155554664635368489e+00
4.536899999999999822e-01 2.201850223952446672e+00
4.628599999999999937e-01 2.248951415588955172e+00
4.722100000000000186e-01 2.298471366643850988e+00
4.817400000000000015e-01 2.350772605875619981e+00
4.914799999999999724e-01 2.405475489951628187e+00
5.014100000000000223e-01 2.461450242402126953e+00
5.115300000000000402e-01 2.518219946620186001e+00
5.218699999999999450e-01 2.576485317550648801e+00
5.324100000000000499e-01 2.636990782039845271e+00
5.431700000000000417e-01 2.699421965317919447e+00
5.541399999999999659e-01 2.763853699733644920e+00
5.653299999999999992e-01 2.830175867454335581e+00
5.767499999999999849e-01 2.898367636621717480e+00
5.884000000000000341e-01 2.968694362017803900e+00
6.002899999999999903e-01 3.040784678607428404e+00
6.124199999999999644e-01 3.115001215657670741e+00
6.247899999999999565e-01 3.191359593392630423e+00
6.374100000000000321e-01 3.269789268638215063e+00
6.502900000000000347e-01 3.350393336418324708e+00
6.634200000000000097e-01 3.432965757399883966e+00
6.768300000000000427e-01 3.518099089989888739e+00
6.905000000000000027e-01 3.605453680706019348e+00
7.044500000000000206e-01 3.695118987118014786e+00
7.186799999999999855e-01 3.787273357200600543e+00
7.331999999999999629e-01 3.881739382379216341e+00
7.480099999999999527e-01 3.978798586572438012e+00
7.631200000000000205e-01 4.078364116094986613e+00
7.785400000000000098e-01 4.180446565253968849e+00
7.942599999999999660e-01 4.285096382589137498e+00
8.103099999999999747e-01 4.392493782500565658e+00
8.266799999999999704e-01 4.502379376634836561e+00
8.433800000000000185e-01 4.615169187176698884e+00
8.604100000000000081e-01 4.730714248807289302e+00
8.778000000000000247e-01 4.848921381496020366e+00
8.955300000000000482e-01 4.970065516981700959e+00
9.136199999999999877e-01 5.094488188976378673e+00
9.320800000000000196e-01 5.221677918656347117e+00
9.509100000000000330e-01 5.352115707459859095e+00
9.701100000000000279e-01 5.485707855052892157e+00
9.897099999999999786e-01 5.622454984112040144e+00
1.009700000000000042e+00 5.762887105509329366e+00
1.030100000000000016e+00 5.906434254228996927e+00
1.050899999999999945e+00 6.053432441894912586e+00
1.072100000000000053e+00 6.204535850119735407e+00
1.093800000000000106e+00 6.358867045889946112e+00
1.115899999999999892e+00 6.516805427073697032e+00
1.138400000000000079e+00 6.678819164381351037e+00
1.161399999999999988e+00 6.844468451436481082e+00
1.184900000000000064e+00 7.014060623189429577e+00
1.208800000000000097e+00 7.187222715173026799e+00
1.233300000000000063e+00 7.364572047670639776e+00
1.258199999999999985e+00 7.546168799611210787e+00
1.283600000000000074e+00 7.731242051716828989e+00
1.309500000000000108e+00 7.921011759485245385e+00
1.336000000000000076e+00 8.114837870482208615e+00
1.362999999999999989e+00 8.312338894022664348e+00
1.390500000000000069e+00 8.514614522863835688e+00
1.418600000000000083e+00 8.720874433484404165e+00
1.447200000000000042e+00 8.931382949025737261e+00
1.476499999999999924e+00 9.146348593813950600e+00
1.506299999999999972e+00 9.365623660522931715e+00
1.536699999999999955e+00 9.589559417687423704e+00
1.567800000000000082e+00 9.817961980251224574e+00
1.599399999999999933e+00 1.004995426722015139e+01
1.631799999999999917e+00 1.028670400943396146e+01
1.664700000000000069e+00 1.052891668597019681e+01
1.698399999999999910e+00 1.077495550881734232e+01
1.732699999999999907e+00 1.102551063649461938e+01
1.767700000000000049e+00 1.127963768759435226e+01
1.803399999999999892e+00 1.153903414906485558e+01
1.839800000000000102e+00 1.180284711388455499e+01
1.877000000000000002e+00 1.207185481893239576e+01
1.914900000000000047e+00 1.234418505033197810e+01
1.953600000000000003e+00 1.262121756307803011e+01
1.993000000000000105e+00 1.290292221542515527e+01
2.033300000000000107e+00 1.318930650093716039e+01
2.074399999999999800e+00 1.347931181572586468e+01
2.116299999999999848e+00 1.377408601859128900e+01
2.158999999999999808e+00 1.407350058243600444e+01
2.202599999999999891e+00 1.437677792174910429e+01
2.247100000000000097e+00 1.468433298458751679e+01
2.292499999999999982e+00 1.499574300871045907e+01
2.338799999999999990e+00 1.531143769529238163e+01
2.386099999999999888e+00 1.563110991088306712e+01
2.434299999999999908e+00 1.595465100911888534e+01
2.483499999999999819e+00 1.628202589791311894e+01
2.533599999999999852e+00 1.661316111884046265e+01
2.584799999999999986e+00 1.694827398453664458e+01
2.637000000000000011e+00 1.728703597944031856e+01
2.690300000000000136e+00 1.762921429084896729e+01
2.744699999999999918e+00 1.797486489883122118e+01
2.800100000000000033e+00 1.832384116437272681e+01
2.856700000000000017e+00 1.867614516485948073e+01
2.914400000000000102e+00 1.903134068485200103e+01
2.973300000000000054e+00 1.939016593088750184e+01
3.033300000000000107e+00 1.975179683756588389e+01
3.094599999999999795e+00 2.011630245341198631e+01
3.157099999999999795e+00 2.048320731492878366e+01
3.220899999999999874e+00 2.085356852904273239e+01
3.286000000000000032e+00 2.122560408921933472e+01
3.352300000000000058e+00 2.160069895968790732e+01
3.420100000000000140e+00 2.197790950573585178e+01
3.489199999999999857e+00 2.235778543615449721e+01
3.559600000000000097e+00 2.273944290478651098e+01
3.631600000000000161e+00 2.312315125221849854e+01
3.704899999999999860e+00 2.350944372574385355e+01
3.779799999999999827e+00 2.389637193134911897e+01
3.856100000000000083e+00 2.428595861125363697e+01
3.934000000000000163e+00 2.467743865948533610e+01
4.013499999999999623e+00 2.506941390790878899e+01
4.094599999999999795e+00 2.546425745185966605e+01
4.177299999999999791e+00 2.585877466251298173e+01
4.261700000000000266e+00 2.625436046511627808e+01
4.347800000000000331e+00 2.665344117198230123e+01
4.435599999999999987e+00 2.704982377443127106e+01
4.525199999999999889e+00 2.744849045496594186e+01
4.616600000000000037e+00 2.784988962472406016e+01
4.709900000000000198e+00 2.825050992026701380e+01
4.804999999999999716e+00 2.865083227878905703e+01
4.902099999999999902e+00 2.905210654346981514e+01
5.001100000000000101e+00 2.945469375489659569e+01
5.102100000000000080e+00 2.985597728092318448e+01
5.205199999999999605e+00 3.025856458197739940e+01
5.310399999999999565e+00 3.066045355700528319e+01
5.417600000000000193e+00 3.106283029947152130e+01
5.527099999999999902e+00 3.146470805870342602e+01
5.638700000000000045e+00 3.186507993610866762e+01
5.752600000000000158e+00 3.226644905854263357e+01
5.868900000000000006e+00 3.266679362661080432e+01
5.987400000000000055e+00 3.306666666666666998e+01
6.108399999999999608e+00 3.346635860813554331e+01
6.231799999999999784e+00 3.386397058823528994e+01
6.357700000000000351e+00 3.426194061546777903e+01
6.486100000000000421e+00 3.465804253938644308e+01
6.617099999999999760e+00 3.505398326199450310e+01
6.750799999999999912e+00 3.544988928898928293e+01
6.887199999999999989e+00 3.584130041577599712e+01
7.026299999999999990e+00 3.623467298250807289e+01
7.168199999999999683e+00 3.662417081260365137e+01
7.312999999999999723e+00 3.701657458563536096e+01
7.460799999999999876e+00 3.740281271438372102e+01
7.611500000000000377e+00 3.778972018734238247e+01
7.765299999999999869e+00 3.817361965124712242e+01
7.922100000000000364e+00 3.855732927071603910e+01
8.082200000000000273e+00 3.894319407242495146e+01
8.245400000000000063e+00 3.932042382170259742e+01
8.412000000000000810e+00 3.969837676042826047e+01
8.581899999999999196e+00 4.007456670697300183e+01
8.755300000000000082e+00 4.044790652385589169e+01
8.932199999999999918e+00 4.081999288509427259e+01
9.112600000000000477e+00 4.118776272769733993e+01
9.296699999999999520e+00 4.155374576853260038e+01
9.484500000000000597e+00 4.191703169286266473e+01
9.676099999999999923e+00 4.227833712244235898e+01
9.871600000000000819e+00 4.263888099164154966e+01
1.007099999999999973e+01 4.299767066833900486e+01
