# # k[h/Mpc], Boost (P^NLCDM_NL/P^NLCDM_L)
1.000000000000000048e-04 1.000000000000000000e+00
1.020200000000000024e-04 1.000000000000000000e+00
1.040800000000000064e-04 1.000000000000000000e+00
1.061800000000000032e-04 1.000000000000000000e+00
1.083300000000000013e-04 1.000000000000000000e+00
1.105200000000000057e-04 1.000000000000000000e+00
1.127500000000000030e-04 1.000000000000000000e+00
1.150300000000000015e-04 1.000000000000000000e+00
1.173500000000000064e-04 1.000000000000000000e+00
1.197199999999999989e-04 1.000000000000000000e+00
1.221399999999999927e-04 1.000000000000000000e+00
1.246099999999999877e-04 1.000000000000000000e+00
1.271199999999999891e-04 1.000000000000000000e+00
1.296899999999999865e-04 1.000000000000000000e+00
1.323100000000000122e-04 1.000000000000000000e+00
1.349900000000000069e-04 1.000000000000000000e+00
1.377100000000000080e-04 1.000000000000000000e+00
1.404900000000000051e-04 1.000000000000000000e+00
1.433299999999999982e-04 1.000000000000000000e+00
1.462299999999999874e-04 1.000000000000000000e+00
1.491800000000000049e-04 1.000000000000000000e+00
1.522000000000000132e-04 1.000000000000000000e+00
1.552699999999999957e-04 1.000000000000000000e+00
1.584099999999999961e-04 1.000000000000000000e+00
1.616099999999999926e-04 1.000000000000000000e+00
1.648700000000000122e-04 1.000000000000000000e+00
1.681999999999999956e-04 1.000000000000000000e+00
1.715999999999999969e-04 1.000000000000000000e+00
1.750699999999999891e-04 1.000000000000000000e+00
1.786000000000000044e-04 1.000000000000000000e+00
1.822100000000000054e-04 1.000000000000000000e+00
1.858899999999999973e-04 1.000000000000000000e+00
1.896500000000000020e-04 1.000000000000000000e+00
1.934799999999999975e-04 1.000000000000000000e+00
1.973900000000000058e-04 1.000000000000000000e+00
2.013799999999999998e-04 1.000000000000000000e+00
2.054400000000000117e-04 1.000000000000000000e+00
2.095900000000000042e-04 1.000000000000000000e+00
2.138300000000000042e-04 1.000000000000000000e+00
2.181499999999999900e-04 1.000000000000000000e+00
2.225499999999999885e-04 1.000000000000000000e+00
2.270499999999999895e-04 1.000000000000000000e+00
2.316399999999999980e-04 1.000000000000000000e+00
2.363199999999999871e-04 1.000000000000000000e+00
2.410900000000000109e-04 1.000000000000000000e+00
2.459599999999999829e-04 1.000000000000000000e+00
2.509300000000000115e-04 1.000000000000000000e+00
2.559999999999999884e-04 1.000000000000000000e+00
2.611700000000000219e-04 1.000000000000000000e+00
2.664499999999999985e-04 1.000000000000000000e+00
2.718299999999999775e-04 1.000000000000000000e+00
2.773200000000000079e-04 1.000000000000000000e+00
2.829199999999999814e-04 1.000000000000000000e+00
2.886400000000000012e-04 1.000000000000000000e+00
2.944700000000000182e-04 1.000000000000000000e+00
3.004199999999999731e-04 1.000000000000000000e+00
3.064899999999999743e-04 1.000000000000000000e+00
3.126800000000000217e-04 1.000000000000000000e+00
3.189900000000000070e-04 1.000000000000000000e+00
3.254399999999999741e-04 1.000000000000000000e+00
3.320099999999999874e-04 1.000000000000000000e+00
3.387199999999999825e-04 1.000000000000000000e+00
3.455600000000000186e-04 1.000000000000000000e+00
3.525399999999999823e-04 1.000000000000000000e+00
3.596599999999999819e-04 1.000000000000000000e+00
3.669300000000000122e-04 1.000000000000000000e+00
3.743400000000000243e-04 1.000000000000000000e+00
3.819000000000000129e-04 1.000000000000000000e+00
3.896200000000000271e-04 1.000000000000000000e+00
3.974900000000000178e-04 1.000000000000000000e+00
4.055199999999999799e-04 1.000000000000000000e+00
4.137100000000000217e-04 1.000000000000000000e+00
4.220699999999999756e-04 1.000000000000000000e+00
4.306000000000000040e-04 1.000000000000000000e+00
4.392900000000000038e-04 1.000000000000000000e+00
4.481700000000000137e-04 1.000000000000000000e+00
4.572199999999999897e-04 1.000000000000000000e+00
4.664599999999999758e-04 1.000000000000000000e+00
4.758799999999999771e-04 1.000000000000000000e+00
4.854999999999999832e-04 1.000000000000000000e+00
4.952999999999999504e-04 1.000000000000000000e+00
5.053100000000000256e-04 1.000000000000000000e+00
5.155199999999999973e-04 1.000000000000000000e+00
5.259299999999999739e-04 1.000000000000000000e+00
5.365600000000000534e-04 1.000000000000000000e+00
5.473900000000000293e-04 1.000000000000000000e+00
5.584500000000000488e-04 1.000000000000000000e+00
5.697299999999999543e-04 1.000000000000000000e+00
5.812400000000000119e-04 1.000000000000000000e+00
5.929900000000000535e-04 1.000000000000000000e+00
6.049599999999999813e-04 1.000000000000000000e+00
6.171899999999999912e-04 1.000000000000000000e+00
6.296500000000000447e-04 1.000000000000000000e+00
6.423699999999999636e-04 1.000000000000000000e+00
6.553499999999999647e-04 1.000000000000000000e+00
6.685900000000000480e-04 1.000000000000000000e+00
6.821000000000000457e-04 1.000000000000000000e+00
6.958799999999999578e-04 1.000000000000000000e+00
7.099300000000000012e-04 1.000000000000000000e+00
7.242699999999999486e-04 1.000000000000000000e+00
7.389099999999999575e-04 1.000000000000000000e+00
7.538300000000000382e-04 1.000000000000000000e+00
7.690600000000000127e-04 1.000000000000000000e+00
7.845999999999999893e-04 1.000000000000000000e+00
8.004499999999999680e-04 1.000000000000000000e+00
8.166199999999999978e-04 1.000000000000000000e+00
8.331099999999999704e-04 1.000000000000000000e+00
8.499399999999999837e-04 1.000000000000000000e+00
8.671100000000000379e-04 1.000000000000000000e+00
8.846299999999999650e-04 1.000000000000000000e+00
9.024999999999999819e-04 1.000000000000000000e+00
9.207300000000000293e-04 1.000000000000000000e+00
9.393300000000000477e-04 1.000000000000000000e+00
9.583099999999999778e-04 1.000000000000000000e+00
9.776699999999999280e-04 1.000000000000000000e+00
9.974199999999999473e-04 1.000000000000000000e+00
1.017600000000000015e-03 1.000000000000000000e+00
1.038099999999999917e-03 1.000000000000000000e+00
1.059100000000000102e-03 1.000000000000000000e+00
1.080500000000000080e-03 1.000000000000000000e+00
1.102300000000000068e-03 1.000000000000000000e+00
1.124599999999999905e-03 1.000000000000000000e+00
1.147299999999999969e-03 1.000000000000000000e+00
1.170500000000000099e-03 1.000000000000000000e+00
1.194100000000000023e-03 1.000000000000000000e+00
1.218200000000000012e-03 1.000000000000000000e+00
1.242899999999999908e-03 1.000000000000000000e+00
1.268000000000000030e-03 1.000000000000000000e+00
1.293600000000000002e-03 1.000000000000000000e+00
1.319700000000000040e-03 1.000000000000000000e+00
1.346399999999999984e-03 1.000000000000000000e+00
1.373599999999999995e-03 1.000000000000000000e+00
1.401300000000000072e-03 1.000000000000000000e+00
1.429600000000000055e-03 1.000000000000000000e+00
1.458499999999999944e-03 1.000000000000000000e+00
1.487999999999999956e-03 1.000000000000000000e+00
1.518000000000000035e-03 1.000000000000000000e+00
1.548700000000000077e-03 1.000000000000000000e+00
1.580000000000000024e-03 1.000000000000000000e+00
1.611900000000000095e-03 1.000000000000000000e+00
1.644499999999999912e-03 1.000000000000000000e+00
1.677700000000000068e-03 1.000000000000000000e+00
1.711599999999999970e-03 1.000000000000000000e+00
1.746200000000000052e-03 1.000000000000000000e+00
1.781400000000000041e-03 1.000000000000000000e+00
1.817400000000000048e-03 1.000000000000000000e+00
1.854100000000000019e-03 1.000000000000000000e+00
1.891600000000000009e-03 1.000000000000000000e+00
1.929799999999999962e-03 1.000000000000000000e+00
1.968800000000000151e-03 1.000000000000000000e+00
2.008600000000000142e-03 1.000000000000000000e+00
2.049099999999999880e-03 1.000000000000000000e+00
2.090499999999999910e-03 1.000000000000000000e+00
2.132799999999999800e-03 1.000000000000000000e+00
2.175799999999999870e-03 1.000000000000000000e+00
2.219800000000000072e-03 1.000000000000000000e+00
2.264599999999999860e-03 1.000000000000000000e+00
2.310400000000000214e-03 1.000000000000000000e+00
2.357099999999999994e-03 1.000000000000000000e+00
2.404700000000000067e-03 1.000000000000000000e+00
2.453299999999999838e-03 1.000000000000000000e+00
2.502799999999999903e-03 1.000000000000000000e+00
2.553399999999999941e-03 1.000000000000000000e+00
2.605000000000000111e-03 1.000000000000000000e+00
2.657599999999999980e-03 1.000000000000000000e+00
2.711299999999999821e-03 1.000000000000000000e+00
2.765999999999999796e-03 1.000000000000000000e+00
2.821900000000000016e-03 1.000000000000000000e+00
2.878900000000000209e-03 1.000000000000000000e+00
2.937100000000000214e-03 1.000000000000000000e+00
2.996400000000000192e-03 1.000000000000000000e+00
3.056899999999999982e-03 1.000000000000000000e+00
3.118699999999999858e-03 1.000000000000000000e+00
3.181699999999999980e-03 1.000000000000000000e+00
3.246000000000000187e-03 1.000000000000000000e+00
3.311500000000000207e-03 1.000000000000000000e+00
3.378400000000000153e-03 1.000000000000000000e+00
3.446700000000000024e-03 1.000000000000000000e+00
3.516299999999999981e-03 1.000000000000000000e+00
3.587400000000000137e-03 1.000000000000000000e+00
3.659799999999999946e-03 1.000054764512595895e+00
3.733799999999999793e-03 1.000000000000000000e+00
3.809199999999999999e-03 1.000053293540822841e+00
3.886099999999999971e-03 1.000000000000000000e+00
3.964600000000000415e-03 1.000000000000000000e+00
4.044700000000000031e-03 9.999487941010803960e-01
4.126399999999999686e-03 9.998989235356546823e-01
4.209799999999999653e-03 9.999002244948864693e-01
4.294799999999999660e-03 9.999507486209613383e-01
4.381600000000000251e-03 1.000048628671464712e+00
4.470100000000000288e-03 1.000192086054552343e+00
4.560400000000000044e-03 1.000331989566042301e+00
4.652500000000000385e-03 1.000281069939569889e+00
4.746499999999999851e-03 1.000138831042621135e+00
4.842400000000000176e-03 9.997713867678661437e-01
4.940199999999999626e-03 9.991867347399809862e-01
5.040000000000000209e-03 9.985264567983924699e-01
5.141899999999999596e-03 9.978373129717085233e-01
5.245699999999999842e-03 9.972510690287110791e-01
5.351700000000000033e-03 9.968505975236204852e-01
5.459799999999999896e-03 9.966722129783693873e-01
5.570099999999999704e-03 9.966243301405122157e-01
5.682600000000000325e-03 9.966608231071041324e-01
5.797400000000000296e-03 9.967375593640305231e-01
5.914499999999999619e-03 9.967716889379265588e-01
6.034000000000000301e-03 9.966836528350724311e-01
6.155899999999999740e-03 9.966371752271908635e-01
6.280299999999999945e-03 9.965517241379310276e-01
6.407200000000000048e-03 9.964284312571136670e-01
6.536600000000000049e-03 9.963461089947912575e-01
6.668600000000000222e-03 9.962265603942859205e-01
6.803299999999999972e-03 9.961469499866478783e-01
6.940799999999999574e-03 9.960683502192650973e-01
7.080999999999999621e-03 9.959907074340527133e-01
7.224000000000000386e-03 9.959509658246656905e-01
7.369999999999999815e-03 9.958746178496445944e-01
7.518900000000000236e-03 9.957625570776256207e-01
7.670800000000000188e-03 9.956877808378026273e-01
7.825699999999999670e-03 9.955776075935713898e-01
7.983799999999999231e-03 9.955040142729705277e-01
8.145100000000000603e-03 9.953954592143945401e-01
8.309600000000000319e-03 9.952876635251090010e-01
8.477500000000000660e-03 9.951805545854578439e-01
8.648799999999999891e-03 9.950738916256157696e-01
8.823499999999999746e-03 9.950020681097476727e-01
9.001699999999999632e-03 9.948958618799671472e-01
9.183600000000000096e-03 9.947898930736225331e-01
9.369099999999999998e-03 9.946502336290377055e-01
9.558300000000000476e-03 9.945443523944230702e-01
9.751400000000000345e-03 9.944049852586438476e-01
9.948399999999999604e-03 9.942655197706208314e-01
1.014900000000000004e-02 9.941590335855569061e-01
1.035400000000000036e-02 9.940189015927566318e-01
1.056400000000000047e-02 9.939112690889941870e-01
1.077700000000000012e-02 9.937698790044922070e-01
1.099499999999999957e-02 9.936276592268226127e-01
1.121699999999999954e-02 9.934844930935626817e-01
1.144300000000000005e-02 9.933400474318573314e-01
1.167499999999999961e-02 9.931944129370969820e-01
1.191000000000000045e-02 9.930470215380635679e-01
1.215100000000000034e-02 9.928656745327177902e-01
1.239700000000000003e-02 9.927146126817317784e-01
1.264700000000000026e-02 9.925613447542989132e-01
1.290200000000000027e-02 9.924054706355591726e-01
1.316299999999999935e-02 9.922148946437188144e-01
1.342899999999999996e-02 9.920213621593797493e-01
1.370000000000000037e-02 9.918565726792841764e-01
1.397699999999999984e-02 9.916561966431494124e-01
1.425900000000000084e-02 9.914521643764918624e-01
1.454699999999999917e-02 9.912436589227439088e-01
1.484100000000000003e-02 9.910630443933555744e-01
1.514099999999999994e-02 9.908450475603025609e-01
1.544700000000000066e-02 9.906219472484533162e-01
1.575899999999999870e-02 9.904254623880791586e-01
1.607700000000000101e-02 9.901906105442734862e-01
1.640199999999999991e-02 9.899492519607197005e-01
1.673399999999999888e-02 9.897337395681546912e-01
1.707200000000000037e-02 9.894778902503995610e-01
1.741600000000000092e-02 9.892473118279569988e-01
1.776799999999999907e-02 9.890087660148347837e-01
1.812700000000000075e-02 9.887278036193256625e-01
1.849299999999999902e-02 9.885049606568594438e-01
1.886699999999999836e-02 9.882044560943643585e-01
1.924800000000000122e-02 9.879622864697491513e-01
1.963700000000000168e-02 9.876746962567596322e-01
2.003399999999999972e-02 9.873758865248226657e-01
2.043800000000000130e-02 9.871000107499910969e-01
2.085100000000000148e-02 9.868120720263758860e-01
2.127199999999999924e-02 9.865112528407008474e-01
2.170199999999999907e-02 9.861971726466550736e-01
2.214100000000000096e-02 9.859059645957830575e-01
2.258800000000000044e-02 9.856005485505313635e-01
2.304399999999999851e-02 9.852804821511358391e-01
2.350999999999999965e-02 9.849453091308267849e-01
2.398499999999999938e-02 9.846337579617834290e-01
2.446900000000000117e-02 9.843061117178335540e-01
2.496400000000000008e-02 9.840036187186446126e-01
2.546800000000000105e-02 9.836442734041662694e-01
2.598200000000000162e-02 9.833099161238131325e-01
2.650699999999999931e-02 9.830016044403971920e-01
2.704300000000000107e-02 9.826786266625425759e-01
2.758899999999999894e-02 9.823407514190467538e-01
2.814600000000000088e-02 9.819861219613069681e-01
2.871500000000000094e-02 9.816629930122403591e-01
2.929500000000000159e-02 9.813724081789014786e-01
2.988700000000000037e-02 9.810213265505771663e-01
3.048999999999999974e-02 9.807067526365772503e-01
3.110600000000000170e-02 9.803300464926173463e-01
3.173499999999999932e-02 9.800428399770126919e-01
3.237600000000000200e-02 9.797488645471547075e-01
3.302999999999999686e-02 9.793932768515988263e-01
3.369699999999999779e-02 9.791398691348358607e-01
3.437799999999999884e-02 9.788281071183336790e-01
3.507199999999999901e-02 9.784555939347813203e-01
3.578100000000000031e-02 9.781371668164120514e-01
3.650400000000000172e-02 9.778186274509803599e-01
3.724100000000000327e-02 9.775618928235663141e-01
3.799299999999999899e-02 9.772465068580951097e-01
3.876099999999999685e-02 9.769346700740449974e-01
3.954400000000000276e-02 9.766273774444146349e-01
4.034299999999999692e-02 9.762605185742628811e-01
4.115800000000000014e-02 9.759709416037999352e-01
4.198899999999999855e-02 9.756236635780470845e-01
4.283800000000000108e-02 9.752889018097244955e-01
4.370299999999999879e-02 9.749703791469194192e-01
4.458600000000000063e-02 9.745909673527859418e-01
4.548599999999999866e-02 9.742232451093210122e-01
4.640500000000000180e-02 9.737129485179407684e-01
4.734300000000000314e-02 9.732857709076496722e-01
4.829900000000000165e-02 9.727858293075684060e-01
4.927499999999999936e-02 9.723698193411264290e-01
5.027000000000000218e-02 9.718742221853480245e-01
5.128599999999999826e-02 9.713780621264416215e-01
5.232200000000000045e-02 9.708771030830984916e-01
5.337900000000000283e-02 9.703690868133771907e-01
5.445699999999999846e-02 9.698461538461538023e-01
5.555700000000000222e-02 9.693076374018557706e-01
5.668000000000000121e-02 9.687443377423445856e-01
5.782500000000000140e-02 9.683357879234167909e-01
5.899299999999999683e-02 9.678053345811885588e-01
6.018400000000000138e-02 9.673271099257001460e-01
6.140000000000000319e-02 9.669772859638904317e-01
6.264100000000000223e-02 9.666303486529318478e-01
6.390600000000000447e-02 9.663612896694843135e-01
6.519700000000000495e-02 9.661819727009854919e-01
6.651400000000000368e-02 9.661180923220853423e-01
6.785800000000000165e-02 9.661800380269685018e-01
6.922899999999999887e-02 9.663695299837926633e-01
7.062699999999999534e-02 9.667263052722077088e-01
7.205400000000000693e-02 9.672410892397914628e-01
7.351000000000000589e-02 9.679283588038212205e-01
7.499400000000000510e-02 9.688065801044953851e-01
7.650899999999999368e-02 9.698587760591794726e-01
7.805499999999999938e-02 9.711180211222232295e-01
7.963199999999999446e-02 9.725361366622864434e-01
8.124099999999999377e-02 9.741118065390530489e-01
8.288199999999999734e-02 9.758391180722125746e-01
8.455600000000000616e-02 9.776736174371034593e-01
8.626399999999999346e-02 9.795897241248425757e-01
8.800700000000000189e-02 9.815167067437102766e-01
8.978500000000000369e-02 9.833848675632379521e-01
9.159799999999999887e-02 9.851883280939615073e-01
9.344900000000000428e-02 9.867986141531599475e-01
9.533700000000000507e-02 9.882562715199212366e-01
9.726300000000000223e-02 9.894221063257065962e-01
9.922699999999999576e-02 9.904036491952835641e-01
1.012300000000000005e-01 9.911290676737957162e-01
1.032799999999999968e-01 9.916580936619404651e-01
1.053599999999999953e-01 9.920829920829919990e-01
1.074900000000000022e-01 9.924585916535577645e-01
1.096599999999999936e-01 9.929393490079785334e-01
1.118799999999999933e-01 9.935734497146418986e-01
1.141400000000000053e-01 9.945387309284157151e-01
1.164400000000000018e-01 9.959355712780370018e-01
1.188000000000000028e-01 9.978588933316134835e-01
1.212000000000000022e-01 1.000399467376830831e+00
1.236499999999999960e-01 1.003644093531733894e+00
1.261400000000000021e-01 1.007672413793103461e+00
1.286899999999999988e-01 1.012459095139451870e+00
1.312899999999999900e-01 1.018061674008810646e+00
1.339400000000000035e-01 1.024360415151715387e+00
1.366499999999999937e-01 1.031244569561741820e+00
1.394100000000000061e-01 1.038380075956762960e+00
1.422299999999999953e-01 1.045515446158557404e+00
1.451000000000000068e-01 1.052284446576328136e+00
1.480299999999999949e-01 1.058361718036055388e+00
1.510199999999999876e-01 1.063600446620286855e+00
1.540700000000000125e-01 1.067909689391596251e+00
1.571799999999999864e-01 1.071496490830880832e+00
1.603600000000000025e-01 1.074445935316707290e+00
1.635999999999999954e-01 1.077202757578619385e+00
1.668999999999999928e-01 1.080086788813886089e+00
1.702799999999999869e-01 1.083769375061704121e+00
1.737100000000000033e-01 1.088578680203045712e+00
1.772199999999999886e-01 1.095113117421657734e+00
1.807999999999999885e-01 1.103324054363844953e+00
1.844600000000000128e-01 1.113399121556100768e+00
1.881799999999999862e-01 1.125112188117034728e+00
1.919800000000000118e-01 1.137970066658281931e+00
1.958600000000000063e-01 1.151533174729050923e+00
1.998199999999999976e-01 1.164946311049532390e+00
2.038600000000000134e-01 1.177257283308031477e+00
2.079699999999999882e-01 1.188086127991597074e+00
2.121800000000000075e-01 1.197366382649109218e+00
2.164600000000000135e-01 1.205193563804365153e+00
2.208299999999999985e-01 1.212492846046929973e+00
2.253000000000000003e-01 1.220169619615416812e+00
2.298499999999999988e-01 1.229471316085489319e+00
2.344900000000000040e-01 1.241218637992831608e+00
2.392299999999999982e-01 1.255759723906352043e+00
2.440599999999999992e-01 1.272815912636505731e+00
2.489899999999999891e-01 1.291855272972503466e+00
2.540200000000000236e-01 1.311998629095309843e+00
2.591499999999999915e-01 1.331630995979347976e+00
2.643900000000000139e-01 1.349721869132721519e+00
2.697300000000000253e-01 1.365795868038345739e+00
2.751799999999999802e-01 1.380473483665438206e+00
2.807399999999999896e-01 1.394799969047434862e+00
2.864099999999999979e-01 1.410384589748717055e+00
2.921900000000000053e-01 1.428591179317019177e+00
2.980999999999999761e-01 1.450166280358762272e+00
3.041200000000000014e-01 1.474565822118637737e+00
3.102599999999999802e-01 1.500786114080875366e+00
3.165299999999999780e-01 1.527304679159754874e+00
3.229199999999999848e-01 1.552768032857020586e+00
3.294500000000000206e-01 1.576673482087296518e+00
3.361000000000000099e-01 1.599723425832027202e+00
3.428899999999999726e-01 1.623408160923935917e+00
3.498200000000000198e-01 1.649371287817087195e+00
3.568899999999999850e-01 1.678542610638694033e+00
3.640900000000000247e-01 1.710501316982598441e+00
3.714500000000000024e-01 1.744172940805193583e+00
3.789500000000000091e-01 1.778088698678455426e+00
3.866100000000000092e-01 1.811200626882484066e+00
3.944199999999999928e-01 1.844065206316861882e+00
4.023900000000000254e-01 1.877668874172185642e+00
4.105199999999999960e-01 1.913541092112520658e+00
4.188100000000000156e-01 1.952409707844490638e+00
4.272699999999999831e-01 1.993608402100525145e+00
4.359000000000000097e-01 2.036072144288576968e+00
4.447099999999999942e-01 2.078713679399281755e+00
4.536899999999999822e-01 2.121789419969382973e+00
4.628599999999999937e-01 2.166140867037680273e+00
4.722100000000000186e-01 2.212736075692057547e+00
4.817400000000000015e-01 2.261964444101653982e+00
4.914799999999999724e-01 2.313327697943082573e+00
5.014100000000000223e-01 2.365832143157187595e+00
5.115300000000000402e-01 2.419493382417389871e+00
5.218699999999999450e-01 2.474805669867398361e+00
5.324100000000000499e-01 2.532452037797079392e+00
5.431700000000000417e-01 2.592168194499800293e+00
5.541399999999999659e-01 2.654026217228464102e+00
5.653299999999999992e-01 2.718018360584496751e+00
5.767499999999999849e-01 2.784081239008339370e+00
5.884000000000000341e-01 2.852224921490785992e+00
6.002899999999999903e-01 2.922634152379773642e+00
6.124199999999999644e-01 2.995344626923574172e+00
6.247899999999999565e-01 3.070391136931702736e+00
6.374100000000000321e-01 3.147878873438272329e+00
6.502900000000000347e-01 3.228017114192977211e+00
6.634200000000000097e-01 3.310717039321511290e+00
6.768300000000000427e-01 3.396115409413281494e+00
6.905000000000000027e-01 3.484118291347206853e+00
7.044500000000000206e-01 3.575367809003611619e+00
7.186799999999999855e-01 3.669184707508061027e+00
7.331999999999999629e-01 3.766258791791116334e+00
7.480099999999999527e-01 3.866208467282749695e+00
7.631200000000000205e-01 3.969427020188708521e+00
7.785400000000000098e-01 4.075973660699514056e+00
7.942599999999999660e-01 4.185767375297186454e+00
8.103099999999999747e-01 4.298896108601656607e+00
8.266799999999999704e-01 4.415512185256345923e+00
8.433800000000000185e-01 4.535676011801595742e+00
8.604100000000000081e-01 4.659501682755563756e+00
8.778000000000000247e-01 4.787002667903954567e+00
8.955300000000000482e-01 4.918174641729414986e+00
9.136199999999999877e-01 5.053172042156130139e+00
9.320800000000000196e-01 5.192096414422213257e+00
9.509100000000000330e-01 5.334797691891985494e+00
9.701100000000000279e-01 5.481568040314777512e+00
9.897099999999999786e-01 5.632434499904379166e+00
1.009700000000000042e+00 5.787375548388388857e+00
1.030100000000000016e+00 5.946445060018467288e+00
1.050899999999999945e+00 6.109572176054170356e+00
1.072100000000000053e+00 6.277178920213746238e+00
1.093800000000000106e+00 6.449067258730121210e+00
1.115899999999999892e+00 6.625281310845323901e+00
1.138400000000000079e+00 6.806041335453100416e+00
1.161399999999999988e+00 6.991170100516465702e+00
1.184900000000000064e+00 7.180852611668848695e+00
1.208800000000000097e+00 7.375339290615755772e+00
1.233300000000000063e+00 7.574478966884030662e+00
1.258199999999999985e+00 7.778001139142962650e+00
1.283600000000000074e+00 7.986864749060513802e+00
1.309500000000000108e+00 8.200427067226272015e+00
1.336000000000000076e+00 8.418371285218062994e+00
1.362999999999999989e+00 8.641660597232338148e+00
1.390500000000000069e+00 8.869845579501104638e+00
1.418600000000000083e+00 9.103242738312351534e+00
1.447200000000000042e+00 9.341417910447761486e+00
1.476499999999999924e+00 9.584291094048026594e+00
1.506299999999999972e+00 9.832290491332443594e+00
1.536699999999999955e+00 1.008552065404474973e+01
1.567800000000000082e+00 1.034410785806961108e+01
1.599399999999999933e+00 1.060762039995266726e+01
1.631799999999999917e+00 1.087558175612783096e+01
1.664700000000000069e+00 1.114951506867148368e+01
1.698399999999999910e+00 1.142837634849105477e+01
1.732699999999999907e+00 1.171262803524102836e+01
1.767700000000000049e+00 1.200105199879771689e+01
1.803399999999999892e+00 1.229483642096964857e+01
1.839800000000000102e+00 1.259470636889991901e+01
1.877000000000000002e+00 1.289855072463768160e+01
1.914900000000000047e+00 1.320706610817701687e+01
1.953600000000000003e+00 1.352092489967513878e+01
1.993000000000000105e+00 1.383981390498726682e+01
2.033300000000000107e+00 1.416290497385228875e+01
2.074399999999999800e+00 1.449142529014874547e+01
2.116299999999999848e+00 1.482528828881033611e+01
2.158999999999999808e+00 1.516220457116444287e+01
2.202599999999999891e+00 1.550590488349824625e+01
2.247100000000000097e+00 1.585231841329402513e+01
2.292499999999999982e+00 1.620408794857006285e+01
2.338799999999999990e+00 1.655985114740541775e+01
2.386099999999999888e+00 1.691935633894521374e+01
2.434299999999999908e+00 1.728403098756591305e+01
2.483499999999999819e+00 1.765228534814182026e+01
2.533599999999999852e+00 1.802590506260987979e+01
2.584799999999999986e+00 1.840249392529525707e+01
2.637000000000000011e+00 1.878322784810126578e+01
2.690300000000000136e+00 1.916820702402957721e+01
2.744699999999999918e+00 1.955639884846898724e+01
2.800100000000000033e+00 1.994869680729238226e+01
2.856700000000000017e+00 2.034394843178756673e+01
2.914400000000000102e+00 2.074342587212974109e+01
2.973300000000000054e+00 2.114586649686936326e+01
3.033300000000000107e+00 2.155185866354566926e+01
3.094599999999999795e+00 2.196136396897409782e+01
3.157099999999999795e+00 2.237348582672323616e+01
3.220899999999999874e+00 2.278945838581532968e+01
3.286000000000000032e+00 2.320814249363867887e+01
3.352300000000000058e+00 2.362975371565028482e+01
3.420100000000000140e+00 2.405414513592451442e+01
3.489199999999999857e+00 2.448168692710177297e+01
3.559600000000000097e+00 2.491072166652888953e+01
3.631600000000000161e+00 2.534352471119603933e+01
3.704899999999999860e+00 2.577849776398649340e+01
3.779799999999999827e+00 2.621577559338287955e+01
3.856100000000000083e+00 2.665625314924922051e+01
3.934000000000000163e+00 2.709875562615832578e+01
4.013499999999999623e+00 2.754312743461324331e+01
4.094599999999999795e+00 2.798935610269606400e+01
4.177299999999999791e+00 2.843874854016841880e+01
4.261700000000000266e+00 2.888946314361393064e+01
4.347800000000000331e+00 2.934401738421839312e+01
4.435599999999999987e+00 2.979871520342612357e+01
4.525199999999999889e+00 3.025510204081632537e+01
4.616600000000000037e+00 3.071377868917106824e+01
4.709900000000000198e+00 3.117403200397976804e+01
4.804999999999999716e+00 3.163790097629009779e+01
4.902099999999999902e+00 3.210135630498534454e+01
5.001100000000000101e+00 3.256575778013295519e+01
5.102100000000000080e+00 3.303548815204287337e+01
5.205199999999999605e+00 3.350412237158865736e+01
5.310399999999999565e+00 3.397551495872489369e+01
5.417600000000000193e+00 3.444795175614237337e+01
5.527099999999999902e+00 3.492203079133482646e+01
5.638700000000000045e+00 3.539701974678268215e+01
5.752600000000000158e+00 3.587397260273972677e+01
5.868900000000000006e+00 3.635263438458989782e+01
5.987400000000000055e+00 3.683269437667630797e+01
6.108399999999999608e+00 3.731471741417232124e+01
6.231799999999999784e+00 3.779778370131938914e+01
6.357700000000000351e+00 3.828166331605120831e+01
6.486100000000000421e+00 3.876748413905687585e+01
6.617099999999999760e+00 3.925490808321298886e+01
6.750799999999999912e+00 3.974295803564096019e+01
6.887199999999999989e+00 4.023370844763159226e+01
7.026299999999999990e+00 4.072676862941163023e+01
7.168199999999999683e+00 4.121993209315671436e+01
7.312999999999999723e+00 4.171635595139255770e+01
7.460799999999999876e+00 4.221269160511476315e+01
7.611500000000000377e+00 4.271227991976822125e+01
7.765299999999999869e+00 4.321479874527278042e+01
7.922100000000000364e+00 4.371567841056334203e+01
8.082200000000000273e+00 4.422221500698074692e+01
8.245400000000000063e+00 4.472731000546746571e+01
8.412000000000000810e+00 4.523612559795705579e+01
8.581899999999999196e+00 4.574673480976717599e+01
8.755300000000000082e+00 4.625806965808560278e+01
8.932199999999999918e+00 4.676790133814337480e+01
9.112600000000000477e+00 4.728196069772576493e+01
9.296699999999999520e+00 4.779859593658468953e+01
9.484500000000000597e+00 4.831718061674008879e+01
9.676099999999999923e+00 4.883580705009276812e+01
9.871600000000000819e+00 4.935912741480355947e+01
1.007099999999999973e+01 4.988400662819267239e+01
