# # k[h/Mpc], Boost (P^NLCDM_NL/P^NLCDM_L)
1.000000000000000048e-04 1.000000000000000000e+00
1.020200000000000024e-04 1.000000000000000000e+00
1.040800000000000064e-04 1.000000000000000000e+00
1.061800000000000032e-04 1.000000000000000000e+00
1.083300000000000013e-04 1.000000000000000000e+00
1.105200000000000057e-04 1.000000000000000000e+00
1.127500000000000030e-04 1.000000000000000000e+00
1.150300000000000015e-04 1.000000000000000000e+00
1.173500000000000064e-04 1.000000000000000000e+00
1.197199999999999989e-04 1.000000000000000000e+00
1.221399999999999927e-04 1.000000000000000000e+00
1.246099999999999877e-04 1.000000000000000000e+00
1.271199999999999891e-04 1.000000000000000000e+00
1.296899999999999865e-04 1.000000000000000000e+00
1.323100000000000122e-04 1.000000000000000000e+00
1.349900000000000069e-04 1.000000000000000000e+00
1.377100000000000080e-04 1.000000000000000000e+00
1.404900000000000051e-04 1.000000000000000000e+00
1.433299999999999982e-04 1.000000000000000000e+00
1.462299999999999874e-04 1.000000000000000000e+00
1.491800000000000049e-04 1.000000000000000000e+00
1.522000000000000132e-04 1.000000000000000000e+00
1.552699999999999957e-04 1.000000000000000000e+00
1.584099999999999961e-04 1.000000000000000000e+00
1.616099999999999926e-04 1.000000000000000000e+00
1.648700000000000122e-04 1.000000000000000000e+00
1.681999999999999956e-04 1.000000000000000000e+00
1.715999999999999969e-04 1.000000000000000000e+00
1.750699999999999891e-04 1.000000000000000000e+00
1.786000000000000044e-04 1.000000000000000000e+00
1.822100000000000054e-04 1.000000000000000000e+00
1.858899999999999973e-04 1.000000000000000000e+00
1.896500000000000020e-04 1.000000000000000000e+00
1.934799999999999975e-04 1.000000000000000000e+00
1.973900000000000058e-04 1.000000000000000000e+00
2.013799999999999998e-04 1.000000000000000000e+00
2.054400000000000117e-04 1.000000000000000000e+00
2.095900000000000042e-04 1.000000000000000000e+00
2.138300000000000042e-04 1.000000000000000000e+00
2.181499999999999900e-04 1.000000000000000000e+00
2.225499999999999885e-04 1.000000000000000000e+00
2.270499999999999895e-04 1.000000000000000000e+00
2.316399999999999980e-04 1.000000000000000000e+00
2.363199999999999871e-04 1.000000000000000000e+00
2.410900000000000109e-04 1.000000000000000000e+00
2.459599999999999829e-04 1.000000000000000000e+00
2.509300000000000115e-04 1.000000000000000000e+00
2.559999999999999884e-04 1.000000000000000000e+00
2.611700000000000219e-04 1.000000000000000000e+00
2.664499999999999985e-04 1.000000000000000000e+00
2.718299999999999775e-04 1.000000000000000000e+00
2.773200000000000079e-04 1.000000000000000000e+00
2.829199999999999814e-04 1.000000000000000000e+00
2.886400000000000012e-04 1.000000000000000000e+00
2.944700000000000182e-04 1.000000000000000000e+00
3.004199999999999731e-04 1.000000000000000000e+00
3.064899999999999743e-04 1.000000000000000000e+00
3.126800000000000217e-04 1.000000000000000000e+00
3.189900000000000070e-04 1.000000000000000000e+00
3.254399999999999741e-04 1.000000000000000000e+00
3.320099999999999874e-04 1.000000000000000000e+00
3.387199999999999825e-04 1.000000000000000000e+00
3.455600000000000186e-04 1.000000000000000000e+00
3.525399999999999823e-04 1.000000000000000000e+00
3.596599999999999819e-04 1.000000000000000000e+00
3.669300000000000122e-04 1.000000000000000000e+00
3.743400000000000243e-04 1.000000000000000000e+00
3.819000000000000129e-04 1.000000000000000000e+00
3.896200000000000271e-04 1.000000000000000000e+00
3.974900000000000178e-04 1.000000000000000000e+00
4.055199999999999799e-04 1.000000000000000000e+00
4.137100000000000217e-04 1.000000000000000000e+00
4.220699999999999756e-04 1.000000000000000000e+00
4.306000000000000040e-04 1.000000000000000000e+00
4.392900000000000038e-04 1.000000000000000000e+00
4.481700000000000137e-04 1.000000000000000000e+00
4.572199999999999897e-04 1.000000000000000000e+00
4.664599999999999758e-04 1.000000000000000000e+00
4.758799999999999771e-04 1.000000000000000000e+00
4.854999999999999832e-04 1.000000000000000000e+00
4.952999999999999504e-04 1.000000000000000000e+00
5.053100000000000256e-04 1.000000000000000000e+00
5.155199999999999973e-04 1.000000000000000000e+00
5.259299999999999739e-04 1.000000000000000000e+00
5.365600000000000534e-04 1.000000000000000000e+00
5.473900000000000293e-04 1.000000000000000000e+00
5.584500000000000488e-04 1.000000000000000000e+00
5.697299999999999543e-04 1.000000000000000000e+00
5.812400000000000119e-04 1.000000000000000000e+00
5.929900000000000535e-04 1.000000000000000000e+00
6.049599999999999813e-04 1.000000000000000000e+00
6.171899999999999912e-04 1.000000000000000000e+00
6.296500000000000447e-04 1.000000000000000000e+00
6.423699999999999636e-04 1.000000000000000000e+00
6.553499999999999647e-04 1.000000000000000000e+00
6.685900000000000480e-04 1.000000000000000000e+00
6.821000000000000457e-04 1.000000000000000000e+00
6.958799999999999578e-04 1.000000000000000000e+00
7.099300000000000012e-04 1.000000000000000000e+00
7.242699999999999486e-04 1.000000000000000000e+00
7.389099999999999575e-04 1.000000000000000000e+00
7.538300000000000382e-04 1.000000000000000000e+00
7.690600000000000127e-04 1.000000000000000000e+00
7.845999999999999893e-04 1.000000000000000000e+00
8.004499999999999680e-04 1.000000000000000000e+00
8.166199999999999978e-04 1.000000000000000000e+00
8.331099999999999704e-04 1.000000000000000000e+00
8.499399999999999837e-04 1.000000000000000000e+00
8.671100000000000379e-04 1.000000000000000000e+00
8.846299999999999650e-04 1.000000000000000000e+00
9.024999999999999819e-04 1.000000000000000000e+00
9.207300000000000293e-04 1.000000000000000000e+00
9.393300000000000477e-04 1.000000000000000000e+00
9.583099999999999778e-04 1.000000000000000000e+00
9.776699999999999280e-04 1.000000000000000000e+00
9.974199999999999473e-04 1.000000000000000000e+00
1.017600000000000015e-03 1.000000000000000000e+00
1.038099999999999917e-03 1.000000000000000000e+00
1.059100000000000102e-03 1.000000000000000000e+00
1.080500000000000080e-03 1.000000000000000000e+00
1.102300000000000068e-03 1.000000000000000000e+00
1.124599999999999905e-03 1.000000000000000000e+00
1.147299999999999969e-03 1.000000000000000000e+00
1.170500000000000099e-03 1.000000000000000000e+00
1.194100000000000023e-03 1.000000000000000000e+00
1.218200000000000012e-03 1.000000000000000000e+00
1.242899999999999908e-03 1.000000000000000000e+00
1.268000000000000030e-03 1.000000000000000000e+00
1.293600000000000002e-03 1.000000000000000000e+00
1.319700000000000040e-03 1.000000000000000000e+00
1.346399999999999984e-03 1.000000000000000000e+00
1.373599999999999995e-03 1.000000000000000000e+00
1.401300000000000072e-03 1.000000000000000000e+00
1.429600000000000055e-03 1.000000000000000000e+00
1.458499999999999944e-03 1.000000000000000000e+00
1.487999999999999956e-03 1.000000000000000000e+00
1.518000000000000035e-03 1.000000000000000000e+00
1.548700000000000077e-03 1.000000000000000000e+00
1.580000000000000024e-03 1.000000000000000000e+00
1.611900000000000095e-03 1.000000000000000000e+00
1.644499999999999912e-03 1.000000000000000000e+00
1.677700000000000068e-03 1.000000000000000000e+00
1.711599999999999970e-03 1.000000000000000000e+00
1.746200000000000052e-03 1.000000000000000000e+00
1.781400000000000041e-03 1.000000000000000000e+00
1.817400000000000048e-03 1.000000000000000000e+00
1.854100000000000019e-03 1.000000000000000000e+00
1.891600000000000009e-03 1.000000000000000000e+00
1.929799999999999962e-03 1.000000000000000000e+00
1.968800000000000151e-03 1.000000000000000000e+00
2.008600000000000142e-03 1.000000000000000000e+00
2.049099999999999880e-03 1.000000000000000000e+00
2.090499999999999910e-03 1.000000000000000000e+00
2.132799999999999800e-03 1.000000000000000000e+00
2.175799999999999870e-03 1.000000000000000000e+00
2.219800000000000072e-03 1.000000000000000000e+00
2.264599999999999860e-03 1.000000000000000000e+00
2.310400000000000214e-03 1.000000000000000000e+00
2.357099999999999994e-03 1.000000000000000000e+00
2.404700000000000067e-03 1.000000000000000000e+00
2.453299999999999838e-03 1.000000000000000000e+00
2.502799999999999903e-03 1.000000000000000000e+00
2.553399999999999941e-03 1.000000000000000000e+00
2.605000000000000111e-03 1.000000000000000000e+00
2.657599999999999980e-03 1.000000000000000000e+00
2.711299999999999821e-03 1.000000000000000000e+00
2.765999999999999796e-03 1.000000000000000000e+00
2.821900000000000016e-03 1.000000000000000000e+00
2.878900000000000209e-03 1.000000000000000000e+00
2.937100000000000214e-03 1.000000000000000000e+00
2.996400000000000192e-03 1.000000000000000000e+00
3.056899999999999982e-03 1.000000000000000000e+00
3.118699999999999858e-03 1.000012081088264448e+00
3.181699999999999980e-03 1.000000000000000000e+00
3.246000000000000187e-03 1.000000000000000000e+00
3.311500000000000207e-03 9.999884970207283397e-01
3.378400000000000153e-03 9.999886817651920667e-01
3.446700000000000024e-03 9.999888626542523529e-01
3.516299999999999981e-03 1.000000000000000000e+00
3.587400000000000137e-03 1.000010786671987839e+00
3.659799999999999946e-03 1.000021233676611221e+00
3.733799999999999793e-03 1.000031351893654552e+00
3.809199999999999999e-03 1.000020575496641140e+00
3.886099999999999971e-03 1.000000000000000000e+00
3.964600000000000415e-03 9.999002792181890253e-01
4.044700000000000031e-03 9.999018067556951772e-01
4.126399999999999686e-03 9.999032975534281054e-01
4.209799999999999653e-03 9.999047619047618518e-01
4.294799999999999660e-03 1.000000000000000000e+00
4.381600000000000251e-03 1.000184808722971663e+00
4.470100000000000288e-03 1.000364132908511561e+00
4.560400000000000044e-03 1.000448470714862426e+00
4.652500000000000385e-03 1.000265134776844977e+00
4.746499999999999851e-03 9.998258143180630553e-01
4.842400000000000176e-03 9.991416309012876029e-01
4.940199999999999626e-03 9.983078094593451635e-01
5.040000000000000209e-03 9.974142964384018484e-01
5.141899999999999596e-03 9.966282894736842035e-01
5.245699999999999842e-03 9.960269196464769381e-01
5.351700000000000033e-03 9.956820726051495152e-01
5.459799999999999896e-03 9.955835962145110907e-01
5.570099999999999704e-03 9.956437183975106464e-01
5.682600000000000325e-03 9.957025554447087590e-01
5.797400000000000296e-03 9.957598243355796352e-01
5.914499999999999619e-03 9.957411835026898084e-01
6.034000000000000301e-03 9.956496092021825950e-01
6.155899999999999740e-03 9.955604075691412147e-01
6.280299999999999945e-03 9.954019685322221811e-01
6.407200000000000048e-03 9.952475528443750497e-01
6.536600000000000049e-03 9.951670519016599936e-01
6.668600000000000222e-03 9.950885445489762171e-01
6.803299999999999972e-03 9.949439737633233305e-01
6.940799999999999574e-03 9.948700641241984277e-01
7.080999999999999621e-03 9.947979191676670219e-01
7.224000000000000386e-03 9.946615698938904293e-01
7.369999999999999815e-03 9.945284002084419095e-01
7.518900000000000236e-03 9.944623309723116256e-01
7.670800000000000188e-03 9.943340972752737761e-01
7.825699999999999670e-03 9.942083726786276054e-01
7.983799999999999231e-03 9.940850507440383010e-01
8.145100000000000603e-03 9.939644022910636423e-01
8.309600000000000319e-03 9.938455913716409684e-01
8.477500000000000660e-03 9.937288953207911169e-01
8.648799999999999891e-03 9.936142277393172906e-01
8.823499999999999746e-03 9.934424292550363411e-01
9.001699999999999632e-03 9.932732802994852506e-01
9.183600000000000096e-03 9.931645716271795266e-01
9.369099999999999998e-03 9.930571494147348854e-01
9.558300000000000476e-03 9.928376534788539987e-01
9.751400000000000345e-03 9.927336224863403391e-01
9.948399999999999604e-03 9.925748101831174397e-01
1.014900000000000004e-02 9.924175337613460046e-01
1.035400000000000036e-02 9.922621007573263485e-01
1.056400000000000047e-02 9.921079845425352373e-01
1.077700000000000012e-02 9.919550780195454109e-01
1.099499999999999957e-02 9.917497053466195478e-01
1.121699999999999954e-02 9.915988727601424690e-01
1.144300000000000005e-02 9.913961467405647543e-01
1.167499999999999961e-02 9.912469206981497916e-01
1.191000000000000045e-02 9.910458639179551277e-01
1.215100000000000034e-02 9.908456167571760842e-01
1.239700000000000003e-02 9.906460399856092947e-01
1.264700000000000026e-02 9.904465106774292815e-01
1.290200000000000027e-02 9.902468759524535313e-01
1.316299999999999935e-02 9.900469863082907995e-01
1.342899999999999996e-02 9.897964312641367446e-01
1.370000000000000037e-02 9.895458183273309061e-01
1.397699999999999984e-02 9.893934867045115489e-01
1.425900000000000084e-02 9.891406753607377977e-01
1.454699999999999917e-02 9.888866936678850639e-01
1.484100000000000003e-02 9.886799881878137741e-01
1.514099999999999994e-02 9.883732339089481567e-01
1.544700000000000066e-02 9.881132906129237448e-01
1.575899999999999870e-02 9.878988972382161116e-01
1.607700000000000101e-02 9.876332830225424964e-01
1.640199999999999991e-02 9.873153188180404660e-01
1.673399999999999888e-02 9.870419801019170158e-01
1.707200000000000037e-02 9.867642780956075166e-01
1.741600000000000092e-02 9.864819031929841220e-01
1.776799999999999907e-02 9.861945359426467217e-01
1.812700000000000075e-02 9.858527131782945929e-01
1.849299999999999902e-02 9.855529160808649269e-01
1.886699999999999836e-02 9.851984858778995990e-01
1.924800000000000122e-02 9.848845686512758268e-01
1.963700000000000168e-02 9.845629413196981261e-01
2.003399999999999972e-02 9.842323651452281608e-01
2.043800000000000130e-02 9.838930774503084065e-01
2.085100000000000148e-02 9.834954317712938376e-01
2.127199999999999924e-02 9.831352630800335168e-01
2.170199999999999907e-02 9.827645980882571131e-01
2.214100000000000096e-02 9.823819240531528330e-01
2.258800000000000044e-02 9.819864898674005582e-01
2.304399999999999851e-02 9.815774903105652927e-01
2.350999999999999965e-02 9.811540604893864703e-01
2.398499999999999938e-02 9.807162534435261980e-01
2.446900000000000117e-02 9.803125321270690362e-01
2.496400000000000008e-02 9.798414261284137394e-01
2.546800000000000105e-02 9.794040773653946985e-01
2.598200000000000162e-02 9.789490345045900321e-01
2.650699999999999931e-02 9.784751451862112592e-01
2.704300000000000107e-02 9.780349932705248994e-01
2.758899999999999894e-02 9.775213628694279233e-01
2.814600000000000088e-02 9.769849135557757691e-01
2.871500000000000094e-02 9.765368110126512180e-01
2.929500000000000159e-02 9.759552971722075254e-01
2.988700000000000037e-02 9.755190756735113711e-01
3.048999999999999974e-02 9.749463550426259451e-01
3.110600000000000170e-02 9.744072483379420113e-01
3.173499999999999932e-02 9.738445001791472544e-01
3.237600000000000200e-02 9.733155436957972029e-01
3.302999999999999686e-02 9.727631254621641466e-01
3.369699999999999779e-02 9.721247807567026111e-01
3.437799999999999884e-02 9.715851172273191061e-01
3.507199999999999901e-02 9.710229482691559166e-01
3.578100000000000031e-02 9.703728142527219269e-01
3.650400000000000172e-02 9.698293240155893002e-01
3.724100000000000327e-02 9.691991786447639035e-01
3.799299999999999899e-02 9.686148695773468820e-01
3.876099999999999685e-02 9.679414273528575974e-01
3.954400000000000276e-02 9.673188405797101819e-01
4.034299999999999692e-02 9.667504063839219564e-01
4.115800000000000014e-02 9.660965870564303115e-01
4.198899999999999855e-02 9.653529999231773573e-01
4.283800000000000108e-02 9.647473560517039193e-01
4.370299999999999879e-02 9.640575079872204523e-01
4.458600000000000063e-02 9.634364820846905708e-01
4.548599999999999866e-02 9.627324037184594729e-01
4.640500000000000180e-02 9.620199627812552334e-01
4.734300000000000314e-02 9.613031112643282139e-01
4.829900000000000165e-02 9.606741573033708015e-01
4.927499999999999936e-02 9.599642537980339618e-01
5.027000000000000218e-02 9.592616168045831060e-01
5.128599999999999826e-02 9.584835876098012353e-01
5.232200000000000045e-02 9.577186883397538208e-01
5.337900000000000283e-02 9.570610687022901297e-01
5.445699999999999846e-02 9.562215551467028174e-01
5.555700000000000222e-02 9.554955308908751332e-01
5.668000000000000121e-02 9.546948123070795322e-01
5.782500000000000140e-02 9.539111922754835993e-01
5.899299999999999683e-02 9.531352190974492489e-01
6.018400000000000138e-02 9.523449867050171047e-01
6.140000000000000319e-02 9.515691592406043675e-01
6.264100000000000223e-02 9.507724257771940080e-01
6.390600000000000447e-02 9.500000000000000666e-01
6.519700000000000495e-02 9.492347243163501425e-01
6.651400000000000368e-02 9.484812224869090258e-01
6.785800000000000165e-02 9.477538953966526680e-01
6.922899999999999887e-02 9.470455133905956169e-01
7.062699999999999534e-02 9.463829301688726492e-01
7.205400000000000693e-02 9.457472914158717714e-01
7.351000000000000589e-02 9.451536309565790051e-01
7.499400000000000510e-02 9.446071108455332821e-01
7.650899999999999368e-02 9.441132093838217054e-01
7.805499999999999938e-02 9.436820685890118243e-01
7.963199999999999446e-02 9.433242506811989614e-01
8.124099999999999377e-02 9.430431455953105502e-01
8.288199999999999734e-02 9.428320725367935751e-01
8.455600000000000616e-02 9.427131698257497083e-01
8.626399999999999346e-02 9.427025507694469786e-01
8.800700000000000189e-02 9.427652360390644803e-01
8.978500000000000369e-02 9.429512122119125817e-01
9.159799999999999887e-02 9.432317790575266425e-01
9.344900000000000428e-02 9.436346434470261890e-01
9.533700000000000507e-02 9.441626897687026565e-01
9.726300000000000223e-02 9.448020015529290383e-01
9.922699999999999576e-02 9.455857856746251455e-01
1.012300000000000005e-01 9.464428457234211889e-01
1.032799999999999968e-01 9.474374301029656609e-01
1.053599999999999953e-01 9.485396939550121420e-01
1.074900000000000022e-01 9.497272501859657101e-01
1.096599999999999936e-01 9.509490296438473100e-01
1.118799999999999933e-01 9.522450323855528032e-01
1.141400000000000053e-01 9.535596735650840872e-01
1.164400000000000018e-01 9.549210599205983918e-01
1.188000000000000028e-01 9.563034716821042780e-01
1.212000000000000022e-01 9.577221328595778571e-01
1.236499999999999960e-01 9.591682327386327200e-01
1.261400000000000021e-01 9.607284440039642881e-01
1.286899999999999988e-01 9.623969434948723700e-01
1.312899999999999900e-01 9.641709593512520771e-01
1.339400000000000035e-01 9.661798218355086565e-01
1.366499999999999937e-01 9.683886093622401381e-01
1.394100000000000061e-01 9.708513553448137046e-01
1.422299999999999953e-01 9.736140505180991278e-01
1.451000000000000068e-01 9.767441860465116976e-01
1.480299999999999949e-01 9.801879382073137581e-01
1.510199999999999876e-01 9.840748991510626098e-01
1.540700000000000125e-01 9.883393772664749166e-01
1.571799999999999864e-01 9.930962615605053445e-01
1.603600000000000025e-01 9.983339000340020197e-01
1.635999999999999954e-01 1.004053045116791720e+00
1.668999999999999928e-01 1.010149830836152729e+00
1.702799999999999869e-01 1.016579948745825801e+00
1.737100000000000033e-01 1.023129801860088950e+00
1.772199999999999886e-01 1.029780630007130604e+00
1.807999999999999885e-01 1.036244749491187722e+00
1.844600000000000128e-01 1.042450941129354991e+00
1.881799999999999862e-01 1.048547226523362630e+00
1.919800000000000118e-01 1.054512501161817939e+00
1.958600000000000063e-01 1.060458289934665510e+00
1.998199999999999976e-01 1.066595939624825462e+00
2.038600000000000134e-01 1.073150334513970794e+00
2.079699999999999882e-01 1.080300055379348700e+00
2.121800000000000075e-01 1.088363184594678623e+00
2.164600000000000135e-01 1.097383487613034392e+00
2.208299999999999985e-01 1.107559755419677661e+00
2.253000000000000003e-01 1.118861251232098342e+00
2.298499999999999988e-01 1.131199223960227762e+00
2.344900000000000040e-01 1.144379599086526200e+00
2.392299999999999982e-01 1.157971494862446216e+00
2.440599999999999992e-01 1.171523270266537686e+00
2.489899999999999891e-01 1.184649531037445414e+00
2.540200000000000236e-01 1.197089458521090277e+00
2.591499999999999915e-01 1.208772861804659593e+00
2.643900000000000139e-01 1.220079321875729095e+00
2.697300000000000253e-01 1.231498446586473561e+00
2.751799999999999802e-01 1.243744889615699067e+00
2.807399999999999896e-01 1.257583417593528763e+00
2.864099999999999979e-01 1.273052429555962650e+00
2.921900000000000053e-01 1.290808456582887231e+00
2.980999999999999761e-01 1.310204468004543488e+00
3.041200000000000014e-01 1.330894710825506699e+00
3.102599999999999802e-01 1.351931109163100109e+00
3.165299999999999780e-01 1.372631037034653501e+00
3.229199999999999848e-01 1.392323501638615735e+00
3.294500000000000206e-01 1.410864978902953704e+00
3.361000000000000099e-01 1.429043917881357872e+00
3.428899999999999726e-01 1.447858586350466270e+00
3.498200000000000198e-01 1.468132199808843685e+00
3.568899999999999850e-01 1.490959339842782505e+00
3.640900000000000247e-01 1.516474576271186647e+00
3.714500000000000024e-01 1.543983607715678552e+00
3.789500000000000091e-01 1.572452991327139227e+00
3.866100000000000092e-01 1.600680032470018777e+00
3.944199999999999928e-01 1.628235892383237626e+00
4.023900000000000254e-01 1.654903509204876277e+00
4.105199999999999960e-01 1.681512619343419557e+00
4.188100000000000156e-01 1.709668323287864444e+00
4.272699999999999831e-01 1.740320781287148844e+00
4.359000000000000097e-01 1.773678204640547929e+00
4.447099999999999942e-01 1.809195675418795224e+00
4.536899999999999822e-01 1.845554593792506415e+00
4.628599999999999937e-01 1.881748071979434389e+00
4.722100000000000186e-01 1.917608076854651955e+00
4.817400000000000015e-01 1.953789364401891770e+00
4.914799999999999724e-01 1.991593821099269634e+00
5.014100000000000223e-01 2.031836511176382754e+00
5.115300000000000402e-01 2.074645807972234746e+00
5.218699999999999450e-01 2.119190121859160669e+00
5.324100000000000499e-01 2.164362045269682788e+00
5.431700000000000417e-01 2.210032079323418053e+00
5.541399999999999659e-01 2.256334869059165804e+00
5.653299999999999992e-01 2.304579406851775758e+00
5.767499999999999849e-01 2.355261863378480314e+00
5.884000000000000341e-01 2.408193922840560219e+00
6.002899999999999903e-01 2.462643065330205605e+00
6.124199999999999644e-01 2.518258167153797356e+00
6.247899999999999565e-01 2.575560348147577283e+00
6.374100000000000321e-01 2.634526720923705767e+00
6.502900000000000347e-01 2.695300108523249083e+00
6.634200000000000097e-01 2.758160559829617497e+00
6.768300000000000427e-01 2.823004843601466529e+00
6.905000000000000027e-01 2.889947189739720645e+00
7.044500000000000206e-01 2.959031291447659306e+00
7.186799999999999855e-01 3.030352664175666622e+00
7.331999999999999629e-01 3.103963300794793767e+00
7.480099999999999527e-01 3.179973312576448219e+00
7.631200000000000205e-01 3.258258954445345967e+00
7.785400000000000098e-01 3.339114145869841010e+00
7.942599999999999660e-01 3.422342637514963926e+00
8.103099999999999747e-01 3.508114856429462858e+00
8.266799999999999704e-01 3.596422697368421240e+00
8.433800000000000185e-01 3.687468725427121896e+00
8.604100000000000081e-01 3.780984340044742709e+00
8.778000000000000247e-01 3.877460515054850898e+00
8.955300000000000482e-01 3.976861248680684913e+00
9.136199999999999877e-01 4.079223860362650278e+00
9.320800000000000196e-01 4.184487485628372028e+00
9.509100000000000330e-01 4.292559084194978780e+00
9.701100000000000279e-01 4.404048192771084835e+00
9.897099999999999786e-01 4.518573685852597777e+00
1.009700000000000042e+00 4.636397078143885686e+00
1.030100000000000016e+00 4.757456337749871089e+00
1.050899999999999945e+00 4.881835590363380106e+00
1.072100000000000053e+00 5.009703387800086283e+00
1.093800000000000106e+00 5.140811575337322026e+00
1.115899999999999892e+00 5.275390752730364063e+00
1.138400000000000079e+00 5.413499917983486398e+00
1.161399999999999988e+00 5.554999928562243561e+00
1.184900000000000064e+00 5.700182214654837765e+00
1.208800000000000097e+00 5.848817963211642379e+00
1.233300000000000063e+00 6.000979591836734350e+00
1.258199999999999985e+00 6.156696032233831772e+00
1.283600000000000074e+00 6.316221765913757835e+00
1.309500000000000108e+00 6.479036324586796347e+00
1.336000000000000076e+00 6.645502852230992019e+00
1.362999999999999989e+00 6.815385558666640087e+00
1.390500000000000069e+00 6.988923103241809542e+00
1.418600000000000083e+00 7.166096081985186217e+00
1.447200000000000042e+00 7.346446551926004709e+00
1.476499999999999924e+00 7.530573732323603942e+00
1.506299999999999972e+00 7.717664563131702238e+00
1.536699999999999955e+00 7.908375627702140420e+00
1.567800000000000082e+00 8.102333427045262937e+00
1.599399999999999933e+00 8.299237629882552980e+00
1.631799999999999917e+00 8.499568487239550052e+00
1.664700000000000069e+00 8.702795171389839268e+00
1.698399999999999910e+00 8.908832775580570740e+00
1.732699999999999907e+00 9.118396827644810188e+00
1.767700000000000049e+00 9.330218068535826248e+00
1.803399999999999892e+00 9.544677544677545811e+00
1.839800000000000102e+00 9.761895071024461856e+00
1.877000000000000002e+00 9.981663113006396415e+00
1.914900000000000047e+00 1.020420930336476140e+01
1.953600000000000003e+00 1.042843095940441067e+01
1.993000000000000105e+00 1.065508611806271055e+01
2.033300000000000107e+00 1.088351761378246252e+01
2.074399999999999800e+00 1.111470461405778387e+01
2.116299999999999848e+00 1.134696875529690985e+01
2.158999999999999808e+00 1.158069292271246553e+01
2.202599999999999891e+00 1.181660147761842872e+01
2.247100000000000097e+00 1.205428627221245819e+01
2.292499999999999982e+00 1.229304579267044240e+01
2.338799999999999990e+00 1.253219805380652474e+01
2.386099999999999888e+00 1.277385954381752775e+01
2.434299999999999908e+00 1.301549838722366381e+01
2.483499999999999819e+00 1.325798201468525583e+01
2.533599999999999852e+00 1.350233604429832113e+01
2.584799999999999986e+00 1.374682395644283339e+01
2.637000000000000011e+00 1.399124476589265598e+01
2.690300000000000136e+00 1.423737272908764062e+01
2.744699999999999918e+00 1.448284526713641363e+01
2.800100000000000033e+00 1.472797557600650187e+01
2.856700000000000017e+00 1.497442632015482644e+01
2.914400000000000102e+00 1.521999202445832822e+01
2.973300000000000054e+00 1.546535506934056770e+01
3.033300000000000107e+00 1.571073314094977214e+01
3.094599999999999795e+00 1.595563616071428648e+01
3.157099999999999795e+00 1.620051225759238989e+01
3.220899999999999874e+00 1.644504498971225104e+01
3.286000000000000032e+00 1.668787756745872031e+01
3.352300000000000058e+00 1.693004546453259707e+01
3.420100000000000140e+00 1.717168493102103000e+01
3.489199999999999857e+00 1.741195512641625243e+01
3.559600000000000097e+00 1.765142199059163630e+01
3.631600000000000161e+00 1.788973539772262100e+01
3.704899999999999860e+00 1.812630267087818936e+01
3.779799999999999827e+00 1.836166471277842760e+01
3.856100000000000083e+00 1.859542056959031342e+01
3.934000000000000163e+00 1.882808428262973877e+01
4.013499999999999623e+00 1.905817102385168482e+01
4.094599999999999795e+00 1.928721689479004198e+01
4.177299999999999791e+00 1.951358633340976567e+01
4.261700000000000266e+00 1.973896306989053073e+01
4.347800000000000331e+00 1.996182242695778442e+01
4.435599999999999987e+00 2.018205892088712261e+01
4.525199999999999889e+00 2.040076402153151491e+01
4.616600000000000037e+00 2.061682515393303561e+01
4.709900000000000198e+00 2.083056224439093640e+01
4.804999999999999716e+00 2.104214282850154305e+01
4.902099999999999902e+00 2.125099903251588174e+01
5.001100000000000101e+00 2.145655914927414543e+01
5.102100000000000080e+00 2.166080355489723885e+01
5.205199999999999605e+00 2.186152651000194425e+01
5.310399999999999565e+00 2.205897331432063524e+01
5.417600000000000193e+00 2.225534188034187721e+01
5.527099999999999902e+00 2.244789332138054760e+01
5.638700000000000045e+00 2.263603243624397621e+01
5.752600000000000158e+00 2.282324664119314761e+01
5.868900000000000006e+00 2.300672182006204736e+01
5.987400000000000055e+00 2.318782620483969481e+01
6.108399999999999608e+00 2.336413391143649321e+01
6.231799999999999784e+00 2.353980322003577896e+01
6.357700000000000351e+00 2.370926143024618682e+01
6.486100000000000421e+00 2.387691551257887568e+01
6.617099999999999760e+00 2.404279085753566036e+01
6.750799999999999912e+00 2.420322493469056369e+01
6.887199999999999989e+00 2.436248583301851411e+01
7.026299999999999990e+00 2.451683168316831640e+01
7.168199999999999683e+00 2.466865250288015687e+01
7.312999999999999723e+00 2.481640646249251958e+01
7.460799999999999876e+00 2.496179724027825131e+01
7.611500000000000377e+00 2.510428743889174541e+01
7.765299999999999869e+00 2.524271844660194120e+01
7.922100000000000364e+00 2.537746501063466553e+01
8.082200000000000273e+00 2.550943188541394235e+01
8.245400000000000063e+00 2.563766130776440022e+01
8.412000000000000810e+00 2.576224579216148314e+01
8.581899999999999196e+00 2.588341460325501941e+01
8.755300000000000082e+00 2.600192422533342196e+01
8.932199999999999918e+00 2.611536924066252752e+01
9.112600000000000477e+00 2.622637386649186197e+01
9.296699999999999520e+00 2.633346051125524667e+01
9.484500000000000597e+00 2.643843555768730980e+01
9.676099999999999923e+00 2.654090947156854341e+01
9.871600000000000819e+00 2.664107906568702688e+01
1.007099999999999973e+01 2.674033910765978916e+01
