# # k[h/Mpc], Boost (P^NLCDM_NL/P^NLCDM_L)
1.000000000000000048e-04 1.000000000000000000e+00
1.020200000000000024e-04 1.000000000000000000e+00
1.040800000000000064e-04 1.000000000000000000e+00
1.061800000000000032e-04 1.000000000000000000e+00
1.083300000000000013e-04 1.000000000000000000e+00
1.105200000000000057e-04 1.000000000000000000e+00
1.127500000000000030e-04 1.000000000000000000e+00
1.150300000000000015e-04 1.000000000000000000e+00
1.173500000000000064e-04 1.000000000000000000e+00
1.197199999999999989e-04 1.000000000000000000e+00
1.221399999999999927e-04 1.000000000000000000e+00
1.246099999999999877e-04 1.000000000000000000e+00
1.271199999999999891e-04 1.000000000000000000e+00
1.296899999999999865e-04 1.000000000000000000e+00
1.323100000000000122e-04 1.000000000000000000e+00
1.349900000000000069e-04 1.000000000000000000e+00
1.377100000000000080e-04 1.000000000000000000e+00
1.404900000000000051e-04 1.000000000000000000e+00
1.433299999999999982e-04 1.000000000000000000e+00
1.462299999999999874e-04 1.000000000000000000e+00
1.491800000000000049e-04 1.000000000000000000e+00
1.522000000000000132e-04 1.000000000000000000e+00
1.552699999999999957e-04 1.000000000000000000e+00
1.584099999999999961e-04 1.000000000000000000e+00
1.616099999999999926e-04 1.000000000000000000e+00
1.648700000000000122e-04 1.000000000000000000e+00
1.681999999999999956e-04 1.000000000000000000e+00
1.715999999999999969e-04 1.000000000000000000e+00
1.750699999999999891e-04 1.000000000000000000e+00
1.786000000000000044e-04 1.000000000000000000e+00
1.822100000000000054e-04 1.000000000000000000e+00
1.858899999999999973e-04 1.000000000000000000e+00
1.896500000000000020e-04 1.000000000000000000e+00
1.934799999999999975e-04 1.000000000000000000e+00
1.973900000000000058e-04 1.000000000000000000e+00
2.013799999999999998e-04 1.000000000000000000e+00
2.054400000000000117e-04 1.000000000000000000e+00
2.095900000000000042e-04 1.000000000000000000e+00
2.138300000000000042e-04 1.000000000000000000e+00
2.181499999999999900e-04 1.000000000000000000e+00
2.225499999999999885e-04 1.000000000000000000e+00
2.270499999999999895e-04 1.000000000000000000e+00
2.316399999999999980e-04 1.000000000000000000e+00
2.363199999999999871e-04 1.000000000000000000e+00
2.410900000000000109e-04 1.000000000000000000e+00
2.459599999999999829e-04 1.000000000000000000e+00
2.509300000000000115e-04 1.000000000000000000e+00
2.559999999999999884e-04 1.000000000000000000e+00
2.611700000000000219e-04 1.000000000000000000e+00
2.664499999999999985e-04 1.000000000000000000e+00
2.718299999999999775e-04 1.000000000000000000e+00
2.773200000000000079e-04 1.000000000000000000e+00
2.829199999999999814e-04 1.000000000000000000e+00
2.886400000000000012e-04 1.000000000000000000e+00
2.944700000000000182e-04 1.000000000000000000e+00
3.004199999999999731e-04 1.000000000000000000e+00
3.064899999999999743e-04 1.000000000000000000e+00
3.126800000000000217e-04 1.000000000000000000e+00
3.189900000000000070e-04 1.000000000000000000e+00
3.254399999999999741e-04 1.000000000000000000e+00
3.320099999999999874e-04 1.000000000000000000e+00
3.387199999999999825e-04 1.000000000000000000e+00
3.455600000000000186e-04 1.000000000000000000e+00
3.525399999999999823e-04 1.000000000000000000e+00
3.596599999999999819e-04 1.000000000000000000e+00
3.669300000000000122e-04 1.000000000000000000e+00
3.743400000000000243e-04 1.000000000000000000e+00
3.819000000000000129e-04 1.000000000000000000e+00
3.896200000000000271e-04 1.000000000000000000e+00
3.974900000000000178e-04 1.000000000000000000e+00
4.055199999999999799e-04 1.000000000000000000e+00
4.137100000000000217e-04 1.000000000000000000e+00
4.220699999999999756e-04 1.000000000000000000e+00
4.306000000000000040e-04 1.000000000000000000e+00
4.392900000000000038e-04 1.000000000000000000e+00
4.481700000000000137e-04 1.000000000000000000e+00
4.572199999999999897e-04 1.000000000000000000e+00
4.664599999999999758e-04 1.000000000000000000e+00
4.758799999999999771e-04 1.000000000000000000e+00
4.854999999999999832e-04 1.000000000000000000e+00
4.952999999999999504e-04 1.000000000000000000e+00
5.053100000000000256e-04 1.000000000000000000e+00
5.155199999999999973e-04 1.000000000000000000e+00
5.259299999999999739e-04 1.000000000000000000e+00
5.365600000000000534e-04 1.000000000000000000e+00
5.473900000000000293e-04 1.000000000000000000e+00
5.584500000000000488e-04 1.000000000000000000e+00
5.697299999999999543e-04 1.000000000000000000e+00
5.812400000000000119e-04 1.000000000000000000e+00
5.929900000000000535e-04 1.000000000000000000e+00
6.049599999999999813e-04 1.000000000000000000e+00
6.171899999999999912e-04 1.000000000000000000e+00
6.296500000000000447e-04 1.000000000000000000e+00
6.423699999999999636e-04 1.000000000000000000e+00
6.553499999999999647e-04 1.000000000000000000e+00
6.685900000000000480e-04 1.000000000000000000e+00
6.821000000000000457e-04 1.000000000000000000e+00
6.958799999999999578e-04 1.000000000000000000e+00
7.099300000000000012e-04 1.000000000000000000e+00
7.242699999999999486e-04 1.000000000000000000e+00
7.389099999999999575e-04 1.000000000000000000e+00
7.538300000000000382e-04 1.000000000000000000e+00
7.690600000000000127e-04 1.000000000000000000e+00
7.845999999999999893e-04 1.000000000000000000e+00
8.004499999999999680e-04 1.000000000000000000e+00
8.166199999999999978e-04 1.000000000000000000e+00
8.331099999999999704e-04 1.000000000000000000e+00
8.499399999999999837e-04 1.000000000000000000e+00
8.671100000000000379e-04 1.000000000000000000e+00
8.846299999999999650e-04 1.000000000000000000e+00
9.024999999999999819e-04 1.000000000000000000e+00
9.207300000000000293e-04 1.000000000000000000e+00
9.393300000000000477e-04 1.000000000000000000e+00
9.583099999999999778e-04 1.000000000000000000e+00
9.776699999999999280e-04 1.000000000000000000e+00
9.974199999999999473e-04 1.000000000000000000e+00
1.017600000000000015e-03 1.000000000000000000e+00
1.038099999999999917e-03 1.000000000000000000e+00
1.059100000000000102e-03 1.000000000000000000e+00
1.080500000000000080e-03 1.000000000000000000e+00
1.102300000000000068e-03 1.000000000000000000e+00
1.124599999999999905e-03 1.000000000000000000e+00
1.147299999999999969e-03 1.000000000000000000e+00
1.170500000000000099e-03 1.000000000000000000e+00
1.194100000000000023e-03 1.000000000000000000e+00
1.218200000000000012e-03 1.000000000000000000e+00
1.242899999999999908e-03 1.000000000000000000e+00
1.268000000000000030e-03 1.000000000000000000e+00
1.293600000000000002e-03 1.000000000000000000e+00
1.319700000000000040e-03 1.000000000000000000e+00
1.346399999999999984e-03 1.000000000000000000e+00
1.373599999999999995e-03 1.000000000000000000e+00
1.401300000000000072e-03 1.000000000000000000e+00
1.429600000000000055e-03 1.000000000000000000e+00
1.458499999999999944e-03 1.000000000000000000e+00
1.487999999999999956e-03 1.000000000000000000e+00
1.518000000000000035e-03 1.000000000000000000e+00
1.548700000000000077e-03 1.000000000000000000e+00
1.580000000000000024e-03 1.000000000000000000e+00
1.611900000000000095e-03 1.000000000000000000e+00
1.644499999999999912e-03 1.000000000000000000e+00
1.677700000000000068e-03 1.000000000000000000e+00
1.711599999999999970e-03 1.000000000000000000e+00
1.746200000000000052e-03 1.000000000000000000e+00
1.781400000000000041e-03 1.000000000000000000e+00
1.817400000000000048e-03 1.000000000000000000e+00
1.854100000000000019e-03 1.000000000000000000e+00
1.891600000000000009e-03 1.000000000000000000e+00
1.929799999999999962e-03 1.000000000000000000e+00
1.968800000000000151e-03 1.000000000000000000e+00
2.008600000000000142e-03 1.000000000000000000e+00
2.049099999999999880e-03 1.000000000000000000e+00
2.090499999999999910e-03 1.000000000000000000e+00
2.132799999999999800e-03 1.000000000000000000e+00
2.175799999999999870e-03 1.000000000000000000e+00
2.219800000000000072e-03 1.000000000000000000e+00
2.264599999999999860e-03 1.000000000000000000e+00
2.310400000000000214e-03 1.000000000000000000e+00
2.357099999999999994e-03 1.000000000000000000e+00
2.404700000000000067e-03 1.000000000000000000e+00
2.453299999999999838e-03 1.000000000000000000e+00
2.502799999999999903e-03 1.000000000000000000e+00
2.553399999999999941e-03 1.000000000000000000e+00
2.605000000000000111e-03 1.000000000000000000e+00
2.657599999999999980e-03 1.000000000000000000e+00
2.711299999999999821e-03 1.000000000000000000e+00
2.765999999999999796e-03 1.000000000000000000e+00
2.821900000000000016e-03 1.000000000000000000e+00
2.878900000000000209e-03 1.000000000000000000e+00
2.937100000000000214e-03 1.000000000000000000e+00
2.996400000000000192e-03 1.000000000000000000e+00
3.056899999999999982e-03 1.000000000000000000e+00
3.118699999999999858e-03 1.000000000000000000e+00
3.181699999999999980e-03 1.000000000000000000e+00
3.246000000000000187e-03 1.000000000000000000e+00
3.311500000000000207e-03 1.000000000000000000e+00
3.378400000000000153e-03 1.000000000000000000e+00
3.446700000000000024e-03 1.000000000000000000e+00
3.516299999999999981e-03 1.000000000000000000e+00
3.587400000000000137e-03 1.000063455803033241e+00
3.659799999999999946e-03 1.000062507813476609e+00
3.733799999999999793e-03 1.000000000000000000e+00
3.809199999999999999e-03 1.000000000000000000e+00
3.886099999999999971e-03 9.999402235638711334e-01
3.964600000000000415e-03 9.999410933081998021e-01
4.044700000000000031e-03 9.998838964356205894e-01
4.126399999999999686e-03 9.999427819419809405e-01
4.209799999999999653e-03 1.000000000000000000e+00
4.294799999999999660e-03 1.000166805671392822e+00
4.381600000000000251e-03 1.000274092752987620e+00
4.470100000000000288e-03 1.000378378378378397e+00
4.560400000000000044e-03 1.000319846473692653e+00
4.652500000000000385e-03 9.999474265285737129e-01
4.746499999999999851e-03 9.993258310428875246e-01
4.842400000000000176e-03 9.985163963779608576e-01
4.940199999999999626e-03 9.976277003836059309e-01
5.040000000000000209e-03 9.968124315170833194e-01
5.141899999999999596e-03 9.961661341853035312e-01
5.245699999999999842e-03 9.958278756124775422e-01
5.351700000000000033e-03 9.956898615966668364e-01
5.459799999999999896e-03 9.956976029502151437e-01
5.570099999999999704e-03 9.957983193277311074e-01
5.682600000000000325e-03 9.958047116315522640e-01
5.797400000000000296e-03 9.958107554300805742e-01
5.914499999999999619e-03 9.957268801727240382e-01
6.034000000000000301e-03 9.956448315705270780e-01
6.155899999999999740e-03 9.954771000746498455e-01
6.280299999999999945e-03 9.953565073992102219e-01
6.407200000000000048e-03 9.952814001372684016e-01
6.536600000000000049e-03 9.951655994232645464e-01
6.668600000000000222e-03 9.950941339259508078e-01
6.803299999999999972e-03 9.949825841764803336e-01
6.940799999999999574e-03 9.949142810269870907e-01
7.080999999999999621e-03 9.948066701829837433e-01
7.224000000000000386e-03 9.947009233239663129e-01
7.369999999999999815e-03 9.945969568153827378e-01
7.518900000000000236e-03 9.944555857024890422e-01
7.670800000000000188e-03 9.943164123326067028e-01
7.825699999999999670e-03 9.942564181635956677e-01
7.983799999999999231e-03 9.941207910208444964e-01
8.145100000000000603e-03 9.939870665204402211e-01
8.309600000000000319e-03 9.938551463149611909e-01
8.477500000000000660e-03 9.937618358026066856e-01
8.648799999999999891e-03 9.935958778064041264e-01
8.823499999999999746e-03 9.934681068457159592e-01
9.001699999999999632e-03 9.933415357892451114e-01
9.183600000000000096e-03 9.931799418500305565e-01
9.369099999999999998e-03 9.930906759740721901e-01
9.558300000000000476e-03 9.929311137030361056e-01
9.751400000000000345e-03 9.927721834321602268e-01
9.948399999999999604e-03 9.926142697881827903e-01
1.014900000000000004e-02 9.924567474048442417e-01
1.035400000000000036e-02 9.922994946543366446e-01
1.056400000000000047e-02 9.921423934952683377e-01
1.077700000000000012e-02 9.919853290769544696e-01
1.099499999999999957e-02 9.918279134164049715e-01
1.121699999999999954e-02 9.916364369205965534e-01
1.144300000000000005e-02 9.914778423902145255e-01
1.167499999999999961e-02 9.913185204896221014e-01
1.191000000000000045e-02 9.911249461867073229e-01
1.215100000000000034e-02 9.909300791556727717e-01
1.239700000000000003e-02 9.907666020438340437e-01
1.264700000000000026e-02 9.905360709958410670e-01
1.290200000000000027e-02 9.903686049169088124e-01
1.316299999999999935e-02 9.901341495181036345e-01
1.342899999999999996e-02 9.899295065458207921e-01
1.370000000000000037e-02 9.897218079242591227e-01
1.397699999999999984e-02 9.895111686629977088e-01
1.425900000000000084e-02 9.892970316238763884e-01
1.454699999999999917e-02 9.890468497576736517e-01
1.484100000000000003e-02 9.888565891472868019e-01
1.514099999999999994e-02 9.885978229270970807e-01
1.544700000000000066e-02 9.883337642192348005e-01
1.575899999999999870e-02 9.881287400938055798e-01
1.607700000000000101e-02 9.878534641920124759e-01
1.640199999999999991e-02 9.875721980660653321e-01
1.673399999999999888e-02 9.873487706517497520e-01
1.707200000000000037e-02 9.870858335507435299e-01
1.741600000000000092e-02 9.868154158215010074e-01
1.776799999999999907e-02 9.865042358967622826e-01
1.812700000000000075e-02 9.862169024301776776e-01
1.849299999999999902e-02 9.859532880569819024e-01
1.886699999999999836e-02 9.856472076992240927e-01
1.924800000000000122e-02 9.853640565342621782e-01
1.963700000000000168e-02 9.850369022343544723e-01
2.003399999999999972e-02 9.847317884165167623e-01
2.043800000000000130e-02 9.843808742609111428e-01
2.085100000000000148e-02 9.840854288666895933e-01
2.127199999999999924e-02 9.837426616180915406e-01
2.170199999999999907e-02 9.834209603925692100e-01
2.214100000000000096e-02 9.830502476999292139e-01
2.258800000000000044e-02 9.827352016013726210e-01
2.304399999999999851e-02 9.823693052494670841e-01
2.350999999999999965e-02 9.819875776397515299e-01
2.398499999999999938e-02 9.816622301094350966e-01
2.446900000000000117e-02 9.812839228897622945e-01
2.496400000000000008e-02 9.809260172158811297e-01
2.546800000000000105e-02 9.805127416689087827e-01
2.598200000000000162e-02 9.801574925931700877e-01
2.650699999999999931e-02 9.797452330089405637e-01
2.704300000000000107e-02 9.793541131105398811e-01
2.758899999999999894e-02 9.789847384314045442e-01
2.814600000000000088e-02 9.785557260773984911e-01
2.871500000000000094e-02 9.781489918164177899e-01
2.929500000000000159e-02 9.778083014980469834e-01
2.988700000000000037e-02 9.773650863010705514e-01
3.048999999999999974e-02 9.769470404984423872e-01
3.110600000000000170e-02 9.765554144748775922e-01
3.173499999999999932e-02 9.761475523505754870e-01
3.237600000000000200e-02 9.757235787687376094e-01
3.302999999999999686e-02 9.753306083193075127e-01
3.369699999999999779e-02 9.749251680651651597e-01
3.437799999999999884e-02 9.745053844227398177e-01
3.507199999999999901e-02 9.741242648938890358e-01
3.578100000000000031e-02 9.737336814621410097e-01
3.650400000000000172e-02 9.733361774744027084e-01
3.724100000000000327e-02 9.729317575295463039e-01
3.799299999999999899e-02 9.725219712982534626e-01
3.876099999999999685e-02 9.721086116791638476e-01
3.954400000000000276e-02 9.716920935089041755e-01
4.034299999999999692e-02 9.713321092222946262e-01
4.115800000000000014e-02 9.709741791135030331e-01
4.198899999999999855e-02 9.705591902234291801e-01
4.283800000000000108e-02 9.701473737246504303e-01
4.370299999999999879e-02 9.697436885719792343e-01
4.458600000000000063e-02 9.694151548889907710e-01
4.548599999999999866e-02 9.690377685840116939e-01
4.640500000000000180e-02 9.686077325541890826e-01
4.734300000000000314e-02 9.681925044945374204e-01
4.829900000000000165e-02 9.678576452384302087e-01
4.927499999999999936e-02 9.674651412227386338e-01
5.027000000000000218e-02 9.670832727801191853e-01
5.128599999999999826e-02 9.667109536462946684e-01
5.232200000000000045e-02 9.663468745315545450e-01
5.337900000000000283e-02 9.659186002282236228e-01
5.445699999999999846e-02 9.655704801605681231e-01
5.555700000000000222e-02 9.652282872582034212e-01
5.668000000000000121e-02 9.648871941531617091e-01
5.782500000000000140e-02 9.645447219983883658e-01
5.899299999999999683e-02 9.642740353172007950e-01
6.018400000000000138e-02 9.639123942259830713e-01
6.140000000000000319e-02 9.636960916442048886e-01
6.264100000000000223e-02 9.634605510867705336e-01
6.390600000000000447e-02 9.631981903601879447e-01
6.519700000000000495e-02 9.631630213406534580e-01
6.651400000000000368e-02 9.630097437748105227e-01
6.785800000000000165e-02 9.629970544918998732e-01
6.922899999999999887e-02 9.630395937176714494e-01
7.062699999999999534e-02 9.632338787295476878e-01
7.205400000000000693e-02 9.634569850039463867e-01
7.351000000000000589e-02 9.637936623713427853e-01
7.499400000000000510e-02 9.642365887207704489e-01
7.650899999999999368e-02 9.648130053365688852e-01
7.805499999999999938e-02 9.655115090931256638e-01
7.963199999999999446e-02 9.663531487358087979e-01
8.124099999999999377e-02 9.673283999810255995e-01
8.288199999999999734e-02 9.684615479160776363e-01
8.455600000000000616e-02 9.697553138587476917e-01
8.626399999999999346e-02 9.711838830941917911e-01
8.800700000000000189e-02 9.727835051546391831e-01
8.978500000000000369e-02 9.745222020810436758e-01
9.159799999999999887e-02 9.763735205676280504e-01
9.344900000000000428e-02 9.783303129895261074e-01
9.533700000000000507e-02 9.803332379407930786e-01
9.726300000000000223e-02 9.823907222760648317e-01
9.922699999999999576e-02 9.844220935351688517e-01
1.012300000000000005e-01 9.864547243066316140e-01
1.032799999999999968e-01 9.883951366695827856e-01
1.053599999999999953e-01 9.903024326101248498e-01
1.074900000000000022e-01 9.921339099314047116e-01
1.096599999999999936e-01 9.939418109996960293e-01
1.118799999999999933e-01 9.957290559474344382e-01
1.141400000000000053e-01 9.975824521404142997e-01
1.164400000000000018e-01 9.995401747336013498e-01
1.188000000000000028e-01 1.001648620043963378e+00
1.212000000000000022e-01 1.004005478997177514e+00
1.236499999999999960e-01 1.006638810528771799e+00
1.261400000000000021e-01 1.009651964087737053e+00
1.286899999999999988e-01 1.013100241437896898e+00
1.312899999999999900e-01 1.017073508375248014e+00
1.339400000000000035e-01 1.021628985230151443e+00
1.366499999999999937e-01 1.026751117734724161e+00
1.394100000000000061e-01 1.032517799352750787e+00
1.422299999999999953e-01 1.038860944345286308e+00
1.451000000000000068e-01 1.045759212647416447e+00
1.480299999999999949e-01 1.053030078968383076e+00
1.510199999999999876e-01 1.060580784677170207e+00
1.540700000000000125e-01 1.068170845537352198e+00
1.571799999999999864e-01 1.075553030809329735e+00
1.603600000000000025e-01 1.082561835014508755e+00
1.635999999999999954e-01 1.089043775114683088e+00
1.668999999999999928e-01 1.095073119142263351e+00
1.702799999999999869e-01 1.100730961438054711e+00
1.737100000000000033e-01 1.106249285959099771e+00
1.772199999999999886e-01 1.111875874941670617e+00
1.807999999999999885e-01 1.117995625372837365e+00
1.844600000000000128e-01 1.124928600571195370e+00
1.881799999999999862e-01 1.132991467361607274e+00
1.919800000000000118e-01 1.142372291358454639e+00
1.958600000000000063e-01 1.153278725618862355e+00
1.998199999999999976e-01 1.165643012378342558e+00
2.038600000000000134e-01 1.179224760209631073e+00
2.079699999999999882e-01 1.193673638434458395e+00
2.121800000000000075e-01 1.208446128857606938e+00
2.164600000000000135e-01 1.222962293971551206e+00
2.208299999999999985e-01 1.236697140178152798e+00
2.253000000000000003e-01 1.249227787535582390e+00
2.298499999999999988e-01 1.260929217337075192e+00
2.344900000000000040e-01 1.271958485489140811e+00
2.392299999999999982e-01 1.283092105263157867e+00
2.440599999999999992e-01 1.295180722891566161e+00
2.489899999999999891e-01 1.309192590003495305e+00
2.540200000000000236e-01 1.325596576485094547e+00
2.591499999999999915e-01 1.344415898443403368e+00
2.643900000000000139e-01 1.365251026207767726e+00
2.697300000000000253e-01 1.387600099067118009e+00
2.751799999999999802e-01 1.410349288486416608e+00
2.807399999999999896e-01 1.432396011140059544e+00
2.864099999999999979e-01 1.452969143283303621e+00
2.921900000000000053e-01 1.472278468807251217e+00
2.980999999999999761e-01 1.491285728513096265e+00
3.041200000000000014e-01 1.510870571772525706e+00
3.102599999999999802e-01 1.532446224817020752e+00
3.165299999999999780e-01 1.557014145617957590e+00
3.229199999999999848e-01 1.584624436163953431e+00
3.294500000000000206e-01 1.614554476910847303e+00
3.361000000000000099e-01 1.645585535745718753e+00
3.428899999999999726e-01 1.676363445763555893e+00
3.498200000000000198e-01 1.706084302880030545e+00
3.568899999999999850e-01 1.734914554680763832e+00
3.640900000000000247e-01 1.763938558949404989e+00
3.714500000000000024e-01 1.794836687812818354e+00
3.789500000000000091e-01 1.828494581124911145e+00
3.866100000000000092e-01 1.865354174910961449e+00
3.944199999999999928e-01 1.904704566956222367e+00
4.023900000000000254e-01 1.944788247322821961e+00
4.105199999999999960e-01 1.984941053378921350e+00
4.188100000000000156e-01 2.024681760761830596e+00
4.272699999999999831e-01 2.064938476148141966e+00
4.359000000000000097e-01 2.106944677988901837e+00
4.447099999999999942e-01 2.152032573717738373e+00
4.536899999999999822e-01 2.199981740996028723e+00
4.628599999999999937e-01 2.249886934374330405e+00
4.722100000000000186e-01 2.300483810941570617e+00
4.817400000000000015e-01 2.351744636857068915e+00
4.914799999999999724e-01 2.403897397249212808e+00
5.014100000000000223e-01 2.458234024058548073e+00
5.115300000000000402e-01 2.515346389944460359e+00
5.218699999999999450e-01 2.574995427108103030e+00
5.324100000000000499e-01 2.636366526770952845e+00
5.431700000000000417e-01 2.699065172710998883e+00
5.541399999999999659e-01 2.763305225324854675e+00
5.653299999999999992e-01 2.829669933698472306e+00
5.767499999999999849e-01 2.898639506915213548e+00
5.884000000000000341e-01 2.969969028109930687e+00
6.002899999999999903e-01 3.043643651832460773e+00
6.124199999999999644e-01 3.119494708091499202e+00
6.247899999999999565e-01 3.197719985749911231e+00
6.374100000000000321e-01 3.278100460015798578e+00
6.502900000000000347e-01 3.360907724385395312e+00
6.634200000000000097e-01 3.446058091286306801e+00
6.768300000000000427e-01 3.533773435437021604e+00
6.905000000000000027e-01 3.623966486605666670e+00
7.044500000000000206e-01 3.716915995397007677e+00
7.186799999999999855e-01 3.812541293771397388e+00
7.331999999999999629e-01 3.910709806872334937e+00
7.480099999999999527e-01 4.012046615163021634e+00
7.631200000000000205e-01 4.116010391030900273e+00
7.785400000000000098e-01 4.222944031981723967e+00
7.942599999999999660e-01 4.332886006113471744e+00
8.103099999999999747e-01 4.446226929366872582e+00
8.266799999999999704e-01 4.562515252582770131e+00
8.433800000000000185e-01 4.681594153636980948e+00
8.604100000000000081e-01 4.804154829545454142e+00
8.778000000000000247e-01 4.929783879046470751e+00
8.955300000000000482e-01 5.059028787438209385e+00
9.136199999999999877e-01 5.191386348212748025e+00
9.320800000000000196e-01 5.327151280341283268e+00
9.509100000000000330e-01 5.466404080413352240e+00
9.701100000000000279e-01 5.609127075912476279e+00
9.897099999999999786e-01 5.755304358338874771e+00
1.009700000000000042e+00 5.905103769053818397e+00
1.030100000000000016e+00 6.058543676490022456e+00
1.050899999999999945e+00 6.215712015477095953e+00
1.072100000000000053e+00 6.376629382352091646e+00
1.093800000000000106e+00 6.541269289482037230e+00
1.115899999999999892e+00 6.709667219982610398e+00
1.138400000000000079e+00 6.881987166765892283e+00
1.161399999999999988e+00 7.058202705975984870e+00
1.184900000000000064e+00 7.238414192614047948e+00
1.208800000000000097e+00 7.422428490244364241e+00
1.233300000000000063e+00 7.610221235429386333e+00
1.258199999999999985e+00 7.802145361744506680e+00
1.283600000000000074e+00 7.998045390378976549e+00
1.309500000000000108e+00 8.197608329923157910e+00
1.336000000000000076e+00 8.401247203313181089e+00
1.362999999999999989e+00 8.608882021631860226e+00
1.390500000000000069e+00 8.820198329853862873e+00
1.418600000000000083e+00 9.035555191167226496e+00
1.447200000000000042e+00 9.254658385093167183e+00
1.476499999999999924e+00 9.477723811237034113e+00
1.506299999999999972e+00 9.704459798994975017e+00
1.536699999999999955e+00 9.935507222532987015e+00
1.567800000000000082e+00 1.016962007860442796e+01
1.599399999999999933e+00 1.040786098768108126e+01
1.631799999999999917e+00 1.064965548572726561e+01
1.664700000000000069e+00 1.089516705023410736e+01
1.698399999999999910e+00 1.114419997504471205e+01
1.732699999999999907e+00 1.139649459365189976e+01
1.767700000000000049e+00 1.165287745120446239e+01
1.803399999999999892e+00 1.191277258566978325e+01
1.839800000000000102e+00 1.217498366752098171e+01
1.877000000000000002e+00 1.244110671936758727e+01
1.914900000000000047e+00 1.271059031616184143e+01
1.953600000000000003e+00 1.298411410018552736e+01
1.993000000000000105e+00 1.326055224425252455e+01
2.033300000000000107e+00 1.353856951445160384e+01
2.074399999999999800e+00 1.382112732628196561e+01
2.116299999999999848e+00 1.410578814273672243e+01
2.158999999999999808e+00 1.439407341884122005e+01
2.202599999999999891e+00 1.468513074423642273e+01
2.247100000000000097e+00 1.497929354445797934e+01
2.292499999999999982e+00 1.527531537674735951e+01
2.338799999999999990e+00 1.557583892617449628e+01
2.386099999999999888e+00 1.587748966553927055e+01
2.434299999999999908e+00 1.618230245634802955e+01
2.483499999999999819e+00 1.649039208577200100e+01
2.533599999999999852e+00 1.680029590626734048e+01
2.584799999999999986e+00 1.711285549423553931e+01
2.637000000000000011e+00 1.742798847815650376e+01
2.690300000000000136e+00 1.774547380099853555e+01
2.744699999999999918e+00 1.806694305734002981e+01
2.800100000000000033e+00 1.838981281747964402e+01
2.856700000000000017e+00 1.871517774885570873e+01
2.914400000000000102e+00 1.904169163862124137e+01
2.973300000000000054e+00 1.937270862606392541e+01
3.033300000000000107e+00 1.970463418774401632e+01
3.094599999999999795e+00 2.003996930928037301e+01
3.157099999999999795e+00 2.037665772542251830e+01
3.220899999999999874e+00 2.071665220478030989e+01
3.286000000000000032e+00 2.105830637803765626e+01
3.352300000000000058e+00 2.140215850866674074e+01
3.420100000000000140e+00 2.174875040124730674e+01
3.489199999999999857e+00 2.209766095972992161e+01
3.559600000000000097e+00 2.244876737344019446e+01
3.631600000000000161e+00 2.280199551808771830e+01
3.704899999999999860e+00 2.315811629995509335e+01
3.779799999999999827e+00 2.351619475036169149e+01
3.856100000000000083e+00 2.387654934609052404e+01
3.934000000000000163e+00 2.423953191906645444e+01
4.013499999999999623e+00 2.460511832691249268e+01
4.094599999999999795e+00 2.497230769230769098e+01
4.177299999999999791e+00 2.534270583304758517e+01
4.261700000000000266e+00 2.571440028872759243e+01
4.347800000000000331e+00 2.608906711692696945e+01
4.435599999999999987e+00 2.646713771497133294e+01
4.525199999999999889e+00 2.684710395807991290e+01
4.616600000000000037e+00 2.722870794542140871e+01
4.709900000000000198e+00 2.761450282691010827e+01
4.804999999999999716e+00 2.800196635350666341e+01
4.902099999999999902e+00 2.839277496548550417e+01
5.001100000000000101e+00 2.878529019750393658e+01
5.102100000000000080e+00 2.918065216004083950e+01
5.205199999999999605e+00 2.957921623983330051e+01
5.310399999999999565e+00 2.997875805423776541e+01
5.417600000000000193e+00 3.038418500559492585e+01
5.527099999999999902e+00 3.078906004401131824e+01
5.638700000000000045e+00 3.119824445180523043e+01
5.752600000000000158e+00 3.161169284467713680e+01
5.868900000000000006e+00 3.202666666666667084e+01
5.987400000000000055e+00 3.244597344703944231e+01
6.108399999999999608e+00 3.286758998243249152e+01
6.231799999999999784e+00 3.329170748511696587e+01
6.357700000000000351e+00 3.372028368794326525e+01
6.486100000000000421e+00 3.415112620964365675e+01
6.617099999999999760e+00 3.458511979823455107e+01
6.750799999999999912e+00 3.502266774798250282e+01
6.887199999999999989e+00 3.546347822430299601e+01
7.026299999999999990e+00 3.590747856931717763e+01
7.168199999999999683e+00 3.635626899399984069e+01
7.312999999999999723e+00 3.680707347938271568e+01
7.460799999999999876e+00 3.726363589094754047e+01
7.611500000000000377e+00 3.772208817723184637e+01
7.765299999999999869e+00 3.818392134181607389e+01
7.922100000000000364e+00 3.865018199564837431e+01
8.082200000000000273e+00 3.912185495806610902e+01
8.245400000000000063e+00 3.959634356050321458e+01
8.412000000000000810e+00 4.007399451008473790e+01
8.581899999999999196e+00 4.055701047542305560e+01
8.755300000000000082e+00 4.104301160968093143e+01
8.932199999999999918e+00 4.153212243525058511e+01
9.112600000000000477e+00 4.202774245068172831e+01
9.296699999999999520e+00 4.252722903598289861e+01
9.484500000000000597e+00 4.302838701178950487e+01
9.676099999999999923e+00 4.353431798436142230e+01
9.871600000000000819e+00 4.404753172449203902e+01
1.007099999999999973e+01 4.455970582543061198e+01
