# # k[h/Mpc], Boost (P^NLCDM_NL/P^NLCDM_L)
1.000000000000000048e-04 1.000000000000000000e+00
1.020200000000000024e-04 1.000000000000000000e+00
1.040800000000000064e-04 1.000000000000000000e+00
1.061800000000000032e-04 1.000000000000000000e+00
1.083300000000000013e-04 1.000000000000000000e+00
1.105200000000000057e-04 1.000000000000000000e+00
1.127500000000000030e-04 1.000000000000000000e+00
1.150300000000000015e-04 1.000000000000000000e+00
1.173500000000000064e-04 1.000000000000000000e+00
1.197199999999999989e-04 1.000000000000000000e+00
1.221399999999999927e-04 1.000000000000000000e+00
1.246099999999999877e-04 1.000000000000000000e+00
1.271199999999999891e-04 1.000000000000000000e+00
1.296899999999999865e-04 1.000000000000000000e+00
1.323100000000000122e-04 1.000000000000000000e+00
1.349900000000000069e-04 1.000000000000000000e+00
1.377100000000000080e-04 1.000000000000000000e+00
1.404900000000000051e-04 1.000000000000000000e+00
1.433299999999999982e-04 1.000000000000000000e+00
1.462299999999999874e-04 1.000000000000000000e+00
1.491800000000000049e-04 1.000000000000000000e+00
1.522000000000000132e-04 1.000000000000000000e+00
1.552699999999999957e-04 1.000000000000000000e+00
1.584099999999999961e-04 1.000000000000000000e+00
1.616099999999999926e-04 1.000000000000000000e+00
1.648700000000000122e-04 1.000000000000000000e+00
1.681999999999999956e-04 1.000000000000000000e+00
1.715999999999999969e-04 1.000000000000000000e+00
1.750699999999999891e-04 1.000000000000000000e+00
1.786000000000000044e-04 1.000000000000000000e+00
1.822100000000000054e-04 1.000000000000000000e+00
1.858899999999999973e-04 1.000000000000000000e+00
1.896500000000000020e-04 1.000000000000000000e+00
1.934799999999999975e-04 1.000000000000000000e+00
1.973900000000000058e-04 1.000000000000000000e+00
2.013799999999999998e-04 1.000000000000000000e+00
2.054400000000000117e-04 1.000000000000000000e+00
2.095900000000000042e-04 1.000000000000000000e+00
2.138300000000000042e-04 1.000000000000000000e+00
2.181499999999999900e-04 1.000000000000000000e+00
2.225499999999999885e-04 1.000000000000000000e+00
2.270499999999999895e-04 1.000000000000000000e+00
2.316399999999999980e-04 1.000000000000000000e+00
2.363199999999999871e-04 1.000000000000000000e+00
2.410900000000000109e-04 1.000000000000000000e+00
2.459599999999999829e-04 1.000000000000000000e+00
2.509300000000000115e-04 1.000000000000000000e+00
2.559999999999999884e-04 1.000000000000000000e+00
2.611700000000000219e-04 1.000000000000000000e+00
2.664499999999999985e-04 1.000000000000000000e+00
2.718299999999999775e-04 1.000000000000000000e+00
2.773200000000000079e-04 1.000000000000000000e+00
2.829199999999999814e-04 1.000000000000000000e+00
2.886400000000000012e-04 1.000000000000000000e+00
2.944700000000000182e-04 1.000000000000000000e+00
3.004199999999999731e-04 1.000000000000000000e+00
3.064899999999999743e-04 1.000000000000000000e+00
3.126800000000000217e-04 1.000000000000000000e+00
3.189900000000000070e-04 1.000000000000000000e+00
3.254399999999999741e-04 1.000000000000000000e+00
3.320099999999999874e-04 1.000000000000000000e+00
3.387199999999999825e-04 1.000000000000000000e+00
3.455600000000000186e-04 1.000000000000000000e+00
3.525399999999999823e-04 1.000000000000000000e+00
3.596599999999999819e-04 1.000000000000000000e+00
3.669300000000000122e-04 1.000000000000000000e+00
3.743400000000000243e-04 1.000000000000000000e+00
3.819000000000000129e-04 1.000000000000000000e+00
3.896200000000000271e-04 1.000000000000000000e+00
3.974900000000000178e-04 1.000000000000000000e+00
4.055199999999999799e-04 1.000000000000000000e+00
4.137100000000000217e-04 1.000000000000000000e+00
4.220699999999999756e-04 1.000000000000000000e+00
4.306000000000000040e-04 1.000000000000000000e+00
4.392900000000000038e-04 1.000000000000000000e+00
4.481700000000000137e-04 1.000000000000000000e+00
4.572199999999999897e-04 1.000000000000000000e+00
4.664599999999999758e-04 1.000000000000000000e+00
4.758799999999999771e-04 1.000000000000000000e+00
4.854999999999999832e-04 1.000000000000000000e+00
4.952999999999999504e-04 1.000000000000000000e+00
5.053100000000000256e-04 1.000000000000000000e+00
5.155199999999999973e-04 1.000000000000000000e+00
5.259299999999999739e-04 1.000000000000000000e+00
5.365600000000000534e-04 1.000000000000000000e+00
5.473900000000000293e-04 1.000000000000000000e+00
5.584500000000000488e-04 1.000000000000000000e+00
5.697299999999999543e-04 1.000000000000000000e+00
5.812400000000000119e-04 1.000000000000000000e+00
5.929900000000000535e-04 1.000000000000000000e+00
6.049599999999999813e-04 1.000000000000000000e+00
6.171899999999999912e-04 1.000000000000000000e+00
6.296500000000000447e-04 1.000000000000000000e+00
6.423699999999999636e-04 1.000000000000000000e+00
6.553499999999999647e-04 1.000000000000000000e+00
6.685900000000000480e-04 1.000000000000000000e+00
6.821000000000000457e-04 1.000000000000000000e+00
6.958799999999999578e-04 1.000000000000000000e+00
7.099300000000000012e-04 1.000000000000000000e+00
7.242699999999999486e-04 1.000000000000000000e+00
7.389099999999999575e-04 1.000000000000000000e+00
7.538300000000000382e-04 1.000000000000000000e+00
7.690600000000000127e-04 1.000000000000000000e+00
7.845999999999999893e-04 1.000000000000000000e+00
8.004499999999999680e-04 1.000000000000000000e+00
8.166199999999999978e-04 1.000000000000000000e+00
8.331099999999999704e-04 1.000000000000000000e+00
8.499399999999999837e-04 1.000000000000000000e+00
8.671100000000000379e-04 1.000000000000000000e+00
8.846299999999999650e-04 1.000000000000000000e+00
9.024999999999999819e-04 1.000000000000000000e+00
9.207300000000000293e-04 1.000000000000000000e+00
9.393300000000000477e-04 1.000000000000000000e+00
9.583099999999999778e-04 1.000000000000000000e+00
9.776699999999999280e-04 1.000000000000000000e+00
9.974199999999999473e-04 1.000000000000000000e+00
1.017600000000000015e-03 1.000000000000000000e+00
1.038099999999999917e-03 1.000000000000000000e+00
1.059100000000000102e-03 1.000000000000000000e+00
1.080500000000000080e-03 1.000000000000000000e+00
1.102300000000000068e-03 1.000000000000000000e+00
1.124599999999999905e-03 1.000000000000000000e+00
1.147299999999999969e-03 1.000000000000000000e+00
1.170500000000000099e-03 1.000000000000000000e+00
1.194100000000000023e-03 1.000000000000000000e+00
1.218200000000000012e-03 1.000000000000000000e+00
1.242899999999999908e-03 1.000000000000000000e+00
1.268000000000000030e-03 1.000000000000000000e+00
1.293600000000000002e-03 1.000000000000000000e+00
1.319700000000000040e-03 1.000000000000000000e+00
1.346399999999999984e-03 1.000000000000000000e+00
1.373599999999999995e-03 1.000000000000000000e+00
1.401300000000000072e-03 1.000000000000000000e+00
1.429600000000000055e-03 1.000000000000000000e+00
1.458499999999999944e-03 1.000000000000000000e+00
1.487999999999999956e-03 1.000000000000000000e+00
1.518000000000000035e-03 1.000000000000000000e+00
1.548700000000000077e-03 1.000000000000000000e+00
1.580000000000000024e-03 1.000000000000000000e+00
1.611900000000000095e-03 1.000000000000000000e+00
1.644499999999999912e-03 1.000000000000000000e+00
1.677700000000000068e-03 1.000000000000000000e+00
1.711599999999999970e-03 1.000000000000000000e+00
1.746200000000000052e-03 1.000000000000000000e+00
1.781400000000000041e-03 1.000000000000000000e+00
1.817400000000000048e-03 1.000000000000000000e+00
1.854100000000000019e-03 1.000000000000000000e+00
1.891600000000000009e-03 1.000000000000000000e+00
1.929799999999999962e-03 1.000000000000000000e+00
1.968800000000000151e-03 1.000000000000000000e+00
2.008600000000000142e-03 1.000000000000000000e+00
2.049099999999999880e-03 1.000000000000000000e+00
2.090499999999999910e-03 1.000000000000000000e+00
2.132799999999999800e-03 1.000000000000000000e+00
2.175799999999999870e-03 1.000000000000000000e+00
2.219800000000000072e-03 1.000000000000000000e+00
2.264599999999999860e-03 1.000000000000000000e+00
2.310400000000000214e-03 1.000000000000000000e+00
2.357099999999999994e-03 1.000000000000000000e+00
2.404700000000000067e-03 1.000000000000000000e+00
2.453299999999999838e-03 1.000000000000000000e+00
2.502799999999999903e-03 1.000000000000000000e+00
2.553399999999999941e-03 1.000000000000000000e+00
2.605000000000000111e-03 1.000000000000000000e+00
2.657599999999999980e-03 1.000000000000000000e+00
2.711299999999999821e-03 1.000000000000000000e+00
2.765999999999999796e-03 1.000000000000000000e+00
2.821900000000000016e-03 1.000000000000000000e+00
2.878900000000000209e-03 1.000000000000000000e+00
2.937100000000000214e-03 1.000000000000000000e+00
2.996400000000000192e-03 1.000000000000000000e+00
3.056899999999999982e-03 1.000000000000000000e+00
3.118699999999999858e-03 1.000000000000000000e+00
3.181699999999999980e-03 1.000000000000000000e+00
3.246000000000000187e-03 1.000000000000000000e+00
3.311500000000000207e-03 1.000000000000000000e+00
3.378400000000000153e-03 1.000000000000000000e+00
3.446700000000000024e-03 9.999312809235844091e-01
3.516299999999999981e-03 1.000000000000000000e+00
3.587400000000000137e-03 1.000000000000000000e+00
3.659799999999999946e-03 1.000000000000000000e+00
3.733799999999999793e-03 1.000000000000000000e+00
3.809199999999999999e-03 1.000063742988271276e+00
3.886099999999999971e-03 1.000062810124992208e+00
3.964600000000000415e-03 1.000000000000000000e+00
4.044700000000000031e-03 9.999389983529555215e-01
4.126399999999999686e-03 9.999398713246346881e-01
4.209799999999999653e-03 9.999407266907711644e-01
4.294799999999999660e-03 9.999415648921872179e-01
4.381600000000000251e-03 1.000000000000000000e+00
4.470100000000000288e-03 1.000113629907391610e+00
4.560400000000000044e-03 1.000280159130386037e+00
4.652500000000000385e-03 1.000386847195357864e+00
4.746499999999999851e-03 1.000381616965599907e+00
4.842400000000000176e-03 1.000107567364061811e+00
4.940199999999999626e-03 9.995754616854171104e-01
5.040000000000000209e-03 9.987955592794302007e-01
5.141899999999999596e-03 9.978810274432786676e-01
5.245699999999999842e-03 9.970921334557698579e-01
5.351700000000000033e-03 9.963237145590975175e-01
5.459799999999999896e-03 9.958731105807477890e-01
5.570099999999999704e-03 9.957283841508322020e-01
5.682600000000000325e-03 9.956844300053337982e-01
5.797400000000000296e-03 9.957373437425164342e-01
5.914499999999999619e-03 9.957889756328365261e-01
6.034000000000000301e-03 9.958393716983777733e-01
6.155899999999999740e-03 9.957499884510555566e-01
6.280299999999999945e-03 9.957081545064377925e-01
6.407200000000000048e-03 9.955770185494425828e-01
6.536600000000000049e-03 9.954042477244333664e-01
6.668600000000000222e-03 9.953231855283476426e-01
6.803299999999999972e-03 9.952439130814206836e-01
6.940799999999999574e-03 9.951230038843331682e-01
7.080999999999999621e-03 9.950044831561418723e-01
7.224000000000000386e-03 9.949302915082383070e-01
7.369999999999999815e-03 9.948572145335953243e-01
7.518900000000000236e-03 9.947440301287091557e-01
7.670800000000000188e-03 9.946734409571417190e-01
7.825699999999999670e-03 9.945228821811100683e-01
7.983799999999999231e-03 9.944147546912042168e-01
8.145100000000000603e-03 9.943478087807984256e-01
8.309600000000000319e-03 9.942027842410380289e-01
8.477500000000000660e-03 9.940597154916367417e-01
8.648799999999999891e-03 9.939570017431725857e-01
8.823499999999999746e-03 9.938553707899688838e-01
9.001699999999999632e-03 9.937164400776876683e-01
9.183600000000000096e-03 9.936166194523134987e-01
9.369099999999999998e-03 9.934799715217147442e-01
9.558300000000000476e-03 9.933814233658064818e-01
9.751400000000000345e-03 9.932095803963538749e-01
9.948399999999999604e-03 9.931120392760313109e-01
1.014900000000000004e-02 9.929421180921890189e-01
1.035400000000000036e-02 9.928088750767896098e-01
1.056400000000000047e-02 9.926760967904071364e-01
1.077700000000000012e-02 9.925431711145996649e-01
1.099499999999999957e-02 9.923748049368704693e-01
1.121699999999999954e-02 9.922417745177557480e-01
1.144300000000000005e-02 9.920732348917961074e-01
1.167499999999999961e-02 9.919391422689046722e-01
1.191000000000000045e-02 9.917696902347548082e-01
1.215100000000000034e-02 9.915995436789158957e-01
1.239700000000000003e-02 9.914282763606320215e-01
1.264700000000000026e-02 9.912900349770249475e-01
1.290200000000000027e-02 9.911159707510421857e-01
1.316299999999999935e-02 9.909403630666530072e-01
1.342899999999999996e-02 9.907627521564899009e-01
1.370000000000000037e-02 9.905829748314759486e-01
1.397699999999999984e-02 9.904343417272266636e-01
1.425900000000000084e-02 9.902155943182968656e-01
1.454699999999999917e-02 9.900609817728512896e-01
1.484100000000000003e-02 9.898694130317716722e-01
1.514099999999999994e-02 9.896744248621014428e-01
1.544700000000000066e-02 9.894751000369884641e-01
1.575899999999999870e-02 9.892715409968386719e-01
1.607700000000000101e-02 9.890634990073021715e-01
1.640199999999999991e-02 9.888503385320174255e-01
1.673399999999999888e-02 9.886651148669163280e-01
1.707200000000000037e-02 9.884408693007064040e-01
1.741600000000000092e-02 9.882101839617847272e-01
1.776799999999999907e-02 9.880066591920633190e-01
1.812700000000000075e-02 9.877965639487319427e-01
1.849299999999999902e-02 9.875787024363537059e-01
1.886699999999999836e-02 9.873535173030001388e-01
1.924800000000000122e-02 9.871542525639697141e-01
1.963700000000000168e-02 9.869124487953898628e-01
2.003399999999999972e-02 9.866610796843354736e-01
2.043800000000000130e-02 9.864703401743042388e-01
2.085100000000000148e-02 9.862000636920137397e-01
2.127199999999999924e-02 9.859898042850522293e-01
2.170199999999999907e-02 9.857337933017105147e-01
2.214100000000000096e-02 9.855025189373346484e-01
2.258800000000000044e-02 9.852602318861782837e-01
2.304399999999999851e-02 9.850068318623287356e-01
2.350999999999999965e-02 9.847778233779800328e-01
2.398499999999999938e-02 9.845376376527379403e-01
2.446900000000000117e-02 9.842850059121943662e-01
2.496400000000000008e-02 9.840577472400215964e-01
2.546800000000000105e-02 9.837801922926600051e-01
2.598200000000000162e-02 9.835676103741832765e-01
2.650699999999999931e-02 9.833032309853502184e-01
2.704300000000000107e-02 9.831067328828462237e-01
2.758899999999999894e-02 9.828583230070219168e-01
2.814600000000000088e-02 9.826385976683720269e-01
2.871500000000000094e-02 9.824083145205946277e-01
2.929500000000000159e-02 9.821668181621434623e-01
2.988700000000000037e-02 9.819574018658686620e-01
3.048999999999999974e-02 9.817384298630382755e-01
3.110600000000000170e-02 9.816004007833493139e-01
3.173499999999999932e-02 9.813647320600779045e-01
3.237600000000000200e-02 9.811668082696120008e-01
3.302999999999999686e-02 9.810105283399837006e-01
3.369699999999999779e-02 9.808012537956705135e-01
3.437799999999999884e-02 9.806857313969157275e-01
3.507199999999999901e-02 9.805198107929403717e-01
3.578100000000000031e-02 9.803535327354725437e-01
3.650400000000000172e-02 9.802388248969671203e-01
3.724100000000000327e-02 9.801271003877638499e-01
3.799299999999999899e-02 9.800197606762542923e-01
3.876099999999999685e-02 9.798612665025733248e-01
3.954400000000000276e-02 9.798187104498032873e-01
4.034299999999999692e-02 9.797281598513011280e-01
4.115800000000000014e-02 9.796449704142011772e-01
4.198899999999999855e-02 9.796324194034348176e-01
4.283800000000000108e-02 9.795730585204269758e-01
4.370299999999999879e-02 9.795281487954062838e-01
4.458600000000000063e-02 9.794985718819422260e-01
4.548599999999999866e-02 9.794851945035804031e-01
4.640500000000000180e-02 9.794875155645847986e-01
4.734300000000000314e-02 9.794370133759233710e-01
4.829900000000000165e-02 9.795311761129500416e-01
4.927499999999999936e-02 9.795051065871547280e-01
5.027000000000000218e-02 9.796258952784924201e-01
5.128599999999999826e-02 9.796206191382835771e-01
5.232200000000000045e-02 9.796954314720812684e-01
5.337900000000000283e-02 9.797086745416334619e-01
5.445699999999999846e-02 9.798002056706331953e-01
5.555700000000000222e-02 9.798972526245253167e-01
5.668000000000000121e-02 9.801479468599033629e-01
5.782500000000000140e-02 9.802525832376578485e-01
5.899299999999999683e-02 9.804317440596366229e-01
6.018400000000000138e-02 9.807646826960977338e-01
6.140000000000000319e-02 9.810187409899087108e-01
6.264100000000000223e-02 9.812688329668539655e-01
6.390600000000000447e-02 9.817593897686759385e-01
6.519700000000000495e-02 9.821670047329276176e-01
6.651400000000000368e-02 9.827452333707186183e-01
6.785800000000000165e-02 9.834171297521390187e-01
6.922899999999999887e-02 9.841915085817525277e-01
7.062699999999999534e-02 9.849888806523350304e-01
7.205400000000000693e-02 9.860026661588269237e-01
7.351000000000000589e-02 9.871593805136247290e-01
7.499400000000000510e-02 9.883576387836159327e-01
7.650899999999999368e-02 9.897516176163639878e-01
7.805499999999999938e-02 9.913230231278127302e-01
7.963199999999999446e-02 9.930385616752148703e-01
8.124099999999999377e-02 9.949159216194932709e-01
8.288199999999999734e-02 9.969730093332210830e-01
8.455600000000000616e-02 9.991898292409323590e-01
8.626399999999999346e-02 1.001552152317880751e+00
8.800700000000000189e-02 1.004038750536710989e+00
8.978500000000000369e-02 1.006634214186370002e+00
9.159799999999999887e-02 1.009301521936329049e+00
9.344900000000000428e-02 1.011994226104555139e+00
9.533700000000000507e-02 1.014672478359629038e+00
9.726300000000000223e-02 1.017308633786579319e+00
9.922699999999999576e-02 1.019874205680197043e+00
1.012300000000000005e-01 1.022326615982205089e+00
1.032799999999999968e-01 1.024714603158448201e+00
1.053599999999999953e-01 1.027010191545688844e+00
1.074900000000000022e-01 1.029264508849869530e+00
1.096599999999999936e-01 1.031540021900299697e+00
1.118799999999999933e-01 1.033891488739397513e+00
1.141400000000000053e-01 1.036382943050354832e+00
1.164400000000000018e-01 1.039088938742917856e+00
1.188000000000000028e-01 1.042114677917987065e+00
1.212000000000000022e-01 1.045498046096179801e+00
1.236499999999999960e-01 1.049364232977850753e+00
1.261400000000000021e-01 1.053767993226079502e+00
1.286899999999999988e-01 1.058760332390537018e+00
1.312899999999999900e-01 1.064391177542836076e+00
1.339400000000000035e-01 1.070744971383789768e+00
1.366499999999999937e-01 1.077667253739488462e+00
1.394100000000000061e-01 1.085236118318630094e+00
1.422299999999999953e-01 1.093226550834803801e+00
1.451000000000000068e-01 1.101515495515949628e+00
1.480299999999999949e-01 1.109838055481540797e+00
1.510199999999999876e-01 1.117980295566502358e+00
1.540700000000000125e-01 1.125701709619800983e+00
1.571799999999999864e-01 1.132824326992694086e+00
1.603600000000000025e-01 1.139464068209500747e+00
1.635999999999999954e-01 1.145612209503988899e+00
1.668999999999999928e-01 1.151524834025632993e+00
1.702799999999999869e-01 1.157518073164529593e+00
1.737100000000000033e-01 1.163906360489783687e+00
1.772199999999999886e-01 1.171088851506346451e+00
1.807999999999999885e-01 1.179466961047153317e+00
1.844600000000000128e-01 1.189299571166019920e+00
1.881799999999999862e-01 1.200722481937951613e+00
1.919800000000000118e-01 1.213797389683032968e+00
1.958600000000000063e-01 1.228219432821943347e+00
1.998199999999999976e-01 1.243664717348927917e+00
2.038600000000000134e-01 1.259609004134551569e+00
2.079699999999999882e-01 1.275413333333333288e+00
2.121800000000000075e-01 1.290440768291328810e+00
2.164600000000000135e-01 1.304257767548906877e+00
2.208299999999999985e-01 1.317131142670390220e+00
2.253000000000000003e-01 1.329211557296767987e+00
2.298499999999999988e-01 1.341252835896143303e+00
2.344900000000000040e-01 1.354186968102384148e+00
2.392299999999999982e-01 1.368919645256651441e+00
2.440599999999999992e-01 1.386225664643081501e+00
2.489899999999999891e-01 1.406127201280745087e+00
2.540200000000000236e-01 1.428495319278483944e+00
2.591499999999999915e-01 1.452458755080895836e+00
2.643900000000000139e-01 1.477143810477143937e+00
2.697300000000000253e-01 1.501480836236933847e+00
2.751799999999999802e-01 1.524612455806364064e+00
2.807399999999999896e-01 1.546121297602256695e+00
2.864099999999999979e-01 1.567033394995618778e+00
2.921900000000000053e-01 1.588711547574636507e+00
2.980999999999999761e-01 1.612194739319144476e+00
3.041200000000000014e-01 1.638559460341638463e+00
3.102599999999999802e-01 1.668388722991155149e+00
3.165299999999999780e-01 1.701137415999810054e+00
3.229199999999999848e-01 1.735146209722481014e+00
3.294500000000000206e-01 1.769336515017896794e+00
3.361000000000000099e-01 1.802624998310377036e+00
3.428899999999999726e-01 1.835027486046086675e+00
3.498200000000000198e-01 1.867430274518970812e+00
3.568899999999999850e-01 1.901405241169768168e+00
3.640900000000000247e-01 1.938413823659725255e+00
3.714500000000000024e-01 1.978764159978863013e+00
3.789500000000000091e-01 2.021911663216011235e+00
3.866100000000000092e-01 2.066435961212645278e+00
3.944199999999999928e-01 2.111123650453297529e+00
4.023900000000000254e-01 2.155586488129080269e+00
4.105199999999999960e-01 2.200351206762771739e+00
4.188100000000000156e-01 2.246947198230013321e+00
4.272699999999999831e-01 2.296325878594248859e+00
4.359000000000000097e-01 2.348935775991847663e+00
4.447099999999999942e-01 2.403855456656347034e+00
4.536899999999999822e-01 2.459965154154988287e+00
4.628599999999999937e-01 2.516516516516516422e+00
4.722100000000000186e-01 2.574258241758241805e+00
4.817400000000000015e-01 2.633782234957020130e+00
4.914799999999999724e-01 2.696300947938159442e+00
5.014100000000000223e-01 2.761449845462208508e+00
5.115300000000000402e-01 2.828737205815242461e+00
5.218699999999999450e-01 2.897349528767309224e+00
5.324100000000000499e-01 2.967335345286703507e+00
5.431700000000000417e-01 3.039499036608863225e+00
5.541399999999999659e-01 3.114213885128601422e+00
5.653299999999999992e-01 3.191222190818427951e+00
5.767499999999999849e-01 3.270719163645561256e+00
5.884000000000000341e-01 3.352508802816901667e+00
6.002899999999999903e-01 3.436580882352941124e+00
6.124199999999999644e-01 3.522694559063430209e+00
6.247899999999999565e-01 3.611211301472798230e+00
6.374100000000000321e-01 3.702128772425335779e+00
6.502900000000000347e-01 3.795270860637832921e+00
6.634200000000000097e-01 3.890814755687325377e+00
6.768300000000000427e-01 3.988867722347898326e+00
6.905000000000000027e-01 4.089191372987755813e+00
7.044500000000000206e-01 4.192497403946001455e+00
7.186799999999999855e-01 4.298183789644889785e+00
7.331999999999999629e-01 4.406241154825927708e+00
7.480099999999999527e-01 4.517254119559595438e+00
7.631200000000000205e-01 4.630912879080176126e+00
7.785400000000000098e-01 4.747280199854944094e+00
7.942599999999999660e-01 4.866762057065903591e+00
8.103099999999999747e-01 4.988660337552742519e+00
8.266799999999999704e-01 5.113385971355123516e+00
8.433800000000000185e-01 5.241584348326459697e+00
8.604100000000000081e-01 5.372216267118141708e+00
8.778000000000000247e-01 5.506043639788602562e+00
8.955300000000000482e-01 5.642861828438983096e+00
9.136199999999999877e-01 5.782674251250770503e+00
9.320800000000000196e-01 5.925669546951831457e+00
9.509100000000000330e-01 6.071882872321850755e+00
9.701100000000000279e-01 6.221393942553302026e+00
9.897099999999999786e-01 6.374235552105041336e+00
1.009700000000000042e+00 6.530472787324004713e+00
1.030100000000000016e+00 6.690179621114037189e+00
1.050899999999999945e+00 6.853568983757545752e+00
1.072100000000000053e+00 7.020414802765351681e+00
1.093800000000000106e+00 7.191093420425938021e+00
1.115899999999999892e+00 7.365509143955026872e+00
1.138400000000000079e+00 7.543634401399279099e+00
1.161399999999999988e+00 7.725503172811149177e+00
1.184900000000000064e+00 7.911210671011099649e+00
1.208800000000000097e+00 8.100788408267632690e+00
1.233300000000000063e+00 8.294385229451902930e+00
1.258199999999999985e+00 8.491481913652275892e+00
1.283600000000000074e+00 8.692412917094141989e+00
1.309500000000000108e+00 8.897156592001637776e+00
1.336000000000000076e+00 9.105852117577768468e+00
1.362999999999999989e+00 9.318028927009754270e+00
1.390500000000000069e+00 9.534180633420410445e+00
1.418600000000000083e+00 9.754080723002674702e+00
1.447200000000000042e+00 9.977462974887314928e+00
1.476499999999999924e+00 1.020505210616842540e+01
1.506299999999999972e+00 1.043599618415009012e+01
1.536699999999999955e+00 1.067076330791441485e+01
1.567800000000000082e+00 1.090880881269151814e+01
1.599399999999999933e+00 1.115117271655623732e+01
1.631799999999999917e+00 1.139649810420483078e+01
1.664700000000000069e+00 1.164501004688546715e+01
1.698399999999999910e+00 1.189814164677245678e+01
1.732699999999999907e+00 1.215389900377877019e+01
1.767700000000000049e+00 1.241317211216876792e+01
1.803399999999999892e+00 1.267616272795942578e+01
1.839800000000000102e+00 1.294234142477225191e+01
1.877000000000000002e+00 1.321108539552548855e+01
1.914900000000000047e+00 1.348397136632430637e+01
1.953600000000000003e+00 1.375905974534769882e+01
1.993000000000000105e+00 1.403753938895738962e+01
2.033300000000000107e+00 1.431970099906562055e+01
2.074399999999999800e+00 1.460331825037707354e+01
2.116299999999999848e+00 1.489117530668777256e+01
2.158999999999999808e+00 1.518149347952487815e+01
2.202599999999999891e+00 1.547380350448958275e+01
2.247100000000000097e+00 1.576958272327964927e+01
2.292499999999999982e+00 1.606974733403785294e+01
2.338799999999999990e+00 1.637014624306606336e+01
2.386099999999999888e+00 1.667337343273466743e+01
2.434299999999999908e+00 1.697968442472562245e+01
2.483499999999999819e+00 1.728788621873467335e+01
2.533599999999999852e+00 1.759930343499748773e+01
2.584799999999999986e+00 1.791285083143346668e+01
2.637000000000000011e+00 1.822818719305128710e+01
2.690300000000000136e+00 1.854694295216167887e+01
2.744699999999999918e+00 1.886645962732919202e+01
2.800100000000000033e+00 1.918962163518855490e+01
2.856700000000000017e+00 1.951476793248945185e+01
2.914400000000000102e+00 1.984066505022514804e+01
2.973300000000000054e+00 2.016889309503876504e+01
3.033300000000000107e+00 2.049997130998604078e+01
3.094599999999999795e+00 2.083383588630241690e+01
3.157099999999999795e+00 2.116627931544475416e+01
3.220899999999999874e+00 2.150398649699069509e+01
3.286000000000000032e+00 2.184222813652705497e+01
3.352300000000000058e+00 2.218180925735041598e+01
3.420100000000000140e+00 2.252341512500967369e+01
3.489199999999999857e+00 2.286655996527683499e+01
3.559600000000000097e+00 2.321172880002281858e+01
3.631600000000000161e+00 2.355756830519149503e+01
3.704899999999999860e+00 2.390563895546865325e+01
3.779799999999999827e+00 2.425510745555850178e+01
3.856100000000000083e+00 2.460604792298838461e+01
3.934000000000000163e+00 2.495781674125156258e+01
4.013499999999999623e+00 2.531075190000386144e+01
4.094599999999999795e+00 2.566628794026943794e+01
4.177299999999999791e+00 2.602134016218523271e+01
4.261700000000000266e+00 2.637800224466890953e+01
4.347800000000000331e+00 2.673671782762691862e+01
4.435599999999999987e+00 2.709538002980626104e+01
4.525199999999999889e+00 2.745544813169584586e+01
4.616600000000000037e+00 2.781681235911814554e+01
4.709900000000000198e+00 2.817698091382301939e+01
4.804999999999999716e+00 2.854022149202872072e+01
4.902099999999999902e+00 2.890396927016645279e+01
5.001100000000000101e+00 2.926651848858355365e+01
5.102100000000000080e+00 2.963220182836085215e+01
5.205199999999999605e+00 2.999627199522815602e+01
5.310399999999999565e+00 3.036165372244449756e+01
5.417600000000000193e+00 3.072719768881551516e+01
5.527099999999999902e+00 3.109345145040819958e+01
5.638700000000000045e+00 3.145938042584300476e+01
5.752600000000000158e+00 3.182290164407268307e+01
5.868900000000000006e+00 3.218982680479119551e+01
5.987400000000000055e+00 3.255628293150247288e+01
6.108399999999999608e+00 3.292266338130704639e+01
6.231799999999999784e+00 3.328776647772134112e+01
6.357700000000000351e+00 3.365365539133022565e+01
6.486100000000000421e+00 3.401870865895184437e+01
6.617099999999999760e+00 3.438345069939189358e+01
6.750799999999999912e+00 3.474825962621682152e+01
6.887199999999999989e+00 3.511123267687819549e+01
7.026299999999999990e+00 3.547355630875487265e+01
7.168199999999999683e+00 3.583623488250828615e+01
7.312999999999999723e+00 3.619713325075207422e+01
7.460799999999999876e+00 3.655589686307362740e+01
7.611500000000000377e+00 3.691539365452408816e+01
7.765299999999999869e+00 3.727106038443314162e+01
7.922100000000000364e+00 3.762569348127600222e+01
8.082200000000000273e+00 3.797898288084980578e+01
8.245400000000000063e+00 3.833077587033662326e+01
8.412000000000000810e+00 3.868112470054217766e+01
8.581899999999999196e+00 3.903034160831742128e+01
8.755300000000000082e+00 3.937686535940420640e+01
8.932199999999999918e+00 3.972249112616972866e+01
9.112600000000000477e+00 4.006478482184174084e+01
9.296699999999999520e+00 4.040682584998702254e+01
9.484500000000000597e+00 4.074781659388646915e+01
9.676099999999999923e+00 4.108488196885986810e+01
9.871600000000000819e+00 4.142302033425133345e+01
1.007099999999999973e+01 4.175658521104411136e+01
