# # k[h/Mpc], Boost (P^NLCDM_NL/P^NLCDM_L)
1.000000000000000048e-04 1.000000000000000000e+00
1.020200000000000024e-04 1.000000000000000000e+00
1.040800000000000064e-04 1.000000000000000000e+00
1.061800000000000032e-04 1.000000000000000000e+00
1.083300000000000013e-04 1.000000000000000000e+00
1.105200000000000057e-04 1.000000000000000000e+00
1.127500000000000030e-04 1.000000000000000000e+00
1.150300000000000015e-04 1.000000000000000000e+00
1.173500000000000064e-04 1.000000000000000000e+00
1.197199999999999989e-04 1.000000000000000000e+00
1.221399999999999927e-04 1.000000000000000000e+00
1.246099999999999877e-04 1.000000000000000000e+00
1.271199999999999891e-04 1.000000000000000000e+00
1.296899999999999865e-04 1.000000000000000000e+00
1.323100000000000122e-04 1.000000000000000000e+00
1.349900000000000069e-04 1.000000000000000000e+00
1.377100000000000080e-04 1.000000000000000000e+00
1.404900000000000051e-04 1.000000000000000000e+00
1.433299999999999982e-04 1.000000000000000000e+00
1.462299999999999874e-04 1.000000000000000000e+00
1.491800000000000049e-04 1.000000000000000000e+00
1.522000000000000132e-04 1.000000000000000000e+00
1.552699999999999957e-04 1.000000000000000000e+00
1.584099999999999961e-04 1.000000000000000000e+00
1.616099999999999926e-04 1.000000000000000000e+00
1.648700000000000122e-04 1.000000000000000000e+00
1.681999999999999956e-04 1.000000000000000000e+00
1.715999999999999969e-04 1.000000000000000000e+00
1.750699999999999891e-04 1.000000000000000000e+00
1.786000000000000044e-04 1.000000000000000000e+00
1.822100000000000054e-04 1.000000000000000000e+00
1.858899999999999973e-04 1.000000000000000000e+00
1.896500000000000020e-04 1.000000000000000000e+00
1.934799999999999975e-04 1.000000000000000000e+00
1.973900000000000058e-04 1.000000000000000000e+00
2.013799999999999998e-04 1.000000000000000000e+00
2.054400000000000117e-04 1.000000000000000000e+00
2.095900000000000042e-04 1.000000000000000000e+00
2.138300000000000042e-04 1.000000000000000000e+00
2.181499999999999900e-04 1.000000000000000000e+00
2.225499999999999885e-04 1.000000000000000000e+00
2.270499999999999895e-04 1.000000000000000000e+00
2.316399999999999980e-04 1.000000000000000000e+00
2.363199999999999871e-04 1.000000000000000000e+00
2.410900000000000109e-04 1.000000000000000000e+00
2.459599999999999829e-04 1.000000000000000000e+00
2.509300000000000115e-04 1.000000000000000000e+00
2.559999999999999884e-04 1.000000000000000000e+00
2.611700000000000219e-04 1.000000000000000000e+00
2.664499999999999985e-04 1.000000000000000000e+00
2.718299999999999775e-04 1.000000000000000000e+00
2.773200000000000079e-04 1.000000000000000000e+00
2.829199999999999814e-04 1.000000000000000000e+00
2.886400000000000012e-04 1.000000000000000000e+00
2.944700000000000182e-04 1.000000000000000000e+00
3.004199999999999731e-04 1.000000000000000000e+00
3.064899999999999743e-04 1.000000000000000000e+00
3.126800000000000217e-04 1.000000000000000000e+00
3.189900000000000070e-04 1.000000000000000000e+00
3.254399999999999741e-04 1.000000000000000000e+00
3.320099999999999874e-04 1.000000000000000000e+00
3.387199999999999825e-04 1.000000000000000000e+00
3.455600000000000186e-04 1.000000000000000000e+00
3.525399999999999823e-04 1.000000000000000000e+00
3.596599999999999819e-04 1.000000000000000000e+00
3.669300000000000122e-04 1.000000000000000000e+00
3.743400000000000243e-04 1.000000000000000000e+00
3.819000000000000129e-04 1.000000000000000000e+00
3.896200000000000271e-04 1.000000000000000000e+00
3.974900000000000178e-04 1.000000000000000000e+00
4.055199999999999799e-04 1.000000000000000000e+00
4.137100000000000217e-04 1.000000000000000000e+00
4.220699999999999756e-04 1.000000000000000000e+00
4.306000000000000040e-04 1.000000000000000000e+00
4.392900000000000038e-04 1.000000000000000000e+00
4.481700000000000137e-04 1.000000000000000000e+00
4.572199999999999897e-04 1.000000000000000000e+00
4.664599999999999758e-04 1.000000000000000000e+00
4.758799999999999771e-04 1.000000000000000000e+00
4.854999999999999832e-04 1.000000000000000000e+00
4.952999999999999504e-04 1.000000000000000000e+00
5.053100000000000256e-04 1.000000000000000000e+00
5.155199999999999973e-04 1.000000000000000000e+00
5.259299999999999739e-04 1.000000000000000000e+00
5.365600000000000534e-04 1.000000000000000000e+00
5.473900000000000293e-04 1.000000000000000000e+00
5.584500000000000488e-04 1.000000000000000000e+00
5.697299999999999543e-04 1.000000000000000000e+00
5.812400000000000119e-04 1.000000000000000000e+00
5.929900000000000535e-04 1.000000000000000000e+00
6.049599999999999813e-04 1.000000000000000000e+00
6.171899999999999912e-04 1.000000000000000000e+00
6.296500000000000447e-04 1.000000000000000000e+00
6.423699999999999636e-04 1.000000000000000000e+00
6.553499999999999647e-04 1.000000000000000000e+00
6.685900000000000480e-04 1.000000000000000000e+00
6.821000000000000457e-04 1.000000000000000000e+00
6.958799999999999578e-04 1.000000000000000000e+00
7.099300000000000012e-04 1.000000000000000000e+00
7.242699999999999486e-04 1.000000000000000000e+00
7.389099999999999575e-04 1.000000000000000000e+00
7.538300000000000382e-04 1.000000000000000000e+00
7.690600000000000127e-04 1.000000000000000000e+00
7.845999999999999893e-04 1.000000000000000000e+00
8.004499999999999680e-04 1.000000000000000000e+00
8.166199999999999978e-04 1.000000000000000000e+00
8.331099999999999704e-04 1.000000000000000000e+00
8.499399999999999837e-04 1.000000000000000000e+00
8.671100000000000379e-04 1.000000000000000000e+00
8.846299999999999650e-04 1.000000000000000000e+00
9.024999999999999819e-04 1.000000000000000000e+00
9.207300000000000293e-04 1.000000000000000000e+00
9.393300000000000477e-04 1.000000000000000000e+00
9.583099999999999778e-04 1.000000000000000000e+00
9.776699999999999280e-04 1.000000000000000000e+00
9.974199999999999473e-04 1.000000000000000000e+00
1.017600000000000015e-03 1.000000000000000000e+00
1.038099999999999917e-03 1.000000000000000000e+00
1.059100000000000102e-03 1.000000000000000000e+00
1.080500000000000080e-03 1.000000000000000000e+00
1.102300000000000068e-03 1.000000000000000000e+00
1.124599999999999905e-03 1.000000000000000000e+00
1.147299999999999969e-03 1.000000000000000000e+00
1.170500000000000099e-03 1.000000000000000000e+00
1.194100000000000023e-03 1.000000000000000000e+00
1.218200000000000012e-03 1.000000000000000000e+00
1.242899999999999908e-03 1.000000000000000000e+00
1.268000000000000030e-03 1.000000000000000000e+00
1.293600000000000002e-03 1.000000000000000000e+00
1.319700000000000040e-03 1.000000000000000000e+00
1.346399999999999984e-03 1.000000000000000000e+00
1.373599999999999995e-03 1.000000000000000000e+00
1.401300000000000072e-03 1.000000000000000000e+00
1.429600000000000055e-03 1.000000000000000000e+00
1.458499999999999944e-03 1.000000000000000000e+00
1.487999999999999956e-03 1.000000000000000000e+00
1.518000000000000035e-03 1.000000000000000000e+00
1.548700000000000077e-03 1.000000000000000000e+00
1.580000000000000024e-03 1.000000000000000000e+00
1.611900000000000095e-03 1.000000000000000000e+00
1.644499999999999912e-03 1.000000000000000000e+00
1.677700000000000068e-03 1.000000000000000000e+00
1.711599999999999970e-03 1.000000000000000000e+00
1.746200000000000052e-03 1.000000000000000000e+00
1.781400000000000041e-03 1.000000000000000000e+00
1.817400000000000048e-03 1.000000000000000000e+00
1.854100000000000019e-03 1.000000000000000000e+00
1.891600000000000009e-03 1.000000000000000000e+00
1.929799999999999962e-03 1.000000000000000000e+00
1.968800000000000151e-03 1.000000000000000000e+00
2.008600000000000142e-03 1.000000000000000000e+00
2.049099999999999880e-03 1.000000000000000000e+00
2.090499999999999910e-03 1.000000000000000000e+00
2.132799999999999800e-03 1.000000000000000000e+00
2.175799999999999870e-03 1.000000000000000000e+00
2.219800000000000072e-03 1.000000000000000000e+00
2.264599999999999860e-03 1.000000000000000000e+00
2.310400000000000214e-03 1.000000000000000000e+00
2.357099999999999994e-03 1.000000000000000000e+00
2.404700000000000067e-03 1.000000000000000000e+00
2.453299999999999838e-03 1.000000000000000000e+00
2.502799999999999903e-03 1.000000000000000000e+00
2.553399999999999941e-03 1.000000000000000000e+00
2.605000000000000111e-03 1.000000000000000000e+00
2.657599999999999980e-03 1.000000000000000000e+00
2.711299999999999821e-03 1.000000000000000000e+00
2.765999999999999796e-03 1.000000000000000000e+00
2.821900000000000016e-03 1.000000000000000000e+00
2.878900000000000209e-03 1.000000000000000000e+00
2.937100000000000214e-03 1.000000000000000000e+00
2.996400000000000192e-03 1.000000000000000000e+00
3.056899999999999982e-03 1.000000000000000000e+00
3.118699999999999858e-03 1.000000000000000000e+00
3.181699999999999980e-03 1.000000000000000000e+00
3.246000000000000187e-03 1.000000000000000000e+00
3.311500000000000207e-03 1.000000000000000000e+00
3.378400000000000153e-03 1.000000000000000000e+00
3.446700000000000024e-03 1.000000000000000000e+00
3.516299999999999981e-03 1.000000000000000000e+00
3.587400000000000137e-03 1.000000000000000000e+00
3.659799999999999946e-03 1.000000000000000000e+00
3.733799999999999793e-03 1.000000000000000000e+00
3.809199999999999999e-03 1.000000000000000000e+00
3.886099999999999971e-03 1.000000000000000000e+00
3.964600000000000415e-03 1.000000000000000000e+00
4.044700000000000031e-03 9.999411175881763869e-01
4.126399999999999686e-03 9.999419144981412932e-01
4.209799999999999653e-03 9.999426966935992533e-01
4.294799999999999660e-03 1.000000000000000000e+00
4.381600000000000251e-03 1.000111582236107965e+00
4.470100000000000288e-03 1.000220240061667321e+00
4.560400000000000044e-03 1.000271724362806314e+00
4.652500000000000385e-03 1.000214580762834649e+00
4.746499999999999851e-03 1.000000000000000000e+00
4.842400000000000176e-03 9.995293625477174038e-01
4.940199999999999626e-03 9.989671555463747188e-01
5.040000000000000209e-03 9.983169276278880400e-01
5.141899999999999596e-03 9.976826196473551622e-01
5.245699999999999842e-03 9.971631911611008592e-01
5.351700000000000033e-03 9.969020456333596014e-01
5.459799999999999896e-03 9.967928470771174609e-01
5.570099999999999704e-03 9.967343802526053009e-01
5.682600000000000325e-03 9.967720497484097164e-01
5.797400000000000296e-03 9.968556410737751117e-01
5.914499999999999619e-03 9.968446939817178221e-01
6.034000000000000301e-03 9.968337004405286583e-01
6.155899999999999740e-03 9.967321744655743831e-01
6.280299999999999945e-03 9.966326942935392896e-01
6.407200000000000048e-03 9.965351812366737283e-01
6.536600000000000049e-03 9.964395604395603900e-01
6.668600000000000222e-03 9.963456016705820595e-01
6.803299999999999972e-03 9.962964557943241317e-01
6.940799999999999574e-03 9.962053381086382053e-01
7.080999999999999621e-03 9.961579058475829029e-01
7.224000000000000386e-03 9.960692481391653086e-01
7.369999999999999815e-03 9.959819394391284941e-01
7.518900000000000236e-03 9.958957521034270677e-01
7.670800000000000188e-03 9.958107943222027636e-01
7.825699999999999670e-03 9.957669824632130462e-01
7.983799999999999231e-03 9.956436593261660528e-01
8.145100000000000603e-03 9.955613680497761298e-01
8.309600000000000319e-03 9.954799151010140790e-01
8.477500000000000660e-03 9.953602620087336206e-01
8.648799999999999891e-03 9.952802816356531856e-01
8.823499999999999746e-03 9.951624049758119872e-01
9.001699999999999632e-03 9.950836541026716331e-01
9.183600000000000096e-03 9.949674587558650085e-01
9.369099999999999998e-03 9.948519464903051723e-01
9.558300000000000476e-03 9.947368421052631415e-01
9.751400000000000345e-03 9.946224595757305886e-01
9.948399999999999604e-03 9.945083296476485701e-01
1.014900000000000004e-02 9.943577343005788327e-01
1.035400000000000036e-02 9.942440801457195221e-01
1.056400000000000047e-02 9.941302221094967528e-01
1.077700000000000012e-02 9.940162929853652019e-01
1.099499999999999957e-02 9.938661309993542803e-01
1.121699999999999954e-02 9.937515621094726859e-01
1.144300000000000005e-02 9.936006825938566989e-01
1.167499999999999961e-02 9.934494724169676827e-01
1.191000000000000045e-02 9.932973506896672911e-01
1.215100000000000034e-02 9.931444241316270682e-01
1.239700000000000003e-02 9.929903266507780213e-01
1.264700000000000026e-02 9.928346731911918965e-01
1.290200000000000027e-02 9.926778242677823938e-01
1.316299999999999935e-02 9.924843423799581954e-01
1.342899999999999996e-02 9.923234568758900753e-01
1.370000000000000037e-02 9.921259842519685179e-01
1.397699999999999984e-02 9.919603562393872753e-01
1.425900000000000084e-02 9.917575757575757267e-01
1.454699999999999917e-02 9.915861639139919026e-01
1.484100000000000003e-02 9.913769220113589631e-01
1.514099999999999994e-02 9.911639349942825694e-01
1.544700000000000066e-02 9.909813035485102173e-01
1.575899999999999870e-02 9.907600389050993384e-01
1.607700000000000101e-02 9.905338623233799211e-01
1.640199999999999991e-02 9.903024383437402101e-01
1.673399999999999888e-02 9.901003952845699452e-01
1.707200000000000037e-02 9.898922542378829625e-01
1.741600000000000092e-02 9.896079191179061318e-01
1.776799999999999907e-02 9.893869176071037330e-01
1.812700000000000075e-02 9.891230938755198876e-01
1.849299999999999902e-02 9.888515686414636185e-01
1.886699999999999836e-02 9.886073674752919871e-01
1.924800000000000122e-02 9.883544303797467956e-01
1.963700000000000168e-02 9.880922034885838423e-01
2.003399999999999972e-02 9.878205363366228120e-01
2.043800000000000130e-02 9.875018488389291083e-01
2.085100000000000148e-02 9.872086518739511263e-01
2.127199999999999924e-02 9.869416324841003840e-01
2.170199999999999907e-02 9.866626135197781311e-01
2.214100000000000096e-02 9.863718376905064034e-01
2.258800000000000044e-02 9.860297256393341092e-01
2.304399999999999851e-02 9.857126035247477658e-01
2.350999999999999965e-02 9.854208874587851996e-01
2.398499999999999938e-02 9.851154557888808228e-01
2.446900000000000117e-02 9.848361323984998750e-01
2.496400000000000008e-02 9.845022110178948127e-01
2.546800000000000105e-02 9.841941975515680063e-01
2.598200000000000162e-02 9.838290991106004579e-01
2.650699999999999931e-02 9.835760902450619847e-01
2.704300000000000107e-02 9.832228029338134778e-01
2.758899999999999894e-02 9.829418594266321474e-01
2.814600000000000088e-02 9.826019805578268818e-01
2.871500000000000094e-02 9.822931114193249602e-01
2.929500000000000159e-02 9.820167592505413268e-01
2.988700000000000037e-02 9.817274950841686776e-01
3.048999999999999974e-02 9.814262671684833572e-01
3.110600000000000170e-02 9.811132705436786949e-01
3.173499999999999932e-02 9.807878017789072311e-01
3.237600000000000200e-02 9.805019705455300105e-01
3.302999999999999686e-02 9.802593278645144181e-01
3.369699999999999779e-02 9.799578628923343304e-01
3.437799999999999884e-02 9.797032706414428027e-01
3.507199999999999901e-02 9.794447260235400465e-01
3.578100000000000031e-02 9.791834387579068100e-01
3.650400000000000172e-02 9.789195537287140869e-01
3.724100000000000327e-02 9.787131978173532199e-01
3.799299999999999899e-02 9.784485397661176753e-01
3.876099999999999685e-02 9.781834093892605164e-01
3.954400000000000276e-02 9.779210005743091960e-01
4.034299999999999692e-02 9.776619993487463134e-01
4.115800000000000014e-02 9.774071366868229971e-01
4.198899999999999855e-02 9.771618324749254958e-01
4.283800000000000108e-02 9.768598466533121583e-01
4.370299999999999879e-02 9.764970797269720837e-01
4.458600000000000063e-02 9.762126531489575543e-01
4.548599999999999866e-02 9.759369986874726344e-01
4.640500000000000180e-02 9.755970924195223049e-01
4.734300000000000314e-02 9.751866656610603812e-01
4.829900000000000165e-02 9.747796090456113394e-01
4.927499999999999936e-02 9.743749513201962476e-01
5.027000000000000218e-02 9.739715189873418000e-01
5.128599999999999826e-02 9.734897172236504082e-01
5.232200000000000045e-02 9.729244821399445353e-01
5.337900000000000283e-02 9.725142809835251034e-01
5.445699999999999846e-02 9.719304143205311775e-01
5.555700000000000222e-02 9.715017064846416250e-01
5.668000000000000121e-02 9.708864049909019522e-01
5.782500000000000140e-02 9.704199313319834541e-01
5.899299999999999683e-02 9.699275038038127628e-01
6.018400000000000138e-02 9.694927602222019880e-01
6.140000000000000319e-02 9.690224448154330927e-01
6.264100000000000223e-02 9.686052009456265210e-01
6.390600000000000447e-02 9.684271507193202844e-01
6.519700000000000495e-02 9.682693256984895580e-01
6.651400000000000368e-02 9.681616888763068252e-01
6.785800000000000165e-02 9.682384913802044579e-01
6.922899999999999887e-02 9.684548303874116471e-01
7.062699999999999534e-02 9.688474204171241277e-01
7.205400000000000693e-02 9.694156013270981420e-01
7.351000000000000589e-02 9.701735294461801828e-01
7.499400000000000510e-02 9.711361434108526369e-01
7.650899999999999368e-02 9.723108220106989608e-01
7.805499999999999938e-02 9.736917581414752387e-01
7.963199999999999446e-02 9.752713377867509026e-01
8.124099999999999377e-02 9.770660953159578943e-01
8.288199999999999734e-02 9.790483736079932386e-01
8.455600000000000616e-02 9.811519604099524505e-01
8.626399999999999346e-02 9.833887043189368793e-01
8.800700000000000189e-02 9.857003521184969363e-01
8.978500000000000369e-02 9.879979395604395753e-01
9.159799999999999887e-02 9.902440761246906753e-01
9.344900000000000428e-02 9.923562890243677881e-01
9.533700000000000507e-02 9.942782192145381837e-01
9.726300000000000223e-02 9.959301074216838634e-01
9.922699999999999576e-02 9.973482261239905444e-01
1.012300000000000005e-01 9.984978805712169114e-01
1.032799999999999968e-01 9.993900002103446312e-01
1.053599999999999953e-01 1.000128830008803371e+00
1.074900000000000022e-01 1.000766484900247555e+00
1.096599999999999936e-01 1.001384639435424440e+00
1.118799999999999933e-01 1.002119319994530855e+00
1.141400000000000053e-01 1.003073484213467426e+00
1.164400000000000018e-01 1.004362544102221921e+00
1.188000000000000028e-01 1.006167400881057272e+00
1.212000000000000022e-01 1.008570276265376098e+00
1.236499999999999960e-01 1.011751524310803063e+00
1.261400000000000021e-01 1.015734407526561967e+00
1.286899999999999988e-01 1.020579375580642489e+00
1.312899999999999900e-01 1.026321981059937549e+00
1.339400000000000035e-01 1.032897979300147817e+00
1.366499999999999937e-01 1.040169338159255386e+00
1.394100000000000061e-01 1.047967976117782696e+00
1.422299999999999953e-01 1.056085409252669027e+00
1.451000000000000068e-01 1.064118326440892659e+00
1.480299999999999949e-01 1.071770148905563547e+00
1.510199999999999876e-01 1.078716612114599904e+00
1.540700000000000125e-01 1.084758519757474282e+00
1.571799999999999864e-01 1.089843581677941931e+00
1.603600000000000025e-01 1.094135870767869001e+00
1.635999999999999954e-01 1.097931597568720052e+00
1.668999999999999928e-01 1.101551612004088021e+00
1.702799999999999869e-01 1.105581483950852428e+00
1.737100000000000033e-01 1.110512920908379053e+00
1.772199999999999886e-01 1.116744092102605501e+00
1.807999999999999885e-01 1.124790619765494215e+00
1.844600000000000128e-01 1.134794699820055541e+00
1.881799999999999862e-01 1.146850753080784990e+00
1.919800000000000118e-01 1.160529309622178484e+00
1.958600000000000063e-01 1.175519194461925876e+00
1.998199999999999976e-01 1.191074380165289215e+00
2.038600000000000134e-01 1.206263424097554271e+00
2.079699999999999882e-01 1.220526544192101825e+00
2.121800000000000075e-01 1.233203066285886162e+00
2.164600000000000135e-01 1.244226731980405898e+00
2.208299999999999985e-01 1.254049719326383316e+00
2.253000000000000003e-01 1.263483934913686380e+00
2.298499999999999988e-01 1.273609810099633810e+00
2.344900000000000040e-01 1.285512989872303002e+00
2.392299999999999982e-01 1.300365965233302834e+00
2.440599999999999992e-01 1.318246920653108001e+00
2.489899999999999891e-01 1.338999999999999968e+00
2.540200000000000236e-01 1.361604800973623908e+00
2.591499999999999915e-01 1.385097952894563056e+00
2.643900000000000139e-01 1.408148924650669986e+00
2.697300000000000253e-01 1.429635324076298453e+00
2.751799999999999802e-01 1.448998689874602119e+00
2.807399999999999896e-01 1.467230389304785110e+00
2.864099999999999979e-01 1.485503850016739236e+00
2.921900000000000053e-01 1.505521216751163349e+00
2.980999999999999761e-01 1.528446120720798884e+00
3.041200000000000014e-01 1.555116328193367536e+00
3.102599999999999802e-01 1.584965255843335363e+00
3.165299999999999780e-01 1.616547571787746440e+00
3.229199999999999848e-01 1.648294599131292504e+00
3.294500000000000206e-01 1.678912670459676626e+00
3.361000000000000099e-01 1.708005039583294193e+00
3.428899999999999726e-01 1.736544740083282745e+00
3.498200000000000198e-01 1.766209210125038176e+00
3.568899999999999850e-01 1.798644498570369787e+00
3.640900000000000247e-01 1.834601096762780603e+00
3.714500000000000024e-01 1.873725345110643481e+00
3.789500000000000091e-01 1.914320951828206718e+00
3.866100000000000092e-01 1.955027791814047289e+00
3.944199999999999928e-01 1.995123879810226875e+00
4.023900000000000254e-01 2.034937376400791198e+00
4.105199999999999960e-01 2.076145764749663503e+00
4.188100000000000156e-01 2.119930717314698398e+00
4.272699999999999831e-01 2.166905801621958894e+00
4.359000000000000097e-01 2.216509633879959473e+00
4.447099999999999942e-01 2.267014101778050073e+00
4.536899999999999822e-01 2.317934492691774206e+00
4.628599999999999937e-01 2.369378061451684392e+00
4.722100000000000186e-01 2.422287617130024273e+00
4.817400000000000015e-01 2.477846054333764148e+00
4.914799999999999724e-01 2.536129059504201866e+00
5.014100000000000223e-01 2.596522966950536304e+00
5.115300000000000402e-01 2.657986911236058791e+00
5.218699999999999450e-01 2.720692974013474430e+00
5.324100000000000499e-01 2.784856554288297925e+00
5.431700000000000417e-01 2.851356314602025321e+00
5.541399999999999659e-01 2.920206061270345987e+00
5.653299999999999992e-01 2.991526394137181022e+00
5.767499999999999849e-01 3.064656977091931189e+00
5.884000000000000341e-01 3.139840039990002829e+00
6.002899999999999903e-01 3.217036553524804443e+00
6.124199999999999644e-01 3.296420047732696812e+00
6.247899999999999565e-01 3.377662226654320587e+00
6.374100000000000321e-01 3.461269439690453531e+00
6.502900000000000347e-01 3.546712264884190891e+00
6.634200000000000097e-01 3.634784020785969627e+00
6.768300000000000427e-01 3.724705283690950886e+00
6.905000000000000027e-01 3.817311951802959236e+00
7.044500000000000206e-01 3.912077741786210261e+00
7.186799999999999855e-01 4.009766002707406685e+00
7.331999999999999629e-01 4.109435448842917893e+00
7.480099999999999527e-01 4.211903756859434189e+00
7.631200000000000205e-01 4.316868798235942606e+00
7.785400000000000098e-01 4.424388333410127494e+00
7.942599999999999660e-01 4.534589832466782156e+00
8.103099999999999747e-01 4.647460483130666731e+00
8.266799999999999704e-01 4.763037222930271319e+00
8.433800000000000185e-01 4.881383855024711060e+00
8.604100000000000081e-01 5.002438674508679739e+00
8.778000000000000247e-01 5.126287230374890314e+00
8.955300000000000482e-01 5.252960340830775010e+00
9.136199999999999877e-01 5.382424668969016501e+00
9.320800000000000196e-01 5.514734807669284145e+00
9.509100000000000330e-01 5.650246657610638934e+00
9.701100000000000279e-01 5.788736340711683859e+00
9.897099999999999786e-01 5.930228018116507904e+00
1.009700000000000042e+00 6.074962763461263293e+00
1.030100000000000016e+00 6.222809860957092987e+00
1.050899999999999945e+00 6.373910523617396073e+00
1.072100000000000053e+00 6.528334420728866938e+00
1.093800000000000106e+00 6.686234867122988312e+00
1.115899999999999892e+00 6.847305694203932092e+00
1.138400000000000079e+00 7.011901275326819949e+00
1.161399999999999988e+00 7.180001113523746703e+00
1.184900000000000064e+00 7.351691214996797896e+00
1.208800000000000097e+00 7.526862082610415783e+00
1.233300000000000063e+00 7.705554671335349326e+00
1.258199999999999985e+00 7.887745930290622098e+00
1.283600000000000074e+00 8.073535044044426456e+00
1.309500000000000108e+00 8.263228813867948830e+00
1.336000000000000076e+00 8.456439754676011944e+00
1.362999999999999989e+00 8.653462979198215166e+00
1.390500000000000069e+00 8.853962563054988522e+00
1.418600000000000083e+00 9.058315523182274731e+00
1.447200000000000042e+00 9.266189020216311079e+00
1.476499999999999924e+00 9.478082322605290599e+00
1.506299999999999972e+00 9.693699095587867021e+00
1.536699999999999955e+00 9.913716467081524542e+00
1.567800000000000082e+00 1.013682136602451855e+01
1.599399999999999933e+00 1.036315729178600087e+01
1.631799999999999917e+00 1.059479553903345561e+01
1.664700000000000069e+00 1.082977655033893960e+01
1.698399999999999910e+00 1.106774426703462844e+01
1.732699999999999907e+00 1.131053935057787641e+01
1.767700000000000049e+00 1.155657998991572555e+01
1.803399999999999892e+00 1.180645647910695573e+01
1.839800000000000102e+00 1.206082148499210049e+01
1.877000000000000002e+00 1.231882859033752453e+01
1.914900000000000047e+00 1.258036565288969655e+01
1.953600000000000003e+00 1.284534398257396859e+01
1.993000000000000105e+00 1.311370983076630559e+01
2.033300000000000107e+00 1.338645418326693459e+01
2.074399999999999800e+00 1.366297575688001409e+01
2.116299999999999848e+00 1.394359574398285417e+01
2.158999999999999808e+00 1.422776339009465296e+01
2.202599999999999891e+00 1.451578037181150016e+01
2.247100000000000097e+00 1.480609714652535658e+01
2.292499999999999982e+00 1.510145921840778982e+01
2.338799999999999990e+00 1.539929739149677879e+01
2.386099999999999888e+00 1.570216776625824906e+01
2.434299999999999908e+00 1.600735830698127060e+01
2.483499999999999819e+00 1.631621737952143292e+01
2.533599999999999852e+00 1.662905194175568724e+01
2.584799999999999986e+00 1.694503375120540056e+01
2.637000000000000011e+00 1.726465233462677062e+01
2.690300000000000136e+00 1.758767699371118098e+01
2.744699999999999918e+00 1.791411167101774993e+01
2.800100000000000033e+00 1.824383718708197932e+01
2.856700000000000017e+00 1.857722128152570917e+01
2.914400000000000102e+00 1.891377536706256635e+01
2.973300000000000054e+00 1.925358851674641159e+01
3.033300000000000107e+00 1.959695073269978849e+01
3.094599999999999795e+00 1.994376858610435477e+01
3.157099999999999795e+00 2.029374201787994991e+01
3.220899999999999874e+00 2.064751631455049008e+01
3.286000000000000032e+00 2.100438047559449117e+01
3.352300000000000058e+00 2.136459223237168814e+01
3.420100000000000140e+00 2.172820760576989230e+01
3.489199999999999857e+00 2.209467541411432023e+01
3.559600000000000097e+00 2.246544568404218722e+01
3.631600000000000161e+00 2.283982718617489382e+01
3.704899999999999860e+00 2.321662743779421589e+01
3.779799999999999827e+00 2.359789761936310271e+01
3.856100000000000083e+00 2.398208317861121586e+01
3.934000000000000163e+00 2.436969460435164692e+01
4.013499999999999623e+00 2.476153846153846061e+01
4.094599999999999795e+00 2.515607310367135696e+01
4.177299999999999791e+00 2.555549257453803591e+01
4.261700000000000266e+00 2.595720586482298486e+01
4.347800000000000331e+00 2.636392127366177718e+01
4.435599999999999987e+00 2.677368316962225592e+01
4.525199999999999889e+00 2.718743499063865343e+01
4.616600000000000037e+00 2.760376395068932709e+01
4.709900000000000198e+00 2.802609363008442145e+01
4.804999999999999716e+00 2.845190987644351210e+01
4.902099999999999902e+00 2.888161808447352641e+01
5.001100000000000101e+00 2.931663685152057397e+01
5.102100000000000080e+00 2.975334212012803548e+01
5.205199999999999605e+00 3.019623389494549315e+01
5.310399999999999565e+00 3.064297341291372945e+01
5.417600000000000193e+00 3.109453282939263374e+01
5.527099999999999902e+00 3.155111769334011740e+01
5.638700000000000045e+00 3.201116229192561491e+01
5.752600000000000158e+00 3.247676746932278746e+01
5.868900000000000006e+00 3.294706240281252008e+01
5.987400000000000055e+00 3.342308459412485178e+01
6.108399999999999608e+00 3.390275755437801308e+01
6.231799999999999784e+00 3.438953396399531925e+01
6.357700000000000351e+00 3.488054152286633069e+01
6.486100000000000421e+00 3.537661242135601469e+01
6.617099999999999760e+00 3.587824443744558067e+01
6.750799999999999912e+00 3.638636585604062645e+01
6.887199999999999989e+00 3.689858296259679804e+01
7.026299999999999990e+00 3.742044788114424847e+01
7.168199999999999683e+00 3.794643879865294878e+01
7.312999999999999723e+00 3.847808225798656423e+01
7.460799999999999876e+00 3.901748840055065415e+01
7.611500000000000377e+00 3.956372047985367857e+01
7.765299999999999869e+00 4.011863877614736396e+01
7.922100000000000364e+00 4.067994608357046360e+01
8.082200000000000273e+00 4.124751035376687724e+01
8.245400000000000063e+00 4.182212581344901992e+01
8.412000000000000810e+00 4.240566536306943846e+01
8.581899999999999196e+00 4.299691231725009999e+01
8.755300000000000082e+00 4.359508190281651707e+01
8.932199999999999918e+00 4.420428144706272633e+01
9.112600000000000477e+00 4.481640522303040797e+01
9.296699999999999520e+00 4.543741899648212978e+01
9.484500000000000597e+00 4.606503667481662490e+01
9.676099999999999923e+00 4.670111082407646563e+01
9.871600000000000819e+00 4.734454332041273261e+01
1.007099999999999973e+01 4.799630762130041006e+01
