# # k[h/Mpc], logBoost (P^NLCDM_NL/P^NLCDM_L)
1.000000000000000048e-04 0.000000000000000000e+00
1.020200000000000024e-04 0.000000000000000000e+00
1.040800000000000064e-04 0.000000000000000000e+00
1.061800000000000032e-04 0.000000000000000000e+00
1.083300000000000013e-04 0.000000000000000000e+00
1.105200000000000057e-04 0.000000000000000000e+00
1.127500000000000030e-04 0.000000000000000000e+00
1.150300000000000015e-04 0.000000000000000000e+00
1.173500000000000064e-04 0.000000000000000000e+00
1.197199999999999989e-04 0.000000000000000000e+00
1.221399999999999927e-04 0.000000000000000000e+00
1.246099999999999877e-04 0.000000000000000000e+00
1.271199999999999891e-04 0.000000000000000000e+00
1.296899999999999865e-04 0.000000000000000000e+00
1.323100000000000122e-04 0.000000000000000000e+00
1.349900000000000069e-04 0.000000000000000000e+00
1.377100000000000080e-04 0.000000000000000000e+00
1.404900000000000051e-04 0.000000000000000000e+00
1.433299999999999982e-04 0.000000000000000000e+00
1.462299999999999874e-04 0.000000000000000000e+00
1.491800000000000049e-04 0.000000000000000000e+00
1.522000000000000132e-04 0.000000000000000000e+00
1.552699999999999957e-04 0.000000000000000000e+00
1.584099999999999961e-04 0.000000000000000000e+00
1.616099999999999926e-04 0.000000000000000000e+00
1.648700000000000122e-04 0.000000000000000000e+00
1.681999999999999956e-04 0.000000000000000000e+00
1.715999999999999969e-04 0.000000000000000000e+00
1.750699999999999891e-04 0.000000000000000000e+00
1.786000000000000044e-04 0.000000000000000000e+00
1.822100000000000054e-04 0.000000000000000000e+00
1.858899999999999973e-04 0.000000000000000000e+00
1.896500000000000020e-04 0.000000000000000000e+00
1.934799999999999975e-04 0.000000000000000000e+00
1.973900000000000058e-04 0.000000000000000000e+00
2.013799999999999998e-04 0.000000000000000000e+00
2.054400000000000117e-04 0.000000000000000000e+00
2.095900000000000042e-04 0.000000000000000000e+00
2.138300000000000042e-04 0.000000000000000000e+00
2.181499999999999900e-04 0.000000000000000000e+00
2.225499999999999885e-04 0.000000000000000000e+00
2.270499999999999895e-04 0.000000000000000000e+00
2.316399999999999980e-04 0.000000000000000000e+00
2.363199999999999871e-04 0.000000000000000000e+00
2.410900000000000109e-04 0.000000000000000000e+00
2.459599999999999829e-04 0.000000000000000000e+00
2.509300000000000115e-04 0.000000000000000000e+00
2.559999999999999884e-04 0.000000000000000000e+00
2.611700000000000219e-04 0.000000000000000000e+00
2.664499999999999985e-04 0.000000000000000000e+00
2.718299999999999775e-04 0.000000000000000000e+00
2.773200000000000079e-04 0.000000000000000000e+00
2.829199999999999814e-04 0.000000000000000000e+00
2.886400000000000012e-04 0.000000000000000000e+00
2.944700000000000182e-04 0.000000000000000000e+00
3.004199999999999731e-04 0.000000000000000000e+00
3.064899999999999743e-04 0.000000000000000000e+00
3.126800000000000217e-04 0.000000000000000000e+00
3.189900000000000070e-04 0.000000000000000000e+00
3.254399999999999741e-04 0.000000000000000000e+00
3.320099999999999874e-04 0.000000000000000000e+00
3.387199999999999825e-04 0.000000000000000000e+00
3.455600000000000186e-04 0.000000000000000000e+00
3.525399999999999823e-04 0.000000000000000000e+00
3.596599999999999819e-04 0.000000000000000000e+00
3.669300000000000122e-04 0.000000000000000000e+00
3.743400000000000243e-04 0.000000000000000000e+00
3.819000000000000129e-04 0.000000000000000000e+00
3.896200000000000271e-04 0.000000000000000000e+00
3.974900000000000178e-04 0.000000000000000000e+00
4.055199999999999799e-04 0.000000000000000000e+00
4.137100000000000217e-04 0.000000000000000000e+00
4.220699999999999756e-04 0.000000000000000000e+00
4.306000000000000040e-04 0.000000000000000000e+00
4.392900000000000038e-04 0.000000000000000000e+00
4.481700000000000137e-04 0.000000000000000000e+00
4.572199999999999897e-04 0.000000000000000000e+00
4.664599999999999758e-04 0.000000000000000000e+00
4.758799999999999771e-04 0.000000000000000000e+00
4.854999999999999832e-04 0.000000000000000000e+00
4.952999999999999504e-04 0.000000000000000000e+00
5.053100000000000256e-04 0.000000000000000000e+00
5.155199999999999973e-04 0.000000000000000000e+00
5.259299999999999739e-04 0.000000000000000000e+00
5.365600000000000534e-04 0.000000000000000000e+00
5.473900000000000293e-04 0.000000000000000000e+00
5.584500000000000488e-04 0.000000000000000000e+00
5.697299999999999543e-04 0.000000000000000000e+00
5.812400000000000119e-04 0.000000000000000000e+00
5.929900000000000535e-04 0.000000000000000000e+00
6.049599999999999813e-04 0.000000000000000000e+00
6.171899999999999912e-04 0.000000000000000000e+00
6.296500000000000447e-04 0.000000000000000000e+00
6.423699999999999636e-04 0.000000000000000000e+00
6.553499999999999647e-04 0.000000000000000000e+00
6.685900000000000480e-04 0.000000000000000000e+00
6.821000000000000457e-04 0.000000000000000000e+00
6.958799999999999578e-04 0.000000000000000000e+00
7.099300000000000012e-04 0.000000000000000000e+00
7.242699999999999486e-04 0.000000000000000000e+00
7.389099999999999575e-04 0.000000000000000000e+00
7.538300000000000382e-04 0.000000000000000000e+00
7.690600000000000127e-04 0.000000000000000000e+00
7.845999999999999893e-04 0.000000000000000000e+00
8.004499999999999680e-04 0.000000000000000000e+00
8.166199999999999978e-04 0.000000000000000000e+00
8.331099999999999704e-04 0.000000000000000000e+00
8.499399999999999837e-04 0.000000000000000000e+00
8.671100000000000379e-04 0.000000000000000000e+00
8.846299999999999650e-04 0.000000000000000000e+00
9.024999999999999819e-04 0.000000000000000000e+00
9.207300000000000293e-04 0.000000000000000000e+00
9.393300000000000477e-04 0.000000000000000000e+00
9.583099999999999778e-04 0.000000000000000000e+00
9.776699999999999280e-04 0.000000000000000000e+00
9.974199999999999473e-04 0.000000000000000000e+00
1.017600000000000015e-03 0.000000000000000000e+00
1.038099999999999917e-03 0.000000000000000000e+00
1.059100000000000102e-03 0.000000000000000000e+00
1.080500000000000080e-03 0.000000000000000000e+00
1.102300000000000068e-03 0.000000000000000000e+00
1.124599999999999905e-03 0.000000000000000000e+00
1.147299999999999969e-03 0.000000000000000000e+00
1.170500000000000099e-03 0.000000000000000000e+00
1.194100000000000023e-03 0.000000000000000000e+00
1.218200000000000012e-03 0.000000000000000000e+00
1.242899999999999908e-03 0.000000000000000000e+00
1.268000000000000030e-03 0.000000000000000000e+00
1.293600000000000002e-03 0.000000000000000000e+00
1.319700000000000040e-03 0.000000000000000000e+00
1.346399999999999984e-03 0.000000000000000000e+00
1.373599999999999995e-03 0.000000000000000000e+00
1.401300000000000072e-03 0.000000000000000000e+00
1.429600000000000055e-03 0.000000000000000000e+00
1.458499999999999944e-03 0.000000000000000000e+00
1.487999999999999956e-03 0.000000000000000000e+00
1.518000000000000035e-03 0.000000000000000000e+00
1.548700000000000077e-03 0.000000000000000000e+00
1.580000000000000024e-03 0.000000000000000000e+00
1.611900000000000095e-03 0.000000000000000000e+00
1.644499999999999912e-03 0.000000000000000000e+00
1.677700000000000068e-03 0.000000000000000000e+00
1.711599999999999970e-03 0.000000000000000000e+00
1.746200000000000052e-03 0.000000000000000000e+00
1.781400000000000041e-03 0.000000000000000000e+00
1.817400000000000048e-03 0.000000000000000000e+00
1.854100000000000019e-03 0.000000000000000000e+00
1.891600000000000009e-03 0.000000000000000000e+00
1.929799999999999962e-03 0.000000000000000000e+00
1.968800000000000151e-03 0.000000000000000000e+00
2.008600000000000142e-03 0.000000000000000000e+00
2.049099999999999880e-03 0.000000000000000000e+00
2.090499999999999910e-03 0.000000000000000000e+00
2.132799999999999800e-03 0.000000000000000000e+00
2.175799999999999870e-03 0.000000000000000000e+00
2.219800000000000072e-03 0.000000000000000000e+00
2.264599999999999860e-03 0.000000000000000000e+00
2.310400000000000214e-03 0.000000000000000000e+00
2.357099999999999994e-03 0.000000000000000000e+00
2.404700000000000067e-03 0.000000000000000000e+00
2.453299999999999838e-03 0.000000000000000000e+00
2.502799999999999903e-03 0.000000000000000000e+00
2.553399999999999941e-03 0.000000000000000000e+00
2.605000000000000111e-03 0.000000000000000000e+00
2.657599999999999980e-03 0.000000000000000000e+00
2.711299999999999821e-03 0.000000000000000000e+00
2.765999999999999796e-03 0.000000000000000000e+00
2.821900000000000016e-03 0.000000000000000000e+00
2.878900000000000209e-03 0.000000000000000000e+00
2.937100000000000214e-03 0.000000000000000000e+00
2.996400000000000192e-03 0.000000000000000000e+00
3.056899999999999982e-03 0.000000000000000000e+00
3.118699999999999858e-03 0.000000000000000000e+00
3.181699999999999980e-03 0.000000000000000000e+00
3.246000000000000187e-03 0.000000000000000000e+00
3.311500000000000207e-03 0.000000000000000000e+00
3.378400000000000153e-03 0.000000000000000000e+00
3.446700000000000024e-03 0.000000000000000000e+00
3.516299999999999981e-03 0.000000000000000000e+00
3.587400000000000137e-03 7.309674357266891147e-05
3.659799999999999946e-03 7.202275922308528874e-05
3.733799999999999793e-03 0.000000000000000000e+00
3.809199999999999999e-03 -6.994229763301536317e-05
3.886099999999999971e-03 -6.893461554448079820e-05
3.964600000000000415e-03 -6.795093944783004640e-05
4.044700000000000031e-03 -6.698596646508397077e-05
4.126399999999999686e-03 0.000000000000000000e+00
4.209799999999999653e-03 1.302252899353617511e-04
4.294799999999999660e-03 3.210169845551191586e-04
4.381600000000000251e-03 3.798911024540732053e-04
4.470100000000000288e-03 3.747189651641230613e-04
4.560400000000000044e-03 6.161619275493109026e-05
4.652500000000000385e-03 -4.864404814391757822e-04
4.746499999999999851e-03 -1.200408282914215089e-03
4.842400000000000176e-03 -2.073890471640769083e-03
4.940199999999999626e-03 -2.866756387773707494e-03
5.040000000000000209e-03 -3.523876440502627435e-03
5.141899999999999596e-03 -3.935777832442940646e-03
5.245699999999999842e-03 -4.111407892239526268e-03
5.351700000000000033e-03 -4.059959415655904798e-03
5.459799999999999896e-03 -4.064376441374135777e-03
5.570099999999999704e-03 -3.960186367502329004e-03
5.682600000000000325e-03 -4.019405716799075157e-03
5.797400000000000296e-03 -4.024363387422596160e-03
5.914499999999999619e-03 -4.133859004273546939e-03
6.034000000000000301e-03 -4.241020062374646973e-03
6.155899999999999740e-03 -4.345721197923377646e-03
6.280299999999999945e-03 -4.498705997477007654e-03
6.407200000000000048e-03 -4.598398666150988606e-03
6.536600000000000049e-03 -4.646572868344757933e-03
6.668600000000000222e-03 -4.742705381757960151e-03
6.803299999999999972e-03 -4.837236733440587744e-03
6.940799999999999574e-03 -4.929772828762456899e-03
7.080999999999999621e-03 -5.020851775245758000e-03
7.224000000000000386e-03 -5.157309007144698573e-03
7.369999999999999815e-03 -5.244970133893404884e-03
7.518900000000000236e-03 -5.377469008033988578e-03
7.670800000000000188e-03 -5.462255831500682605e-03
7.825699999999999670e-03 -5.545925795797350920e-03
7.983799999999999231e-03 -5.673330532807990302e-03
8.145100000000000603e-03 -5.799170726729453718e-03
8.309600000000000319e-03 -5.923278183030655439e-03
8.477500000000000660e-03 -6.002627853957119390e-03
8.648799999999999891e-03 -6.124404547930104893e-03
8.823499999999999746e-03 -6.287849277264352839e-03
9.001699999999999632e-03 -6.407150379349127976e-03
9.183600000000000096e-03 -6.525652038508821841e-03
9.369099999999999998e-03 -6.643432209700162079e-03
9.558300000000000476e-03 -6.801900887542638822e-03
9.751400000000000345e-03 -6.918162990165266889e-03
9.948399999999999604e-03 -7.074970724003162847e-03
1.014900000000000004e-02 -7.231100731913672752e-03
1.035400000000000036e-02 -7.346444601115305686e-03
1.056400000000000047e-02 -7.501790270994027933e-03
1.077700000000000012e-02 -7.657066324614839915e-03
1.099499999999999957e-02 -7.812384825937448984e-03
1.121699999999999954e-02 -7.967855344429154718e-03
1.144300000000000005e-02 -8.162990267067956468e-03
1.167499999999999961e-02 -8.319223093199270072e-03
1.191000000000000045e-02 -8.476274552786695546e-03
1.215100000000000034e-02 -8.634261364611376527e-03
1.239700000000000003e-02 -8.793638893540640239e-03
1.264700000000000026e-02 -8.992797239564873438e-03
1.290200000000000027e-02 -9.155222821816267134e-03
1.316299999999999935e-02 -9.357463486071523201e-03
1.342899999999999996e-02 -9.523881511255478591e-03
1.370000000000000037e-02 -9.730587248817850615e-03
1.397699999999999984e-02 -9.940137994850776343e-03
1.425900000000000084e-02 -1.011468041752164142e-02
1.454699999999999917e-02 -1.033024038354526594e-02
1.484100000000000003e-02 -1.054929908061195271e-02
1.514099999999999994e-02 -1.073450229027709743e-02
1.544700000000000066e-02 -1.096212073545202968e-02
1.575899999999999870e-02 -1.115639821362095045e-02
1.607700000000000101e-02 -1.135558589372592624e-02
1.640199999999999991e-02 -1.159806815227127329e-02
1.673399999999999888e-02 -1.184659030549084675e-02
1.707200000000000037e-02 -1.210152526195823822e-02
1.741600000000000092e-02 -1.228694818154965618e-02
1.776799999999999907e-02 -1.255566945902299170e-02
1.812700000000000075e-02 -1.283251050388001073e-02
1.849299999999999902e-02 -1.307914244268945821e-02
1.886699999999999836e-02 -1.329554248124461407e-02
1.924800000000000122e-02 -1.356005815008538493e-02
1.963700000000000168e-02 -1.383386419594865961e-02
2.003399999999999972e-02 -1.407890749859802559e-02
2.043800000000000130e-02 -1.437388257567190700e-02
2.085100000000000148e-02 -1.464084714532579677e-02
2.127199999999999924e-02 -1.491902998989682629e-02
2.170199999999999907e-02 -1.520972793569390878e-02
2.214100000000000096e-02 -1.551309478544969471e-02
2.258800000000000044e-02 -1.578882020696590824e-02
2.304399999999999851e-02 -1.607805527080568425e-02
2.350999999999999965e-02 -1.638166541250840949e-02
2.398499999999999938e-02 -1.669988283616041791e-02
2.446900000000000117e-02 -1.698996357116393588e-02
2.496400000000000008e-02 -1.729554547998491190e-02
2.546800000000000105e-02 -1.757201734102457197e-02
2.598200000000000162e-02 -1.790877193161429307e-02
2.650699999999999931e-02 -1.821560663227701771e-02
2.704300000000000107e-02 -1.853926951374748264e-02
2.758899999999999894e-02 -1.883152612300605447e-02
2.814600000000000088e-02 -1.913956974072211076e-02
2.871500000000000094e-02 -1.946260492097723338e-02
2.929500000000000159e-02 -1.980164449567982030e-02
2.988700000000000037e-02 -2.015576025440682373e-02
3.048999999999999974e-02 -2.042304580821923884e-02
3.110600000000000170e-02 -2.080733330700691719e-02
3.173499999999999932e-02 -2.109951948577672848e-02
3.237600000000000200e-02 -2.145818092300228602e-02
3.302999999999999686e-02 -2.177379954956061570e-02
3.369699999999999779e-02 -2.204242570817215724e-02
3.437799999999999884e-02 -2.237540231295617049e-02
3.507199999999999901e-02 -2.271551105810395987e-02
3.578100000000000031e-02 -2.300197751569597882e-02
3.650400000000000172e-02 -2.329044963085718373e-02
3.724100000000000327e-02 -2.364265268042876553e-02
3.799299999999999899e-02 -2.393254741888499806e-02
3.876099999999999685e-02 -2.422026544352123834e-02
3.954400000000000276e-02 -2.450352305591381105e-02
4.034299999999999692e-02 -2.478147115191048008e-02
4.115800000000000014e-02 -2.505321344758704855e-02
4.198899999999999855e-02 -2.538565313311992935e-02
4.283800000000000108e-02 -2.563598546637219783e-02
4.370299999999999879e-02 -2.587107165258886385e-02
4.458600000000000063e-02 -2.616082603867216430e-02
4.548599999999999866e-02 -2.643259160132550162e-02
4.640500000000000180e-02 -2.668256126414184776e-02
4.734300000000000314e-02 -2.691512813550196379e-02
4.829900000000000165e-02 -2.720666171649016932e-02
4.927499999999999936e-02 -2.740116314068967440e-02
5.027000000000000218e-02 -2.774248847559200593e-02
5.128599999999999826e-02 -2.790802669991172130e-02
5.232200000000000045e-02 -2.814522341326968283e-02
5.337900000000000283e-02 -2.845856600041834703e-02
5.445699999999999846e-02 -2.859996944270717933e-02
5.555700000000000222e-02 -2.882388982485665010e-02
5.668000000000000121e-02 -2.896247390253700246e-02
5.782500000000000140e-02 -2.919277396715666550e-02
5.899299999999999683e-02 -2.934368732624045156e-02
6.018400000000000138e-02 -2.942046144096491581e-02
6.140000000000000319e-02 -2.951241616306864851e-02
6.264100000000000223e-02 -2.953530287918948102e-02
6.390600000000000447e-02 -2.958630537002704050e-02
6.519700000000000495e-02 -2.957369854465460163e-02
6.651400000000000368e-02 -2.950293259016121064e-02
6.785800000000000165e-02 -2.927420360810873909e-02
6.922899999999999887e-02 -2.902230315691388743e-02
7.062699999999999534e-02 -2.875373765415522795e-02
7.205400000000000693e-02 -2.836215063739601361e-02
7.351000000000000589e-02 -2.787614448886460011e-02
7.499400000000000510e-02 -2.729270397200365961e-02
7.650899999999999368e-02 -2.659202131848688658e-02
7.805499999999999938e-02 -2.577593260489016019e-02
7.963199999999999446e-02 -2.482075773789552478e-02
8.124099999999999377e-02 -2.373689837990618223e-02
8.288199999999999734e-02 -2.251195577190871766e-02
8.455600000000000616e-02 -2.113357522806789957e-02
8.626399999999999346e-02 -1.963401743334390256e-02
8.800700000000000189e-02 -1.798063965390942626e-02
8.978500000000000369e-02 -1.621702860252434431e-02
9.159799999999999887e-02 -1.436831531270985583e-02
9.344900000000000428e-02 -1.243565012135665511e-02
9.533700000000000507e-02 -1.045968602055252425e-02
9.726300000000000223e-02 -8.473584094168363362e-03
9.922699999999999576e-02 -6.500447223299119122e-03
1.012300000000000005e-01 -4.602893710728671491e-03
1.032799999999999968e-01 -2.772775776546164070e-03
1.053599999999999953e-01 -9.979274644082880997e-04
1.074900000000000022e-01 7.011393801692933272e-04
1.096599999999999936e-01 2.407119920051277451e-03
1.118799999999999933e-01 4.133598816723079404e-03
1.141400000000000053e-01 5.921302603796804905e-03
1.164400000000000018e-01 7.840447947250989841e-03
1.188000000000000028e-01 9.971415039223253951e-03
1.212000000000000022e-01 1.236449328235807860e-02
1.236499999999999960e-01 1.503787736454050179e-02
1.261400000000000021e-01 1.810534352711211034e-02
1.286899999999999988e-01 2.156148028412209483e-02
1.312899999999999900e-01 2.549570057630608233e-02
1.339400000000000035e-01 2.995848826275468099e-02
1.366499999999999937e-01 3.494614308507091455e-02
1.394100000000000061e-01 4.051475424945731596e-02
1.422299999999999953e-01 4.658319509617377119e-02
1.451000000000000068e-01 5.304669064691286406e-02
1.480299999999999949e-01 5.973596462170559923e-02
1.510199999999999876e-01 6.645790557001249321e-02
1.540700000000000125e-01 7.295683779587355811e-02
1.571799999999999864e-01 7.911100165253626137e-02
1.603600000000000025e-01 8.470284676270156687e-02
1.635999999999999954e-01 8.983522419205224041e-02
1.668999999999999928e-01 9.451343816058933867e-02
1.702799999999999869e-01 9.894440406870370908e-02
1.737100000000000033e-01 1.033490330966450738e-01
1.772199999999999886e-01 1.080410026135586038e-01
1.807999999999999885e-01 1.133810274735734813e-01
1.844600000000000128e-01 1.195987651983094757e-01
1.881799999999999862e-01 1.269266997978736322e-01
1.919800000000000118e-01 1.354454621771246370e-01
1.958600000000000063e-01 1.450741345000647609e-01
1.998199999999999976e-01 1.558510856642125464e-01
2.038600000000000134e-01 1.673084748832343038e-01
2.079699999999999882e-01 1.790642249236482908e-01
2.121800000000000075e-01 1.905304633825449789e-01
2.164600000000000135e-01 2.012489529956121570e-01
2.208299999999999985e-01 2.108970743022714756e-01
2.253000000000000003e-01 2.195270925029873532e-01
2.298499999999999988e-01 2.272591791786619797e-01
2.344900000000000040e-01 2.348610050414477735e-01
2.392299999999999982e-01 2.430639166381224903e-01
2.440599999999999992e-01 2.524722110249725260e-01
2.489899999999999891e-01 2.634212387973057790e-01
2.540200000000000236e-01 2.762456247602809722e-01
2.591499999999999915e-01 2.905562275816436224e-01
2.643900000000000139e-01 3.059297898801950355e-01
2.697300000000000253e-01 3.215471396435580775e-01
2.751799999999999802e-01 3.365489904461494985e-01
2.807399999999999896e-01 3.502848477993547038e-01
2.864099999999999979e-01 3.626086554326815037e-01
2.921900000000000053e-01 3.742471868828703419e-01
2.980999999999999761e-01 3.858668920062533481e-01
3.041200000000000014e-01 3.984909730668582672e-01
3.102599999999999802e-01 4.128584267032509025e-01
3.165299999999999780e-01 4.290242622651935234e-01
3.229199999999999848e-01 4.466873656637545542e-01
3.294500000000000206e-01 4.649277850236097631e-01
3.361000000000000099e-01 4.827166897646797405e-01
3.428899999999999726e-01 4.996776601478033486e-01
3.498200000000000198e-01 5.154784521461570623e-01
3.568899999999999850e-01 5.308739731108175208e-01
3.640900000000000247e-01 5.467431264677445890e-01
3.714500000000000024e-01 5.639246756848381725e-01
3.789500000000000091e-01 5.826974293720244003e-01
3.866100000000000092e-01 6.026206658609987166e-01
3.944199999999999928e-01 6.227835381700623785e-01
4.023900000000000254e-01 6.425702999407065796e-01
4.105199999999999960e-01 6.615625295718390309e-01
4.188100000000000156e-01 6.803204442884612790e-01
4.272699999999999831e-01 6.994410919222747713e-01
4.359000000000000097e-01 7.195276966404864361e-01
4.447099999999999942e-01 7.407226392479120403e-01
4.536899999999999822e-01 7.624435269937711590e-01
4.628599999999999937e-01 7.842194943972601306e-01
4.722100000000000186e-01 8.056788625570461271e-01
4.817400000000000015e-01 8.269738652686385860e-01
4.914799999999999724e-01 8.486084144811801844e-01
5.014100000000000223e-01 8.709262129597712399e-01
5.115300000000000402e-01 8.938793656703335477e-01
5.218699999999999450e-01 9.171497011012614831e-01
5.324100000000000499e-01 9.403409327411236251e-01
5.431700000000000417e-01 9.636488795899427195e-01
5.541399999999999659e-01 9.872171249620864675e-01
5.653299999999999992e-01 1.011047422319019562e+00
5.767499999999999849e-01 1.035108404745150201e+00
5.884000000000000341e-01 1.059400734092091900e+00
6.002899999999999903e-01 1.083928527137216102e+00
6.124199999999999644e-01 1.108641057387633744e+00
6.247899999999999565e-01 1.133556255718981998e+00
6.374100000000000321e-01 1.158682767451601814e+00
6.502900000000000347e-01 1.184000064890582626e+00
6.634200000000000097e-01 1.209449697759837017e+00
6.768300000000000427e-01 1.235095999778079934e+00
6.905000000000000027e-01 1.260864911645507735e+00
7.044500000000000206e-01 1.286807562929157545e+00
7.186799999999999855e-01 1.312890319272618234e+00
7.331999999999999629e-01 1.339047510601810931e+00
7.480099999999999527e-01 1.365389950773017613e+00
7.631200000000000205e-01 1.391768584883155135e+00
7.785400000000000098e-01 1.418307618909680157e+00
7.942599999999999660e-01 1.444866434244837183e+00
8.103099999999999747e-01 1.471486535805859752e+00
8.266799999999999704e-01 1.498281156131641145e+00
8.433800000000000185e-01 1.525079870946652205e+00
8.604100000000000081e-01 1.551850467951180867e+00
8.778000000000000247e-01 1.578719614136613103e+00
8.955300000000000482e-01 1.605625363018585938e+00
9.136199999999999877e-01 1.632530670807537332e+00
9.320800000000000196e-01 1.659440208852150711e+00
9.509100000000000330e-01 1.686329689292348943e+00
9.701100000000000279e-01 1.713210058609317299e+00
9.897099999999999786e-01 1.740072367099491535e+00
1.009700000000000042e+00 1.766886664419226483e+00
1.030100000000000016e+00 1.793660566408794566e+00
1.050899999999999945e+00 1.820354185959990545e+00
1.072100000000000053e+00 1.847005147417879467e+00
1.093800000000000106e+00 1.873554139719325384e+00
1.115899999999999892e+00 1.900031607981588211e+00
1.138400000000000079e+00 1.926432331748147320e+00
1.161399999999999988e+00 1.952683896669790142e+00
1.184900000000000064e+00 1.978873579653718018e+00
1.208800000000000097e+00 2.004942785535870353e+00
1.233300000000000063e+00 2.030870771550203457e+00
1.258199999999999985e+00 2.056674701556945983e+00
1.283600000000000074e+00 2.082347976726774519e+00
1.309500000000000108e+00 2.107882185006861420e+00
1.336000000000000076e+00 2.133254484649796723e+00
1.362999999999999989e+00 2.158468853169900115e+00
1.390500000000000069e+00 2.183538492946464071e+00
1.418600000000000083e+00 2.208384955700348762e+00
1.447200000000000042e+00 2.233117760761996085e+00
1.476499999999999924e+00 2.257671859600149489e+00
1.506299999999999972e+00 2.282006218812390852e+00
1.536699999999999955e+00 2.306188700497344257e+00
1.567800000000000082e+00 2.330154808138764189e+00
1.599399999999999933e+00 2.353911110619043789e+00
1.631799999999999917e+00 2.377508449741838170e+00
1.664700000000000069e+00 2.400848021401094989e+00
1.698399999999999910e+00 2.423992826770057896e+00
1.732699999999999907e+00 2.446965142896071477e+00
1.767700000000000049e+00 2.469672921857430481e+00
1.803399999999999892e+00 2.492154841896750739e+00
1.839800000000000102e+00 2.514496325804200794e+00
1.877000000000000002e+00 2.536551163965479194e+00
1.914900000000000047e+00 2.558434794989076444e+00
1.953600000000000003e+00 2.580044446812188585e+00
1.993000000000000105e+00 2.601456679674751804e+00
2.033300000000000107e+00 2.622682717666806607e+00
2.074399999999999800e+00 2.643635393463366956e+00
2.116299999999999848e+00 2.664399208947023645e+00
2.158999999999999808e+00 2.684891327129519834e+00
2.202599999999999891e+00 2.705270166006381594e+00
2.247100000000000097e+00 2.725322577885748387e+00
2.292499999999999982e+00 2.745254396784376993e+00
2.338799999999999990e+00 2.764873142231482728e+00
2.386099999999999888e+00 2.784382561175504200e+00
2.434299999999999908e+00 2.803708923595799707e+00
2.483499999999999819e+00 2.822753552308727709e+00
2.533599999999999852e+00 2.841593175240320956e+00
2.584799999999999986e+00 2.860284461923757959e+00
2.637000000000000011e+00 2.878777470625673907e+00
2.690300000000000136e+00 2.897069688671084720e+00
2.744699999999999918e+00 2.915177503031169071e+00
2.800100000000000033e+00 2.933081563781955836e+00
2.856700000000000017e+00 2.950876143812260821e+00
2.914400000000000102e+00 2.968405906506820902e+00
2.973300000000000054e+00 2.985864339910350829e+00
3.033300000000000107e+00 3.003155225221700864e+00
3.094599999999999795e+00 3.020191795828209624e+00
3.157099999999999795e+00 3.037207701411439142e+00
3.220899999999999874e+00 3.053977071296687829e+00
3.286000000000000032e+00 3.070618597198634170e+00
3.352300000000000058e+00 3.087134332347038601e+00
3.420100000000000140e+00 3.103520935488012888e+00
3.489199999999999857e+00 3.119777240916303818e+00
3.559600000000000097e+00 3.135898065971657989e+00
3.631600000000000161e+00 3.151920305529093635e+00
3.704899999999999860e+00 3.167820881095531504e+00
3.779799999999999827e+00 3.183595049914571540e+00
3.856100000000000083e+00 3.199270031449613860e+00
3.934000000000000163e+00 3.214876028220453819e+00
4.013499999999999623e+00 3.230353504261996633e+00
4.094599999999999795e+00 3.245742784126143476e+00
4.177299999999999791e+00 3.261081197234760864e+00
4.261700000000000266e+00 3.276309776754737335e+00
4.347800000000000331e+00 3.291486542029935070e+00
4.435599999999999987e+00 3.306575273293248518e+00
4.525199999999999889e+00 3.321605232149339670e+00
4.616600000000000037e+00 3.336616922132076724e+00
4.709900000000000198e+00 3.351534294083278631e+00
4.804999999999999716e+00 3.366386550151687196e+00
4.902099999999999902e+00 3.381236556690906170e+00
5.001100000000000101e+00 3.396057980598293113e+00
5.102100000000000080e+00 3.410799479770485476e+00
5.205199999999999605e+00 3.425572399006313162e+00
5.310399999999999565e+00 3.440240488109006289e+00
5.417600000000000193e+00 3.455012504209236557e+00
5.527099999999999902e+00 3.469705620576242655e+00
5.638700000000000045e+00 3.484329173966500104e+00
5.752600000000000158e+00 3.499064549357515208e+00
5.868900000000000006e+00 3.513736339737077330e+00
5.987400000000000055e+00 3.528425033729573279e+00
6.108399999999999608e+00 3.543135811511744393e+00
6.231799999999999784e+00 3.557857581240779776e+00
6.357700000000000351e+00 3.572605367114087382e+00
6.486100000000000421e+00 3.587366364718818090e+00
6.617099999999999760e+00 3.602165174337569553e+00
6.750799999999999912e+00 3.617014609648522061e+00
6.887199999999999989e+00 3.631886188149026751e+00
7.026299999999999990e+00 3.646846153836932114e+00
7.168199999999999683e+00 3.661817871983084505e+00
7.312999999999999723e+00 3.676877226655296926e+00
7.460799999999999876e+00 3.691987186499242402e+00
7.611500000000000377e+00 3.707208464160238304e+00
7.765299999999999869e+00 3.722493602054584017e+00
7.922100000000000364e+00 3.737867944305196310e+00
8.082200000000000273e+00 3.753376290844149477e+00
8.245400000000000063e+00 3.768900835506029168e+00
8.412000000000000810e+00 3.784550867498486237e+00
8.581899999999999196e+00 3.800298995011072822e+00
8.755300000000000082e+00 3.816192557584350276e+00
8.932199999999999918e+00 3.832085807472152439e+00
9.112600000000000477e+00 3.848136902057691877e+00
9.296699999999999520e+00 3.864269346200365884e+00
9.484500000000000597e+00 3.880524338368775084e+00
9.676099999999999923e+00 3.896834060712054626e+00
9.871600000000000819e+00 3.913205837603904058e+00
1.007099999999999973e+01 3.929788617460050482e+00
1.027399999999999913e+01 3.946301402343649123e+00
