# # k[h/Mpc], logBoost (P^NLCDM_NL/P^NLCDM_L)
1.000000000000000048e-04 0.000000000000000000e+00
1.020200000000000024e-04 0.000000000000000000e+00
1.040800000000000064e-04 0.000000000000000000e+00
1.061800000000000032e-04 0.000000000000000000e+00
1.083300000000000013e-04 0.000000000000000000e+00
1.105200000000000057e-04 0.000000000000000000e+00
1.127500000000000030e-04 0.000000000000000000e+00
1.150300000000000015e-04 0.000000000000000000e+00
1.173500000000000064e-04 0.000000000000000000e+00
1.197199999999999989e-04 0.000000000000000000e+00
1.221399999999999927e-04 0.000000000000000000e+00
1.246099999999999877e-04 0.000000000000000000e+00
1.271199999999999891e-04 0.000000000000000000e+00
1.296899999999999865e-04 0.000000000000000000e+00
1.323100000000000122e-04 0.000000000000000000e+00
1.349900000000000069e-04 0.000000000000000000e+00
1.377100000000000080e-04 0.000000000000000000e+00
1.404900000000000051e-04 0.000000000000000000e+00
1.433299999999999982e-04 0.000000000000000000e+00
1.462299999999999874e-04 0.000000000000000000e+00
1.491800000000000049e-04 0.000000000000000000e+00
1.522000000000000132e-04 0.000000000000000000e+00
1.552699999999999957e-04 0.000000000000000000e+00
1.584099999999999961e-04 0.000000000000000000e+00
1.616099999999999926e-04 0.000000000000000000e+00
1.648700000000000122e-04 0.000000000000000000e+00
1.681999999999999956e-04 0.000000000000000000e+00
1.715999999999999969e-04 0.000000000000000000e+00
1.750699999999999891e-04 0.000000000000000000e+00
1.786000000000000044e-04 0.000000000000000000e+00
1.822100000000000054e-04 0.000000000000000000e+00
1.858899999999999973e-04 0.000000000000000000e+00
1.896500000000000020e-04 0.000000000000000000e+00
1.934799999999999975e-04 0.000000000000000000e+00
1.973900000000000058e-04 0.000000000000000000e+00
2.013799999999999998e-04 0.000000000000000000e+00
2.054400000000000117e-04 0.000000000000000000e+00
2.095900000000000042e-04 0.000000000000000000e+00
2.138300000000000042e-04 0.000000000000000000e+00
2.181499999999999900e-04 0.000000000000000000e+00
2.225499999999999885e-04 0.000000000000000000e+00
2.270499999999999895e-04 0.000000000000000000e+00
2.316399999999999980e-04 0.000000000000000000e+00
2.363199999999999871e-04 0.000000000000000000e+00
2.410900000000000109e-04 0.000000000000000000e+00
2.459599999999999829e-04 0.000000000000000000e+00
2.509300000000000115e-04 0.000000000000000000e+00
2.559999999999999884e-04 0.000000000000000000e+00
2.611700000000000219e-04 0.000000000000000000e+00
2.664499999999999985e-04 0.000000000000000000e+00
2.718299999999999775e-04 0.000000000000000000e+00
2.773200000000000079e-04 0.000000000000000000e+00
2.829199999999999814e-04 0.000000000000000000e+00
2.886400000000000012e-04 0.000000000000000000e+00
2.944700000000000182e-04 0.000000000000000000e+00
3.004199999999999731e-04 0.000000000000000000e+00
3.064899999999999743e-04 0.000000000000000000e+00
3.126800000000000217e-04 0.000000000000000000e+00
3.189900000000000070e-04 0.000000000000000000e+00
3.254399999999999741e-04 0.000000000000000000e+00
3.320099999999999874e-04 0.000000000000000000e+00
3.387199999999999825e-04 0.000000000000000000e+00
3.455600000000000186e-04 0.000000000000000000e+00
3.525399999999999823e-04 0.000000000000000000e+00
3.596599999999999819e-04 0.000000000000000000e+00
3.669300000000000122e-04 0.000000000000000000e+00
3.743400000000000243e-04 0.000000000000000000e+00
3.819000000000000129e-04 0.000000000000000000e+00
3.896200000000000271e-04 0.000000000000000000e+00
3.974900000000000178e-04 0.000000000000000000e+00
4.055199999999999799e-04 0.000000000000000000e+00
4.137100000000000217e-04 0.000000000000000000e+00
4.220699999999999756e-04 0.000000000000000000e+00
4.306000000000000040e-04 0.000000000000000000e+00
4.392900000000000038e-04 0.000000000000000000e+00
4.481700000000000137e-04 0.000000000000000000e+00
4.572199999999999897e-04 0.000000000000000000e+00
4.664599999999999758e-04 0.000000000000000000e+00
4.758799999999999771e-04 0.000000000000000000e+00
4.854999999999999832e-04 0.000000000000000000e+00
4.952999999999999504e-04 0.000000000000000000e+00
5.053100000000000256e-04 0.000000000000000000e+00
5.155199999999999973e-04 0.000000000000000000e+00
5.259299999999999739e-04 0.000000000000000000e+00
5.365600000000000534e-04 0.000000000000000000e+00
5.473900000000000293e-04 0.000000000000000000e+00
5.584500000000000488e-04 0.000000000000000000e+00
5.697299999999999543e-04 0.000000000000000000e+00
5.812400000000000119e-04 0.000000000000000000e+00
5.929900000000000535e-04 0.000000000000000000e+00
6.049599999999999813e-04 0.000000000000000000e+00
6.171899999999999912e-04 0.000000000000000000e+00
6.296500000000000447e-04 0.000000000000000000e+00
6.423699999999999636e-04 0.000000000000000000e+00
6.553499999999999647e-04 0.000000000000000000e+00
6.685900000000000480e-04 0.000000000000000000e+00
6.821000000000000457e-04 0.000000000000000000e+00
6.958799999999999578e-04 0.000000000000000000e+00
7.099300000000000012e-04 0.000000000000000000e+00
7.242699999999999486e-04 0.000000000000000000e+00
7.389099999999999575e-04 0.000000000000000000e+00
7.538300000000000382e-04 0.000000000000000000e+00
7.690600000000000127e-04 0.000000000000000000e+00
7.845999999999999893e-04 0.000000000000000000e+00
8.004499999999999680e-04 0.000000000000000000e+00
8.166199999999999978e-04 0.000000000000000000e+00
8.331099999999999704e-04 0.000000000000000000e+00
8.499399999999999837e-04 0.000000000000000000e+00
8.671100000000000379e-04 0.000000000000000000e+00
8.846299999999999650e-04 0.000000000000000000e+00
9.024999999999999819e-04 0.000000000000000000e+00
9.207300000000000293e-04 0.000000000000000000e+00
9.393300000000000477e-04 0.000000000000000000e+00
9.583099999999999778e-04 0.000000000000000000e+00
9.776699999999999280e-04 0.000000000000000000e+00
9.974199999999999473e-04 0.000000000000000000e+00
1.017600000000000015e-03 0.000000000000000000e+00
1.038099999999999917e-03 0.000000000000000000e+00
1.059100000000000102e-03 0.000000000000000000e+00
1.080500000000000080e-03 0.000000000000000000e+00
1.102300000000000068e-03 0.000000000000000000e+00
1.124599999999999905e-03 0.000000000000000000e+00
1.147299999999999969e-03 0.000000000000000000e+00
1.170500000000000099e-03 0.000000000000000000e+00
1.194100000000000023e-03 0.000000000000000000e+00
1.218200000000000012e-03 0.000000000000000000e+00
1.242899999999999908e-03 0.000000000000000000e+00
1.268000000000000030e-03 0.000000000000000000e+00
1.293600000000000002e-03 0.000000000000000000e+00
1.319700000000000040e-03 0.000000000000000000e+00
1.346399999999999984e-03 0.000000000000000000e+00
1.373599999999999995e-03 0.000000000000000000e+00
1.401300000000000072e-03 0.000000000000000000e+00
1.429600000000000055e-03 0.000000000000000000e+00
1.458499999999999944e-03 0.000000000000000000e+00
1.487999999999999956e-03 0.000000000000000000e+00
1.518000000000000035e-03 0.000000000000000000e+00
1.548700000000000077e-03 0.000000000000000000e+00
1.580000000000000024e-03 0.000000000000000000e+00
1.611900000000000095e-03 0.000000000000000000e+00
1.644499999999999912e-03 0.000000000000000000e+00
1.677700000000000068e-03 0.000000000000000000e+00
1.711599999999999970e-03 0.000000000000000000e+00
1.746200000000000052e-03 0.000000000000000000e+00
1.781400000000000041e-03 0.000000000000000000e+00
1.817400000000000048e-03 0.000000000000000000e+00
1.854100000000000019e-03 0.000000000000000000e+00
1.891600000000000009e-03 0.000000000000000000e+00
1.929799999999999962e-03 0.000000000000000000e+00
1.968800000000000151e-03 0.000000000000000000e+00
2.008600000000000142e-03 0.000000000000000000e+00
2.049099999999999880e-03 0.000000000000000000e+00
2.090499999999999910e-03 0.000000000000000000e+00
2.132799999999999800e-03 0.000000000000000000e+00
2.175799999999999870e-03 0.000000000000000000e+00
2.219800000000000072e-03 0.000000000000000000e+00
2.264599999999999860e-03 0.000000000000000000e+00
2.310400000000000214e-03 0.000000000000000000e+00
2.357099999999999994e-03 0.000000000000000000e+00
2.404700000000000067e-03 0.000000000000000000e+00
2.453299999999999838e-03 0.000000000000000000e+00
2.502799999999999903e-03 0.000000000000000000e+00
2.553399999999999941e-03 0.000000000000000000e+00
2.605000000000000111e-03 0.000000000000000000e+00
2.657599999999999980e-03 0.000000000000000000e+00
2.711299999999999821e-03 0.000000000000000000e+00
2.765999999999999796e-03 0.000000000000000000e+00
2.821900000000000016e-03 0.000000000000000000e+00
2.878900000000000209e-03 0.000000000000000000e+00
2.937100000000000214e-03 0.000000000000000000e+00
2.996400000000000192e-03 0.000000000000000000e+00
3.056899999999999982e-03 0.000000000000000000e+00
3.118699999999999858e-03 0.000000000000000000e+00
3.181699999999999980e-03 -1.268834258545637280e-05
3.246000000000000187e-03 0.000000000000000000e+00
3.311500000000000207e-03 -1.226294200245028403e-05
3.378400000000000153e-03 0.000000000000000000e+00
3.446700000000000024e-03 0.000000000000000000e+00
3.516299999999999981e-03 2.331572995844469892e-05
3.587400000000000137e-03 2.292946895453571980e-05
3.659799999999999946e-03 3.382701989898184231e-05
3.733799999999999793e-03 1.109083952132470529e-05
3.809199999999999999e-03 -1.091006289667829724e-05
3.886099999999999971e-03 -5.366620693903771444e-05
3.964600000000000415e-03 -9.504247877938181148e-05
4.044700000000000031e-03 -1.142993709584247289e-04
4.126399999999999686e-03 -7.157354440366047170e-05
4.209799999999999653e-03 3.018609729206338479e-05
4.294799999999999660e-03 2.970738250297440329e-04
4.381600000000000251e-03 3.898635526963297338e-04
4.470100000000000288e-03 4.797313596442440782e-04
4.560400000000000044e-03 2.834065485880814185e-04
4.652500000000000385e-03 -9.303623768168826360e-05
4.746499999999999851e-03 -9.165063422221956602e-04
4.842400000000000176e-03 -1.806032638274950204e-03
4.940199999999999626e-03 -2.758622439079751361e-03
5.040000000000000209e-03 -3.595391254148968662e-03
5.141899999999999596e-03 -4.148307737776183411e-03
5.245699999999999842e-03 -4.428554333649399252e-03
5.351700000000000033e-03 -4.532110149397346709e-03
5.459799999999999896e-03 -4.549033939550610126e-03
5.570099999999999704e-03 -4.483764084616301271e-03
5.682600000000000325e-03 -4.419985497747172011e-03
5.797400000000000296e-03 -4.437056641695396458e-03
5.914499999999999619e-03 -4.531611786460594191e-03
6.034000000000000301e-03 -4.700451728944573561e-03
6.155899999999999740e-03 -4.788516731797232660e-03
6.280299999999999945e-03 -4.949020299216845033e-03
6.407200000000000048e-03 -5.031084894462809279e-03
6.536600000000000049e-03 -5.183817690095565180e-03
6.668600000000000222e-03 -5.332193063289207904e-03
6.803299999999999972e-03 -5.334484004012503451e-03
6.940799999999999574e-03 -5.477157151536425628e-03
7.080999999999999621e-03 -5.616239411292634799e-03
7.224000000000000386e-03 -5.683584307177426062e-03
7.369999999999999815e-03 -5.816722521388805259e-03
7.518900000000000236e-03 -5.947028987086077842e-03
7.670800000000000188e-03 -6.074229689106054771e-03
7.825699999999999670e-03 -6.263885807772331948e-03
7.983799999999999231e-03 -6.384852879438159337e-03
8.145100000000000603e-03 -6.503465921182957112e-03
8.309600000000000319e-03 -6.619826841292444225e-03
8.477500000000000660e-03 -6.796172930160123901e-03
8.648799999999999891e-03 -6.907638173429623760e-03
8.823499999999999746e-03 -7.017144454097563704e-03
9.001699999999999632e-03 -7.185370406821618879e-03
9.183600000000000096e-03 -7.410540098362216124e-03
9.369099999999999998e-03 -7.513272246621799898e-03
9.558300000000000476e-03 -7.673645715111384810e-03
9.751400000000000345e-03 -7.889587275162932359e-03
9.948399999999999604e-03 -7.987400603321283959e-03
1.014900000000000004e-02 -8.198167180098952372e-03
1.035400000000000036e-02 -8.406492565310076312e-03
1.056400000000000047e-02 -8.612065306858309940e-03
1.077700000000000012e-02 -8.759827595350599960e-03
1.099499999999999957e-02 -8.961766551409865167e-03
1.121699999999999954e-02 -9.216152485396648247e-03
1.144300000000000005e-02 -9.414125686937011364e-03
1.167499999999999961e-02 -9.610554226317249982e-03
1.191000000000000045e-02 -9.806090089629784443e-03
1.215100000000000034e-02 -1.000087706821506904e-02
1.239700000000000003e-02 -1.024733736439542055e-02
1.264700000000000026e-02 -1.054509667192727977e-02
1.290200000000000027e-02 -1.078960565755343604e-02
1.316299999999999935e-02 -1.098203917082416284e-02
1.342899999999999996e-02 -1.127754417077291710e-02
1.370000000000000037e-02 -1.152133462239103047e-02
1.397699999999999984e-02 -1.181645211930534324e-02
1.425900000000000084e-02 -1.206141139122063159e-02
1.454699999999999917e-02 -1.240816663177185877e-02
1.484100000000000003e-02 -1.265554744558420805e-02
1.514099999999999994e-02 -1.295419440477002700e-02
1.544700000000000066e-02 -1.325509019068477415e-02
1.575899999999999870e-02 -1.360767180964469157e-02
1.607700000000000101e-02 -1.391309630372339345e-02
1.640199999999999991e-02 -1.427119344199988780e-02
1.673399999999999888e-02 -1.463249126195976559e-02
1.707200000000000037e-02 -1.499807557743500913e-02
1.741600000000000092e-02 -1.536760042959517229e-02
1.776799999999999907e-02 -1.579147435523214210e-02
1.812700000000000075e-02 -1.612307742298867488e-02
1.849299999999999902e-02 -1.655917676363735311e-02
1.886699999999999836e-02 -1.700172859759147698e-02
1.924800000000000122e-02 -1.740279536201850760e-02
1.963700000000000168e-02 -1.786154994634981882e-02
2.003399999999999972e-02 -1.828079039414369500e-02
2.043800000000000130e-02 -1.875822249733949745e-02
2.085100000000000148e-02 -1.924698236822810007e-02
2.127199999999999924e-02 -1.974690220271578880e-02
2.170199999999999907e-02 -2.025975132698820333e-02
2.214100000000000096e-02 -2.078642717670022011e-02
2.258800000000000044e-02 -2.132681654914564406e-02
2.304399999999999851e-02 -2.193367559600416586e-02
2.350999999999999965e-02 -2.245697784955633103e-02
2.398499999999999938e-02 -2.304787537749315718e-02
2.446900000000000117e-02 -2.360624637815061239e-02
2.496400000000000008e-02 -2.428727560557344609e-02
2.546800000000000105e-02 -2.488593354408425232e-02
2.598200000000000162e-02 -2.555999593523358010e-02
2.650699999999999931e-02 -2.620421451843567284e-02
2.704300000000000107e-02 -2.687260965613796904e-02
2.758899999999999894e-02 -2.761983102519387223e-02
2.814600000000000088e-02 -2.828712722303673363e-02
2.871500000000000094e-02 -2.909096471054909913e-02
2.929500000000000159e-02 -2.975848302648831725e-02
2.988700000000000037e-02 -3.056589432498805700e-02
3.048999999999999974e-02 -3.134945957264211047e-02
3.110600000000000170e-02 -3.210742958112482170e-02
3.173499999999999932e-02 -3.295460629596471541e-02
3.237600000000000200e-02 -3.377698589775765536e-02
3.302999999999999686e-02 -3.469251032613522578e-02
3.369699999999999779e-02 -3.552185988867064687e-02
3.437799999999999884e-02 -3.644655021748615525e-02
3.507199999999999901e-02 -3.734338137646043415e-02
3.578100000000000031e-02 -3.827667258985818083e-02
3.650400000000000172e-02 -3.917731630311996338e-02
3.724100000000000327e-02 -4.017880514367611761e-02
3.799299999999999899e-02 -4.114642971717088343e-02
3.876099999999999685e-02 -4.214828806054241733e-02
3.954400000000000276e-02 -4.318020405823844859e-02
4.034299999999999692e-02 -4.417077012894445043e-02
4.115800000000000014e-02 -4.525855510017637306e-02
4.198899999999999855e-02 -4.630422710681216664e-02
4.283800000000000108e-02 -4.744772742721702768e-02
4.370299999999999879e-02 -4.861511989581920878e-02
4.458600000000000063e-02 -4.973056982656635927e-02
4.548599999999999866e-02 -5.086713639824876065e-02
4.640500000000000180e-02 -5.202461325243094153e-02
4.734300000000000314e-02 -5.335800766974715253e-02
4.829900000000000165e-02 -5.454077980081133148e-02
4.927499999999999936e-02 -5.581029300322250947e-02
5.027000000000000218e-02 -5.716827368228984130e-02
5.128599999999999826e-02 -5.844083779665191353e-02
5.232200000000000045e-02 -5.980429493495125620e-02
5.337900000000000283e-02 -6.126023131060653881e-02
5.445699999999999846e-02 -6.263219119153545789e-02
5.555700000000000222e-02 -6.410602635680813510e-02
5.668000000000000121e-02 -6.559263762059558411e-02
5.782500000000000140e-02 -6.699787812483853910e-02
5.899299999999999683e-02 -6.854076693258584485e-02
6.018400000000000138e-02 -7.009629645991830027e-02
6.140000000000000319e-02 -7.160869179864447209e-02
6.264100000000000223e-02 -7.312750936874108654e-02
6.390600000000000447e-02 -7.470524250925418552e-02
6.519700000000000495e-02 -7.627372673995992669e-02
6.651400000000000368e-02 -7.781192320153558495e-02
6.785800000000000165e-02 -7.934211865337788272e-02
6.922899999999999887e-02 -8.084452005588126100e-02
7.062699999999999534e-02 -8.232012078595499216e-02
7.205400000000000693e-02 -8.374730291533324933e-02
7.351000000000000589e-02 -8.512444877791314202e-02
7.499400000000000510e-02 -8.643599509828484018e-02
7.650899999999999368e-02 -8.768801432489514713e-02
7.805499999999999938e-02 -8.886055166690610962e-02
7.963199999999999446e-02 -8.994753533943683488e-02
8.124099999999999377e-02 -9.094034006811942128e-02
8.288199999999999734e-02 -9.182493839012936809e-02
8.455600000000000616e-02 -9.263261201550634927e-02
8.626399999999999346e-02 -9.332426940080557065e-02
8.800700000000000189e-02 -9.391245959033878155e-02
8.978500000000000369e-02 -9.437651399167383548e-02
9.159799999999999887e-02 -9.473770692610590516e-02
9.344900000000000428e-02 -9.498952840814962884e-02
9.533700000000000507e-02 -9.512443464300311680e-02
9.726300000000000223e-02 -9.515035697900203759e-02
9.922699999999999576e-02 -9.509393947939204228e-02
1.012300000000000005e-01 -9.489739609712322110e-02
1.032799999999999968e-01 -9.465162086663914121e-02
1.053599999999999953e-01 -9.428602230853973254e-02
1.074900000000000022e-01 -9.388799228682992437e-02
1.096599999999999936e-01 -9.343032345232593627e-02
1.118799999999999933e-01 -9.293036293873575826e-02
1.141400000000000053e-01 -9.237466719270301385e-02
1.164400000000000018e-01 -9.177799988104477780e-02
1.188000000000000028e-01 -9.110655328705494216e-02
1.212000000000000022e-01 -9.034481099647187485e-02
1.236499999999999960e-01 -8.950429891997252474e-02
1.261400000000000021e-01 -8.847478628405816559e-02
1.286899999999999988e-01 -8.723639328303250950e-02
1.312899999999999900e-01 -8.577995350308316447e-02
1.339400000000000035e-01 -8.409162831242281144e-02
1.366499999999999937e-01 -8.211340801408266443e-02
1.394100000000000061e-01 -7.984150106862139551e-02
1.422299999999999953e-01 -7.722657930200435561e-02
1.451000000000000068e-01 -7.424688825587656693e-02
1.480299999999999949e-01 -7.091892827297058277e-02
1.510199999999999876e-01 -6.717547770695080078e-02
1.540700000000000125e-01 -6.303230495451081494e-02
1.571799999999999864e-01 -5.843836614115761191e-02
1.603600000000000025e-01 -5.348185078859098857e-02
1.635999999999999954e-01 -4.814689463182666301e-02
1.668999999999999928e-01 -4.259516555021451018e-02
1.702799999999999869e-01 -3.686013371542649214e-02
1.737100000000000033e-01 -3.105839701997274022e-02
1.772199999999999886e-01 -2.526828379550374176e-02
1.807999999999999885e-01 -1.954512886768354149e-02
1.844600000000000128e-01 -1.386127737634727970e-02
1.881799999999999862e-01 -8.208445876491514762e-03
1.919800000000000118e-01 -2.336651863683844414e-03
1.958600000000000063e-01 3.742107428757037845e-03
1.998199999999999976e-01 1.018151469846380677e-02
2.038600000000000134e-01 1.718215966581262966e-02
2.079699999999999882e-01 2.485037569547661820e-02
2.121800000000000075e-01 3.322114849006610471e-02
2.164600000000000135e-01 4.246604398358266169e-02
2.208299999999999985e-01 5.252791980905990171e-02
2.253000000000000003e-01 6.318003245500686260e-02
2.298499999999999988e-01 7.432261048895237587e-02
2.344900000000000040e-01 8.577671598809924469e-02
2.392299999999999982e-01 9.706999405884185472e-02
2.440599999999999992e-01 1.080909324353229034e-01
2.489899999999999891e-01 1.186850089688517851e-01
2.540200000000000236e-01 1.288140998680247507e-01
2.591499999999999915e-01 1.387690176431612410e-01
2.643900000000000139e-01 1.490013537397188725e-01
2.697300000000000253e-01 1.597666375671528693e-01
2.751799999999999802e-01 1.714305867812293827e-01
2.807399999999999896e-01 1.843488275402549725e-01
2.864099999999999979e-01 1.982355811151720604e-01
2.921900000000000053e-01 2.131626623165299439e-01
2.980999999999999761e-01 2.284840414775216599e-01
3.041200000000000014e-01 2.438156992676814849e-01
3.102599999999999802e-01 2.587029365043108653e-01
3.165299999999999780e-01 2.729169030566972465e-01
3.229199999999999848e-01 2.865209884064095491e-01
3.294500000000000206e-01 2.998820859132905747e-01
3.361000000000000099e-01 3.135716334382503967e-01
3.428899999999999726e-01 3.282135559255836554e-01
3.498200000000000198e-01 3.440031676718007803e-01
3.568899999999999850e-01 3.608959900086219919e-01
3.640900000000000247e-01 3.786398491130292809e-01
3.714500000000000024e-01 3.964889789969350820e-01
3.789500000000000091e-01 4.139364308772497392e-01
3.866100000000000092e-01 4.306792980973697671e-01
3.944199999999999928e-01 4.468922532780134071e-01
4.023900000000000254e-01 4.631734716773462379e-01
4.105199999999999960e-01 4.800291753118655080e-01
4.188100000000000156e-01 4.979528118904397171e-01
4.272699999999999831e-01 5.169294399984545318e-01
4.359000000000000097e-01 5.362985959475617959e-01
4.447099999999999942e-01 5.556996763263831740e-01
4.536899999999999822e-01 5.747049695379043976e-01
4.628599999999999937e-01 5.932970875711829351e-01
4.722100000000000186e-01 6.119355426203102466e-01
4.817400000000000015e-01 6.310668971818417239e-01
4.914799999999999724e-01 6.509472833519623913e-01
5.014100000000000223e-01 6.715204400711870525e-01
5.115300000000000402e-01 6.923221925442288871e-01
5.218699999999999450e-01 7.129819964645792707e-01
5.324100000000000499e-01 7.335215017141802907e-01
5.431700000000000417e-01 7.540854786650248442e-01
5.541399999999999659e-01 7.751178659896851286e-01
5.653299999999999992e-01 7.966874057155245437e-01
5.767499999999999849e-01 8.186590522657691826e-01
5.884000000000000341e-01 8.407473797838047602e-01
6.002899999999999903e-01 8.628463630878254742e-01
6.124199999999999644e-01 8.851234406938700561e-01
6.247899999999999565e-01 9.076922498687812757e-01
6.374100000000000321e-01 9.305794208026374470e-01
6.502900000000000347e-01 9.537551537723866213e-01
6.634200000000000097e-01 9.771621040498642552e-01
6.768300000000000427e-01 1.000754407302469229e+00
6.905000000000000027e-01 1.024554922521331735e+00
7.044500000000000206e-01 1.048592351851602489e+00
7.186799999999999855e-01 1.072812859223251092e+00
7.331999999999999629e-01 1.097263733510121853e+00
7.480099999999999527e-01 1.121888259501990115e+00
7.631200000000000205e-01 1.146789453629668554e+00
7.785400000000000098e-01 1.171845605834984427e+00
7.942599999999999660e-01 1.197131774555938222e+00
8.103099999999999747e-01 1.222644282139293326e+00
8.266799999999999704e-01 1.248380986519761482e+00
8.433800000000000185e-01 1.274279389880914826e+00
8.604100000000000081e-01 1.300368792603565193e+00
8.778000000000000247e-01 1.326628829828943257e+00
8.955300000000000482e-01 1.353006206518526655e+00
9.136199999999999877e-01 1.379568439209787112e+00
9.320800000000000196e-01 1.406186207229806584e+00
9.509100000000000330e-01 1.432949823298449665e+00
9.701100000000000279e-01 1.459844846368004934e+00
9.897099999999999786e-01 1.486743892090083730e+00
1.009700000000000042e+00 1.513751273271462194e+00
1.030100000000000016e+00 1.540835509411506266e+00
1.050899999999999945e+00 1.567922381561036804e+00
1.072100000000000053e+00 1.595024883459437604e+00
1.093800000000000106e+00 1.622156287004116404e+00
1.115899999999999892e+00 1.649287934226817853e+00
1.138400000000000079e+00 1.676414497236780043e+00
1.161399999999999988e+00 1.703497337383190313e+00
1.184900000000000064e+00 1.730545681209227027e+00
1.208800000000000097e+00 1.757570087341898235e+00
1.233300000000000063e+00 1.784501959681535466e+00
1.258199999999999985e+00 1.811378742899840466e+00
1.283600000000000074e+00 1.838143531206563930e+00
1.309500000000000108e+00 1.864830520144633352e+00
1.336000000000000076e+00 1.891395516557676348e+00
1.362999999999999989e+00 1.917863362890298351e+00
1.390500000000000069e+00 1.944192350635210564e+00
1.418600000000000083e+00 1.970359563523465418e+00
1.447200000000000042e+00 1.996380448931049267e+00
1.476499999999999924e+00 2.022267929809551834e+00
1.506299999999999972e+00 2.047974206546268494e+00
1.536699999999999955e+00 2.073487910203021478e+00
1.567800000000000082e+00 2.098814711481828521e+00
1.599399999999999933e+00 2.123932127391854774e+00
1.631799999999999917e+00 2.148840955798380747e+00
1.664700000000000069e+00 2.173562314426654929e+00
1.698399999999999910e+00 2.198047186242004791e+00
1.732699999999999907e+00 2.222290465730870412e+00
1.767700000000000049e+00 2.246311646006401652e+00
1.803399999999999892e+00 2.270075754932651346e+00
1.839800000000000102e+00 2.293618360847439419e+00
1.877000000000000002e+00 2.316871849602353262e+00
1.914900000000000047e+00 2.339918433922653307e+00
1.953600000000000003e+00 2.362655996871900754e+00
1.993000000000000105e+00 2.385137387437747947e+00
2.033300000000000107e+00 2.407387553934417390e+00
2.074399999999999800e+00 2.429394543100351633e+00
2.116299999999999848e+00 2.451056679068641220e+00
2.158999999999999808e+00 2.472490665374067476e+00
2.202599999999999891e+00 2.493659401078732074e+00
2.247100000000000097e+00 2.514510114576098854e+00
2.292499999999999982e+00 2.535141382488408368e+00
2.338799999999999990e+00 2.555458795053729304e+00
2.386099999999999888e+00 2.575526362055643670e+00
2.434299999999999908e+00 2.595319127962707473e+00
2.483499999999999819e+00 2.614851101845708126e+00
2.533599999999999852e+00 2.634085662210514656e+00
2.584799999999999986e+00 2.653121906118199202e+00
2.637000000000000011e+00 2.671821098959009877e+00
2.690300000000000136e+00 2.690360112344010179e+00
2.744699999999999918e+00 2.708483812159891535e+00
2.800100000000000033e+00 2.726413527588746000e+00
2.856700000000000017e+00 2.744167695511068317e+00
2.914400000000000102e+00 2.761587249618245199e+00
2.973300000000000054e+00 2.778766571718157774e+00
3.033300000000000107e+00 2.795712831778159657e+00
3.094599999999999795e+00 2.812365550558137528e+00
3.157099999999999795e+00 2.828777893575128655e+00
3.220899999999999874e+00 2.845042013958142935e+00
3.286000000000000032e+00 2.860939321182272455e+00
3.352300000000000058e+00 2.876693593004449045e+00
3.420100000000000140e+00 2.892171386294251079e+00
3.489199999999999857e+00 2.907451211152856541e+00
3.559600000000000097e+00 2.922533303614165412e+00
3.631600000000000161e+00 2.937362177390355100e+00
3.704899999999999860e+00 2.951914941155543204e+00
3.779799999999999827e+00 2.966304905398061464e+00
3.856100000000000083e+00 2.980475300124644900e+00
3.934000000000000163e+00 2.994454404059051722e+00
4.013499999999999623e+00 3.008212040666706333e+00
4.094599999999999795e+00 3.021766733718700859e+00
4.177299999999999791e+00 3.035120883283376259e+00
4.261700000000000266e+00 3.048309490233917618e+00
4.347800000000000331e+00 3.061268295644732795e+00
4.435599999999999987e+00 3.074057094826251113e+00
4.525199999999999889e+00 3.086677184900503690e+00
4.616600000000000037e+00 3.099120886921242324e+00
4.709900000000000198e+00 3.111362254682728867e+00
4.804999999999999716e+00 3.123452324195716834e+00
4.902099999999999902e+00 3.135359703368836737e+00
5.001100000000000101e+00 3.147097654923228127e+00
5.102100000000000080e+00 3.158700811414152376e+00
5.205199999999999605e+00 3.170094643770170695e+00
5.310399999999999565e+00 3.181388993450525504e+00
5.417600000000000193e+00 3.192489547514124837e+00
5.527099999999999902e+00 3.203466227042654157e+00
5.638700000000000045e+00 3.214322012812353080e+00
5.752600000000000158e+00 3.225007108347015539e+00
5.868900000000000006e+00 3.235539368021220774e+00
5.987400000000000055e+00 3.245972365081260413e+00
6.108399999999999608e+00 3.256252895868084085e+00
6.231799999999999784e+00 3.266368706091743235e+00
6.357700000000000351e+00 3.276436340188158880e+00
6.486100000000000421e+00 3.286315749086810900e+00
6.617099999999999760e+00 3.296110276805758854e+00
6.750799999999999912e+00 3.305766411196527255e+00
6.887199999999999989e+00 3.315315440610541842e+00
7.026299999999999990e+00 3.324801174296730277e+00
7.168199999999999683e+00 3.334162917228491452e+00
7.312999999999999723e+00 3.343423898607531530e+00
7.460799999999999876e+00 3.352584902479919915e+00
7.611500000000000377e+00 3.361646380469776485e+00
7.765299999999999869e+00 3.370625408108004262e+00
7.922100000000000364e+00 3.379502855964156449e+00
8.082200000000000273e+00 3.388293623563040313e+00
8.245400000000000063e+00 3.397005785947253553e+00
8.412000000000000810e+00 3.405618390372525450e+00
8.581899999999999196e+00 3.414132462641178645e+00
8.755300000000000082e+00 3.422570378421194270e+00
8.932199999999999918e+00 3.430911089517976187e+00
9.112600000000000477e+00 3.439188701028113915e+00
9.296699999999999520e+00 3.447390809038082260e+00
9.484500000000000597e+00 3.455591453727954399e+00
9.676099999999999923e+00 3.463637379066919486e+00
9.871600000000000819e+00 3.471700093144209909e+00
1.007099999999999973e+01 3.479672741178184481e+00
1.027399999999999913e+01 3.487660055679896676e+00
