# # k[h/Mpc], logBoost (P^NLCDM_NL/P^NLCDM_L)
1.000000000000000048e-04 0.000000000000000000e+00
1.020200000000000024e-04 0.000000000000000000e+00
1.040800000000000064e-04 0.000000000000000000e+00
1.061800000000000032e-04 0.000000000000000000e+00
1.083300000000000013e-04 0.000000000000000000e+00
1.105200000000000057e-04 0.000000000000000000e+00
1.127500000000000030e-04 0.000000000000000000e+00
1.150300000000000015e-04 0.000000000000000000e+00
1.173500000000000064e-04 0.000000000000000000e+00
1.197199999999999989e-04 0.000000000000000000e+00
1.221399999999999927e-04 0.000000000000000000e+00
1.246099999999999877e-04 0.000000000000000000e+00
1.271199999999999891e-04 0.000000000000000000e+00
1.296899999999999865e-04 0.000000000000000000e+00
1.323100000000000122e-04 0.000000000000000000e+00
1.349900000000000069e-04 0.000000000000000000e+00
1.377100000000000080e-04 0.000000000000000000e+00
1.404900000000000051e-04 0.000000000000000000e+00
1.433299999999999982e-04 0.000000000000000000e+00
1.462299999999999874e-04 0.000000000000000000e+00
1.491800000000000049e-04 0.000000000000000000e+00
1.522000000000000132e-04 0.000000000000000000e+00
1.552699999999999957e-04 0.000000000000000000e+00
1.584099999999999961e-04 0.000000000000000000e+00
1.616099999999999926e-04 0.000000000000000000e+00
1.648700000000000122e-04 0.000000000000000000e+00
1.681999999999999956e-04 0.000000000000000000e+00
1.715999999999999969e-04 0.000000000000000000e+00
1.750699999999999891e-04 0.000000000000000000e+00
1.786000000000000044e-04 0.000000000000000000e+00
1.822100000000000054e-04 0.000000000000000000e+00
1.858899999999999973e-04 0.000000000000000000e+00
1.896500000000000020e-04 0.000000000000000000e+00
1.934799999999999975e-04 0.000000000000000000e+00
1.973900000000000058e-04 0.000000000000000000e+00
2.013799999999999998e-04 0.000000000000000000e+00
2.054400000000000117e-04 0.000000000000000000e+00
2.095900000000000042e-04 0.000000000000000000e+00
2.138300000000000042e-04 0.000000000000000000e+00
2.181499999999999900e-04 0.000000000000000000e+00
2.225499999999999885e-04 0.000000000000000000e+00
2.270499999999999895e-04 0.000000000000000000e+00
2.316399999999999980e-04 0.000000000000000000e+00
2.363199999999999871e-04 0.000000000000000000e+00
2.410900000000000109e-04 0.000000000000000000e+00
2.459599999999999829e-04 0.000000000000000000e+00
2.509300000000000115e-04 0.000000000000000000e+00
2.559999999999999884e-04 0.000000000000000000e+00
2.611700000000000219e-04 0.000000000000000000e+00
2.664499999999999985e-04 0.000000000000000000e+00
2.718299999999999775e-04 0.000000000000000000e+00
2.773200000000000079e-04 0.000000000000000000e+00
2.829199999999999814e-04 0.000000000000000000e+00
2.886400000000000012e-04 0.000000000000000000e+00
2.944700000000000182e-04 0.000000000000000000e+00
3.004199999999999731e-04 0.000000000000000000e+00
3.064899999999999743e-04 0.000000000000000000e+00
3.126800000000000217e-04 0.000000000000000000e+00
3.189900000000000070e-04 0.000000000000000000e+00
3.254399999999999741e-04 0.000000000000000000e+00
3.320099999999999874e-04 0.000000000000000000e+00
3.387199999999999825e-04 0.000000000000000000e+00
3.455600000000000186e-04 0.000000000000000000e+00
3.525399999999999823e-04 0.000000000000000000e+00
3.596599999999999819e-04 0.000000000000000000e+00
3.669300000000000122e-04 0.000000000000000000e+00
3.743400000000000243e-04 0.000000000000000000e+00
3.819000000000000129e-04 0.000000000000000000e+00
3.896200000000000271e-04 0.000000000000000000e+00
3.974900000000000178e-04 0.000000000000000000e+00
4.055199999999999799e-04 0.000000000000000000e+00
4.137100000000000217e-04 0.000000000000000000e+00
4.220699999999999756e-04 0.000000000000000000e+00
4.306000000000000040e-04 0.000000000000000000e+00
4.392900000000000038e-04 0.000000000000000000e+00
4.481700000000000137e-04 0.000000000000000000e+00
4.572199999999999897e-04 0.000000000000000000e+00
4.664599999999999758e-04 0.000000000000000000e+00
4.758799999999999771e-04 0.000000000000000000e+00
4.854999999999999832e-04 0.000000000000000000e+00
4.952999999999999504e-04 0.000000000000000000e+00
5.053100000000000256e-04 0.000000000000000000e+00
5.155199999999999973e-04 0.000000000000000000e+00
5.259299999999999739e-04 0.000000000000000000e+00
5.365600000000000534e-04 0.000000000000000000e+00
5.473900000000000293e-04 0.000000000000000000e+00
5.584500000000000488e-04 0.000000000000000000e+00
5.697299999999999543e-04 0.000000000000000000e+00
5.812400000000000119e-04 0.000000000000000000e+00
5.929900000000000535e-04 0.000000000000000000e+00
6.049599999999999813e-04 0.000000000000000000e+00
6.171899999999999912e-04 0.000000000000000000e+00
6.296500000000000447e-04 0.000000000000000000e+00
6.423699999999999636e-04 0.000000000000000000e+00
6.553499999999999647e-04 0.000000000000000000e+00
6.685900000000000480e-04 0.000000000000000000e+00
6.821000000000000457e-04 0.000000000000000000e+00
6.958799999999999578e-04 0.000000000000000000e+00
7.099300000000000012e-04 0.000000000000000000e+00
7.242699999999999486e-04 0.000000000000000000e+00
7.389099999999999575e-04 0.000000000000000000e+00
7.538300000000000382e-04 0.000000000000000000e+00
7.690600000000000127e-04 0.000000000000000000e+00
7.845999999999999893e-04 0.000000000000000000e+00
8.004499999999999680e-04 0.000000000000000000e+00
8.166199999999999978e-04 0.000000000000000000e+00
8.331099999999999704e-04 0.000000000000000000e+00
8.499399999999999837e-04 0.000000000000000000e+00
8.671100000000000379e-04 0.000000000000000000e+00
8.846299999999999650e-04 0.000000000000000000e+00
9.024999999999999819e-04 0.000000000000000000e+00
9.207300000000000293e-04 0.000000000000000000e+00
9.393300000000000477e-04 0.000000000000000000e+00
9.583099999999999778e-04 0.000000000000000000e+00
9.776699999999999280e-04 0.000000000000000000e+00
9.974199999999999473e-04 0.000000000000000000e+00
1.017600000000000015e-03 0.000000000000000000e+00
1.038099999999999917e-03 0.000000000000000000e+00
1.059100000000000102e-03 0.000000000000000000e+00
1.080500000000000080e-03 0.000000000000000000e+00
1.102300000000000068e-03 0.000000000000000000e+00
1.124599999999999905e-03 0.000000000000000000e+00
1.147299999999999969e-03 0.000000000000000000e+00
1.170500000000000099e-03 0.000000000000000000e+00
1.194100000000000023e-03 0.000000000000000000e+00
1.218200000000000012e-03 0.000000000000000000e+00
1.242899999999999908e-03 0.000000000000000000e+00
1.268000000000000030e-03 0.000000000000000000e+00
1.293600000000000002e-03 0.000000000000000000e+00
1.319700000000000040e-03 0.000000000000000000e+00
1.346399999999999984e-03 0.000000000000000000e+00
1.373599999999999995e-03 0.000000000000000000e+00
1.401300000000000072e-03 0.000000000000000000e+00
1.429600000000000055e-03 0.000000000000000000e+00
1.458499999999999944e-03 0.000000000000000000e+00
1.487999999999999956e-03 0.000000000000000000e+00
1.518000000000000035e-03 0.000000000000000000e+00
1.548700000000000077e-03 0.000000000000000000e+00
1.580000000000000024e-03 0.000000000000000000e+00
1.611900000000000095e-03 0.000000000000000000e+00
1.644499999999999912e-03 0.000000000000000000e+00
1.677700000000000068e-03 0.000000000000000000e+00
1.711599999999999970e-03 0.000000000000000000e+00
1.746200000000000052e-03 0.000000000000000000e+00
1.781400000000000041e-03 0.000000000000000000e+00
1.817400000000000048e-03 0.000000000000000000e+00
1.854100000000000019e-03 0.000000000000000000e+00
1.891600000000000009e-03 0.000000000000000000e+00
1.929799999999999962e-03 0.000000000000000000e+00
1.968800000000000151e-03 0.000000000000000000e+00
2.008600000000000142e-03 0.000000000000000000e+00
2.049099999999999880e-03 0.000000000000000000e+00
2.090499999999999910e-03 0.000000000000000000e+00
2.132799999999999800e-03 0.000000000000000000e+00
2.175799999999999870e-03 0.000000000000000000e+00
2.219800000000000072e-03 0.000000000000000000e+00
2.264599999999999860e-03 0.000000000000000000e+00
2.310400000000000214e-03 0.000000000000000000e+00
2.357099999999999994e-03 0.000000000000000000e+00
2.404700000000000067e-03 0.000000000000000000e+00
2.453299999999999838e-03 0.000000000000000000e+00
2.502799999999999903e-03 0.000000000000000000e+00
2.553399999999999941e-03 0.000000000000000000e+00
2.605000000000000111e-03 0.000000000000000000e+00
2.657599999999999980e-03 0.000000000000000000e+00
2.711299999999999821e-03 0.000000000000000000e+00
2.765999999999999796e-03 0.000000000000000000e+00
2.821900000000000016e-03 0.000000000000000000e+00
2.878900000000000209e-03 0.000000000000000000e+00
2.937100000000000214e-03 0.000000000000000000e+00
2.996400000000000192e-03 0.000000000000000000e+00
3.056899999999999982e-03 0.000000000000000000e+00
3.118699999999999858e-03 0.000000000000000000e+00
3.181699999999999980e-03 0.000000000000000000e+00
3.246000000000000187e-03 0.000000000000000000e+00
3.311500000000000207e-03 0.000000000000000000e+00
3.378400000000000153e-03 0.000000000000000000e+00
3.446700000000000024e-03 0.000000000000000000e+00
3.516299999999999981e-03 0.000000000000000000e+00
3.587400000000000137e-03 0.000000000000000000e+00
3.659799999999999946e-03 0.000000000000000000e+00
3.733799999999999793e-03 5.863211282507883930e-05
3.809199999999999999e-03 5.773172070995958704e-05
3.886099999999999971e-03 0.000000000000000000e+00
3.964600000000000415e-03 -5.598947399355592790e-05
4.044700000000000031e-03 -1.102961452615430446e-04
4.126399999999999686e-03 -1.629593420049164486e-04
4.209799999999999653e-03 -1.070205480472972704e-04
4.294799999999999660e-03 0.000000000000000000e+00
4.381600000000000251e-03 2.077382505522207712e-04
4.470100000000000288e-03 4.093746858931246327e-04
4.560400000000000044e-03 5.546731352657684145e-04
4.652500000000000385e-03 4.473049949087862546e-04
4.746499999999999851e-03 9.800078408473680489e-05
4.842400000000000176e-03 -7.248653276046758019e-04
4.940199999999999626e-03 -1.763794999030702517e-03
5.040000000000000209e-03 -3.010067177249635927e-03
5.141899999999999596e-03 -4.130223751955519260e-03
5.245699999999999842e-03 -4.991195653740616682e-03
5.351700000000000033e-03 -5.557201371013582164e-03
5.459799999999999896e-03 -5.750344594658922046e-03
5.570099999999999704e-03 -5.805531545320511896e-03
5.682600000000000325e-03 -5.685162323452896092e-03
5.797400000000000296e-03 -5.610413226016004382e-03
5.914499999999999619e-03 -5.622148260643959096e-03
6.034000000000000301e-03 -5.675431500746780725e-03
6.155899999999999740e-03 -5.851102440095064076e-03
6.280299999999999945e-03 -5.981584842500218754e-03
6.407200000000000048e-03 -6.189232843063029350e-03
6.536600000000000049e-03 -6.312425430995164018e-03
6.668600000000000222e-03 -6.471752893604691866e-03
6.803299999999999972e-03 -6.588660374423190892e-03
6.940799999999999574e-03 -6.702823034533867200e-03
7.080999999999999621e-03 -6.852323845896741115e-03
7.224000000000000386e-03 -6.961366485985808102e-03
7.369999999999999815e-03 -7.105088543679539612e-03
7.518900000000000236e-03 -7.246143325087926225e-03
7.670800000000000188e-03 -7.384381633016807132e-03
7.825699999999999670e-03 -7.591800115485542247e-03
7.983799999999999231e-03 -7.724508680044381639e-03
8.145100000000000603e-03 -7.855004094136199336e-03
8.309600000000000319e-03 -8.052802975341988995e-03
8.477500000000000660e-03 -8.178739748644902122e-03
8.648799999999999891e-03 -8.371097306338117286e-03
8.823499999999999746e-03 -8.526752367509505756e-03
9.001699999999999632e-03 -8.680610064305880127e-03
9.183600000000000096e-03 -8.865716875139742839e-03
9.369099999999999998e-03 -9.048352065992158744e-03
9.558300000000000476e-03 -9.229234885442905850e-03
9.751400000000000345e-03 -9.440567593494588947e-03
9.948399999999999604e-03 -9.617763016279999577e-03
1.014900000000000004e-02 -9.793900887427637800e-03
1.035400000000000036e-02 -1.000008333458331060e-02
1.056400000000000047e-02 -1.020496630663051026e-02
1.077700000000000012e-02 -1.040901591473563856e-02
1.099499999999999957e-02 -1.064265220483819399e-02
1.121699999999999954e-02 -1.084493361332810810e-02
1.144300000000000005e-02 -1.104681805212409142e-02
1.167499999999999961e-02 -1.127910868728603487e-02
1.191000000000000045e-02 -1.151091846614033139e-02
1.215100000000000034e-02 -1.171347014190150630e-02
1.239700000000000003e-02 -1.194636923205608450e-02
1.264700000000000026e-02 -1.220965975881875207e-02
1.290200000000000027e-02 -1.244476159000590214e-02
1.316299999999999935e-02 -1.271036410446826914e-02
1.342899999999999996e-02 -1.297774782973449420e-02
1.370000000000000037e-02 -1.321835003542865677e-02
1.397699999999999984e-02 -1.346140842764796848e-02
1.425900000000000084e-02 -1.373651928645821391e-02
1.454699999999999917e-02 -1.401516335197790578e-02
1.484100000000000003e-02 -1.429762332623431102e-02
1.514099999999999994e-02 -1.458418757950718722e-02
1.544700000000000066e-02 -1.487557587757989616e-02
1.575899999999999870e-02 -1.517211479215251069e-02
1.607700000000000101e-02 -1.547458245519515649e-02
1.640199999999999991e-02 -1.578335377131942496e-02
1.673399999999999888e-02 -1.607055329079832423e-02
1.707200000000000037e-02 -1.639357607203579051e-02
1.741600000000000092e-02 -1.672461141117807110e-02
1.776799999999999907e-02 -1.706413863561251354e-02
1.812700000000000075e-02 -1.738427112072661249e-02
1.849299999999999902e-02 -1.771431417847656523e-02
1.886699999999999836e-02 -1.805482621456827586e-02
1.924800000000000122e-02 -1.840640259766306019e-02
1.963700000000000168e-02 -1.874093897429854674e-02
2.003399999999999972e-02 -1.911647222187892389e-02
2.043800000000000130e-02 -1.947609554473567206e-02
2.085100000000000148e-02 -1.984928377619004508e-02
2.127199999999999924e-02 -2.023682825589647599e-02
2.170199999999999907e-02 -2.061006188070271111e-02
2.214100000000000096e-02 -2.099838339735913065e-02
2.258800000000000044e-02 -2.140333266759561134e-02
2.304399999999999851e-02 -2.179506925204773363e-02
2.350999999999999965e-02 -2.220363129673786837e-02
2.398499999999999938e-02 -2.259930499609304547e-02
2.446900000000000117e-02 -2.304437515639102055e-02
2.496400000000000008e-02 -2.344538969288853872e-02
2.546800000000000105e-02 -2.386564385874077182e-02
2.598200000000000162e-02 -2.430478026369277400e-02
2.650699999999999931e-02 -2.473073049066370349e-02
2.704300000000000107e-02 -2.517717835912238258e-02
2.758899999999999894e-02 -2.560959420432437628e-02
2.814600000000000088e-02 -2.606155320801266037e-02
2.871500000000000094e-02 -2.649826860620038346e-02
2.929500000000000159e-02 -2.695410476728295548e-02
2.988700000000000037e-02 -2.742927199108623204e-02
3.048999999999999974e-02 -2.788722346692852280e-02
3.110600000000000170e-02 -2.832633751889432339e-02
3.173499999999999932e-02 -2.881849934651899495e-02
3.237600000000000200e-02 -2.925184823357167979e-02
3.302999999999999686e-02 -2.969960898832304033e-02
3.369699999999999779e-02 -3.016014355258007235e-02
3.437799999999999884e-02 -3.063277395988754648e-02
3.507199999999999901e-02 -3.111542650309548699e-02
3.578100000000000031e-02 -3.156634739087424424e-02
3.650400000000000172e-02 -3.202357939021546057e-02
3.724100000000000327e-02 -3.248843116224921918e-02
3.799299999999999899e-02 -3.291386815530265159e-02
3.876099999999999685e-02 -3.334231743717157997e-02
3.954400000000000276e-02 -3.381769263505587236e-02
4.034299999999999692e-02 -3.424726051012479122e-02
4.115800000000000014e-02 -3.467373423278354017e-02
4.198899999999999855e-02 -3.504490856117480763e-02
4.283800000000000108e-02 -3.550044206455633261e-02
4.370299999999999879e-02 -3.584683020128838493e-02
4.458600000000000063e-02 -3.622922106154499722e-02
4.548599999999999866e-02 -3.660106747049771125e-02
4.640500000000000180e-02 -3.696498537309202137e-02
4.734300000000000314e-02 -3.726755199106079192e-02
4.829900000000000165e-02 -3.761412909322972564e-02
4.927499999999999936e-02 -3.785022413109764144e-02
5.027000000000000218e-02 -3.813305564341180898e-02
5.128599999999999826e-02 -3.835759233205279090e-02
5.232200000000000045e-02 -3.857955395005792376e-02
5.337900000000000283e-02 -3.868932923558680848e-02
5.445699999999999846e-02 -3.879760431606757431e-02
5.555700000000000222e-02 -3.890873533484252855e-02
5.668000000000000121e-02 -3.896822839485421242e-02
5.782500000000000140e-02 -3.892319672137609793e-02
5.899299999999999683e-02 -3.889544863899485616e-02
6.018400000000000138e-02 -3.876689183941375155e-02
6.140000000000000319e-02 -3.860009534094943628e-02
6.264100000000000223e-02 -3.839760211582021049e-02
6.390600000000000447e-02 -3.809680674723209953e-02
6.519700000000000495e-02 -3.782141155425415568e-02
6.651400000000000368e-02 -3.744410829612992292e-02
6.785800000000000165e-02 -3.702110307077233903e-02
6.922899999999999887e-02 -3.647418015350373244e-02
7.062699999999999534e-02 -3.593543916358701851e-02
7.205400000000000693e-02 -3.532116123461290225e-02
7.351000000000000589e-02 -3.461811313607449786e-02
7.499400000000000510e-02 -3.380889596438316214e-02
7.650899999999999368e-02 -3.295363640350301021e-02
7.805499999999999938e-02 -3.203668745224664410e-02
7.963199999999999446e-02 -3.096222560396692455e-02
8.124099999999999377e-02 -2.987951250360416575e-02
8.288199999999999734e-02 -2.850767762275512041e-02
8.455600000000000616e-02 -2.709935262093651764e-02
8.626399999999999346e-02 -2.554668306427581442e-02
8.800700000000000189e-02 -2.387803756460484331e-02
8.978500000000000369e-02 -2.206694716042735538e-02
9.159799999999999887e-02 -2.010723788566073575e-02
9.344900000000000428e-02 -1.801053664497411985e-02
9.533700000000000507e-02 -1.577351940640229697e-02
9.726300000000000223e-02 -1.339471268902857164e-02
9.922699999999999576e-02 -1.087725459350550976e-02
1.012300000000000005e-01 -8.200369872057763562e-03
1.032799999999999968e-01 -5.388537929891843749e-03
1.053599999999999953e-01 -2.414257730968227302e-03
1.074900000000000022e-01 7.332676249564018534e-04
1.096599999999999936e-01 4.047262062861574708e-03
1.118799999999999933e-01 7.528758423976849266e-03
1.141400000000000053e-01 1.118713972629615735e-02
1.164400000000000018e-01 1.502601682889821016e-02
1.188000000000000028e-01 1.906887571175518853e-02
1.212000000000000022e-01 2.328809741371394917e-02
1.236499999999999960e-01 2.772501407789211905e-02
1.261400000000000021e-01 3.240539244746053205e-02
1.286899999999999988e-01 3.734756502092173580e-02
1.312899999999999900e-01 4.258945866997975588e-02
1.339400000000000035e-01 4.815290322919336952e-02
1.366499999999999937e-01 5.405960534156064451e-02
1.394100000000000061e-01 6.027087523169567806e-02
1.422299999999999953e-01 6.677678161705945248e-02
1.451000000000000068e-01 7.345341049028167313e-02
1.480299999999999949e-01 8.030676829561332608e-02
1.510199999999999876e-01 8.717783799290554358e-02
1.540700000000000125e-01 9.410674550854626619e-02
1.571799999999999864e-01 1.010723797833544962e-01
1.603600000000000025e-01 1.081009021003929843e-01
1.635999999999999954e-01 1.152401378553387506e-01
1.668999999999999928e-01 1.225516122007936776e-01
1.702799999999999869e-01 1.301848400629379288e-01
1.737100000000000033e-01 1.382132919946379712e-01
1.772199999999999886e-01 1.467250158943669835e-01
1.807999999999999885e-01 1.558409797883504866e-01
1.844600000000000128e-01 1.656177580785039571e-01
1.881799999999999862e-01 1.759940707630772982e-01
1.919800000000000118e-01 1.869357928701123883e-01
1.958600000000000063e-01 1.982738575510464007e-01
1.998199999999999976e-01 2.098205923834669528e-01
2.038600000000000134e-01 2.213378523752201898e-01
2.079699999999999882e-01 2.325936202002898412e-01
2.121800000000000075e-01 2.435020673884369102e-01
2.164600000000000135e-01 2.541158844851506560e-01
2.208299999999999985e-01 2.646384758711975982e-01
2.253000000000000003e-01 2.753954788162752965e-01
2.298499999999999988e-01 2.867222793595515795e-01
2.344900000000000040e-01 2.988460355357606679e-01
2.392299999999999982e-01 3.119679710943811246e-01
2.440599999999999992e-01 3.261275125262951269e-01
2.489899999999999891e-01 3.410601613124532583e-01
2.540200000000000236e-01 3.563919183937878099e-01
2.591499999999999915e-01 3.717304062716423330e-01
2.643900000000000139e-01 3.866864212378195442e-01
2.697300000000000253e-01 4.010647648448296132e-01
2.751799999999999802e-01 4.148986834764606946e-01
2.807399999999999896e-01 4.286956482670257196e-01
2.864099999999999979e-01 4.429394559487814242e-01
2.921900000000000053e-01 4.580620030441291957e-01
2.980999999999999761e-01 4.743285560429726377e-01
3.041200000000000014e-01 4.916828511613894892e-01
3.102599999999999802e-01 5.096494861530086462e-01
3.165299999999999780e-01 5.277981612447084636e-01
3.229199999999999848e-01 5.454523010755583101e-01
3.294500000000000206e-01 5.626245318193009437e-01
3.361000000000000099e-01 5.794538718238730901e-01
3.428899999999999726e-01 5.965418904902382025e-01
3.498200000000000198e-01 6.141774100411798720e-01
3.568899999999999850e-01 6.329114139234246483e-01
3.640900000000000247e-01 6.525398342474352242e-01
3.714500000000000024e-01 6.726351760651281264e-01
3.789500000000000091e-01 6.926898140258840320e-01
3.866100000000000092e-01 7.125059438993180949e-01
3.944199999999999928e-01 7.319963116508415579e-01
4.023900000000000254e-01 7.517046740974137053e-01
4.105199999999999960e-01 7.719581316790562475e-01
4.188100000000000156e-01 7.929410505612144444e-01
4.272699999999999831e-01 8.146251928421439636e-01
4.359000000000000097e-01 8.364113660825402974e-01
4.447099999999999942e-01 8.581809831556554968e-01
4.536899999999999822e-01 8.799135366719794682e-01
4.628599999999999937e-01 9.018052142834607210e-01
4.722100000000000186e-01 9.241657551766561118e-01
4.817400000000000015e-01 9.469622419524920121e-01
4.914799999999999724e-01 9.702499436789399079e-01
5.014100000000000223e-01 9.935547448913021329e-01
5.115300000000000402e-01 1.016982897169501410e+00
5.218699999999999450e-01 1.040512939811559567e+00
5.324100000000000499e-01 1.064432816402637982e+00
5.431700000000000417e-01 1.088610772322361475e+00
5.541399999999999659e-01 1.113017364094072148e+00
5.653299999999999992e-01 1.137705773334761084e+00
5.767499999999999849e-01 1.162572169097406682e+00
5.884000000000000341e-01 1.187565480971525922e+00
6.002899999999999903e-01 1.212815500718252171e+00
6.124199999999999644e-01 1.238300927152949038e+00
6.247899999999999565e-01 1.263889461511030765e+00
6.374100000000000321e-01 1.289636747203334766e+00
6.502900000000000347e-01 1.315610965351680983e+00
6.634200000000000097e-01 1.341638267025023978e+00
6.768300000000000427e-01 1.367912790194568240e+00
6.905000000000000027e-01 1.394291416244762827e+00
7.044500000000000206e-01 1.420784746301614776e+00
7.186799999999999855e-01 1.447407181680460564e+00
7.331999999999999629e-01 1.474135842823313336e+00
7.480099999999999527e-01 1.501032604989595676e+00
7.631200000000000205e-01 1.527937146453316686e+00
7.785400000000000098e-01 1.554878305545604578e+00
7.942599999999999660e-01 1.581932812466939842e+00
8.103099999999999747e-01 1.609032192822394958e+00
8.266799999999999704e-01 1.636156239966939152e+00
8.433800000000000185e-01 1.663272890992940178e+00
8.604100000000000081e-01 1.690456262501936147e+00
8.778000000000000247e-01 1.717573354195621516e+00
8.955300000000000482e-01 1.744706459049935710e+00
9.136199999999999877e-01 1.771790081958646734e+00
9.320800000000000196e-01 1.798784012960231937e+00
9.509100000000000330e-01 1.825807960574917788e+00
9.701100000000000279e-01 1.852631719090089835e+00
9.897099999999999786e-01 1.879461935163409647e+00
1.009700000000000042e+00 1.906123654805164991e+00
1.030100000000000016e+00 1.932707491618783857e+00
1.050899999999999945e+00 1.959097853876402118e+00
1.072100000000000053e+00 1.985400517947046639e+00
1.093800000000000106e+00 2.011491801320877126e+00
1.115899999999999892e+00 2.037412709491036811e+00
1.138400000000000079e+00 2.063171802680423106e+00
1.161399999999999988e+00 2.088722697533590633e+00
1.184900000000000064e+00 2.114087469535638419e+00
1.208800000000000097e+00 2.139242118361298406e+00
1.233300000000000063e+00 2.164161099929761356e+00
1.258199999999999985e+00 2.188852675197424436e+00
1.283600000000000074e+00 2.213314365498157077e+00
1.309500000000000108e+00 2.237549733099470028e+00
1.336000000000000076e+00 2.261499599945276717e+00
1.362999999999999989e+00 2.285205932029835463e+00
1.390500000000000069e+00 2.308667825959427766e+00
1.418600000000000083e+00 2.331851689347610446e+00
1.447200000000000042e+00 2.354743537454634605e+00
1.476499999999999924e+00 2.377390016382042948e+00
1.506299999999999972e+00 2.399749640796383865e+00
1.536699999999999955e+00 2.421819868606961190e+00
1.567800000000000082e+00 2.443605033895899226e+00
1.599399999999999933e+00 2.465087866067808609e+00
1.631799999999999917e+00 2.486304043572626910e+00
1.664700000000000069e+00 2.507201427106955371e+00
1.698399999999999910e+00 2.527799926897594585e+00
1.732699999999999907e+00 2.548127832621881694e+00
1.767700000000000049e+00 2.568160222994412489e+00
1.803399999999999892e+00 2.587862811665686547e+00
1.839800000000000102e+00 2.607332557779395543e+00
1.877000000000000002e+00 2.626445532305429875e+00
1.914900000000000047e+00 2.645323544110811831e+00
1.953600000000000003e+00 2.663899584885336846e+00
1.993000000000000105e+00 2.682154029070314305e+00
2.033300000000000107e+00 2.700116450037105320e+00
2.074399999999999800e+00 2.717825151402686767e+00
2.116299999999999848e+00 2.735252068838496697e+00
2.158999999999999808e+00 2.752403588406561852e+00
2.202599999999999891e+00 2.769255951261255788e+00
2.247100000000000097e+00 2.785805535745745409e+00
2.292499999999999982e+00 2.802112622809687981e+00
2.338799999999999990e+00 2.818194156371349735e+00
2.386099999999999888e+00 2.833947044777068491e+00
2.434299999999999908e+00 2.849416381666779685e+00
2.483499999999999819e+00 2.864644561397470479e+00
2.533599999999999852e+00 2.879590429381302386e+00
2.584799999999999986e+00 2.894344472336048302e+00
2.637000000000000011e+00 2.908810019152540338e+00
2.690300000000000136e+00 2.923001217523824025e+00
2.744699999999999918e+00 2.936991216581943398e+00
2.800100000000000033e+00 2.950684390892340137e+00
2.856700000000000017e+00 2.964168692454244525e+00
2.914400000000000102e+00 2.977399474338894070e+00
2.973300000000000054e+00 2.990382039685413051e+00
3.033300000000000107e+00 3.003130440691423431e+00
3.094599999999999795e+00 3.015642519422796486e+00
3.157099999999999795e+00 3.027958212132746407e+00
3.220899999999999874e+00 3.040014287799248205e+00
3.286000000000000032e+00 3.051863246323734291e+00
3.352300000000000058e+00 3.063500381429362207e+00
3.420100000000000140e+00 3.074884488351210088e+00
3.489199999999999857e+00 3.086046926125746825e+00
3.559600000000000097e+00 3.097089006715095127e+00
3.631600000000000161e+00 3.107818682887111272e+00
3.704899999999999860e+00 3.118390606715259583e+00
3.779799999999999827e+00 3.128792221797195516e+00
3.856100000000000083e+00 3.138954806238744233e+00
3.934000000000000163e+00 3.148894728380833286e+00
4.013499999999999623e+00 3.158658349878438187e+00
4.094599999999999795e+00 3.168206863606654711e+00
4.177299999999999791e+00 3.177622117227903331e+00
4.261700000000000266e+00 3.186809337076588644e+00
4.347800000000000331e+00 3.195807563929752515e+00
4.435599999999999987e+00 3.204656562145383081e+00
4.525199999999999889e+00 3.213295323626917721e+00
4.616600000000000037e+00 3.221773963009594510e+00
4.709900000000000198e+00 3.230072782832770439e+00
4.804999999999999716e+00 3.238220414638935729e+00
4.902099999999999902e+00 3.246170563572540413e+00
5.001100000000000101e+00 3.253946371717557184e+00
5.102100000000000080e+00 3.261588731130953711e+00
5.205199999999999605e+00 3.269036855970984146e+00
5.310399999999999565e+00 3.276375571180859314e+00
5.417600000000000193e+00 3.283493960670835321e+00
5.527099999999999902e+00 3.290484116366981127e+00
5.638700000000000045e+00 3.297367252424804995e+00
5.752600000000000158e+00 3.304042190950803981e+00
5.868900000000000006e+00 3.310583118469327069e+00
5.987400000000000055e+00 3.316983238543832258e+00
6.108399999999999608e+00 3.323238559479120280e+00
6.231799999999999784e+00 3.329393860450216902e+00
6.357700000000000351e+00 3.335368523493901449e+00
6.486100000000000421e+00 3.341258907932969091e+00
6.617099999999999760e+00 3.346965573767004098e+00
6.750799999999999912e+00 3.352601869895672770e+00
6.887199999999999989e+00 3.358039327344352287e+00
7.026299999999999990e+00 3.363353873804451499e+00
7.168199999999999683e+00 3.368579325143722603e+00
7.312999999999999723e+00 3.373639031545519806e+00
7.460799999999999876e+00 3.378667536136171989e+00
7.611500000000000377e+00 3.383473988019421341e+00
7.765299999999999869e+00 3.388173954991203107e+00
7.922100000000000364e+00 3.392778436191774993e+00
8.082200000000000273e+00 3.397255388957699740e+00
8.245400000000000063e+00 3.401639419015425769e+00
8.412000000000000810e+00 3.405919470186348885e+00
8.581899999999999196e+00 3.410098814191053762e+00
8.755300000000000082e+00 3.414188637352469247e+00
8.932199999999999918e+00 3.418171312233358350e+00
9.112600000000000477e+00 3.422094366940618748e+00
9.296699999999999520e+00 3.425952574596923483e+00
9.484500000000000597e+00 3.429737563335139239e+00
9.676099999999999923e+00 3.433481471458733836e+00
9.871600000000000819e+00 3.437169221355272253e+00
1.007099999999999973e+01 3.440842577557859716e+00
1.027399999999999913e+01 3.444427674841974429e+00
