# # k[h/Mpc], logBoost (P^NLCDM_NL/P^NLCDM_L)
1.000000000000000048e-04 0.000000000000000000e+00
1.020200000000000024e-04 0.000000000000000000e+00
1.040800000000000064e-04 0.000000000000000000e+00
1.061800000000000032e-04 0.000000000000000000e+00
1.083300000000000013e-04 0.000000000000000000e+00
1.105200000000000057e-04 0.000000000000000000e+00
1.127500000000000030e-04 0.000000000000000000e+00
1.150300000000000015e-04 0.000000000000000000e+00
1.173500000000000064e-04 0.000000000000000000e+00
1.197199999999999989e-04 0.000000000000000000e+00
1.221399999999999927e-04 0.000000000000000000e+00
1.246099999999999877e-04 0.000000000000000000e+00
1.271199999999999891e-04 0.000000000000000000e+00
1.296899999999999865e-04 0.000000000000000000e+00
1.323100000000000122e-04 0.000000000000000000e+00
1.349900000000000069e-04 0.000000000000000000e+00
1.377100000000000080e-04 0.000000000000000000e+00
1.404900000000000051e-04 0.000000000000000000e+00
1.433299999999999982e-04 0.000000000000000000e+00
1.462299999999999874e-04 0.000000000000000000e+00
1.491800000000000049e-04 0.000000000000000000e+00
1.522000000000000132e-04 0.000000000000000000e+00
1.552699999999999957e-04 0.000000000000000000e+00
1.584099999999999961e-04 0.000000000000000000e+00
1.616099999999999926e-04 0.000000000000000000e+00
1.648700000000000122e-04 0.000000000000000000e+00
1.681999999999999956e-04 0.000000000000000000e+00
1.715999999999999969e-04 0.000000000000000000e+00
1.750699999999999891e-04 0.000000000000000000e+00
1.786000000000000044e-04 0.000000000000000000e+00
1.822100000000000054e-04 0.000000000000000000e+00
1.858899999999999973e-04 0.000000000000000000e+00
1.896500000000000020e-04 0.000000000000000000e+00
1.934799999999999975e-04 0.000000000000000000e+00
1.973900000000000058e-04 0.000000000000000000e+00
2.013799999999999998e-04 0.000000000000000000e+00
2.054400000000000117e-04 0.000000000000000000e+00
2.095900000000000042e-04 0.000000000000000000e+00
2.138300000000000042e-04 0.000000000000000000e+00
2.181499999999999900e-04 0.000000000000000000e+00
2.225499999999999885e-04 0.000000000000000000e+00
2.270499999999999895e-04 0.000000000000000000e+00
2.316399999999999980e-04 0.000000000000000000e+00
2.363199999999999871e-04 0.000000000000000000e+00
2.410900000000000109e-04 0.000000000000000000e+00
2.459599999999999829e-04 0.000000000000000000e+00
2.509300000000000115e-04 0.000000000000000000e+00
2.559999999999999884e-04 0.000000000000000000e+00
2.611700000000000219e-04 0.000000000000000000e+00
2.664499999999999985e-04 0.000000000000000000e+00
2.718299999999999775e-04 0.000000000000000000e+00
2.773200000000000079e-04 0.000000000000000000e+00
2.829199999999999814e-04 0.000000000000000000e+00
2.886400000000000012e-04 0.000000000000000000e+00
2.944700000000000182e-04 0.000000000000000000e+00
3.004199999999999731e-04 0.000000000000000000e+00
3.064899999999999743e-04 0.000000000000000000e+00
3.126800000000000217e-04 0.000000000000000000e+00
3.189900000000000070e-04 0.000000000000000000e+00
3.254399999999999741e-04 0.000000000000000000e+00
3.320099999999999874e-04 0.000000000000000000e+00
3.387199999999999825e-04 0.000000000000000000e+00
3.455600000000000186e-04 0.000000000000000000e+00
3.525399999999999823e-04 0.000000000000000000e+00
3.596599999999999819e-04 0.000000000000000000e+00
3.669300000000000122e-04 0.000000000000000000e+00
3.743400000000000243e-04 0.000000000000000000e+00
3.819000000000000129e-04 0.000000000000000000e+00
3.896200000000000271e-04 0.000000000000000000e+00
3.974900000000000178e-04 0.000000000000000000e+00
4.055199999999999799e-04 0.000000000000000000e+00
4.137100000000000217e-04 0.000000000000000000e+00
4.220699999999999756e-04 0.000000000000000000e+00
4.306000000000000040e-04 0.000000000000000000e+00
4.392900000000000038e-04 0.000000000000000000e+00
4.481700000000000137e-04 0.000000000000000000e+00
4.572199999999999897e-04 0.000000000000000000e+00
4.664599999999999758e-04 0.000000000000000000e+00
4.758799999999999771e-04 0.000000000000000000e+00
4.854999999999999832e-04 0.000000000000000000e+00
4.952999999999999504e-04 0.000000000000000000e+00
5.053100000000000256e-04 0.000000000000000000e+00
5.155199999999999973e-04 0.000000000000000000e+00
5.259299999999999739e-04 0.000000000000000000e+00
5.365600000000000534e-04 0.000000000000000000e+00
5.473900000000000293e-04 0.000000000000000000e+00
5.584500000000000488e-04 0.000000000000000000e+00
5.697299999999999543e-04 0.000000000000000000e+00
5.812400000000000119e-04 0.000000000000000000e+00
5.929900000000000535e-04 0.000000000000000000e+00
6.049599999999999813e-04 0.000000000000000000e+00
6.171899999999999912e-04 0.000000000000000000e+00
6.296500000000000447e-04 0.000000000000000000e+00
6.423699999999999636e-04 0.000000000000000000e+00
6.553499999999999647e-04 0.000000000000000000e+00
6.685900000000000480e-04 0.000000000000000000e+00
6.821000000000000457e-04 0.000000000000000000e+00
6.958799999999999578e-04 0.000000000000000000e+00
7.099300000000000012e-04 0.000000000000000000e+00
7.242699999999999486e-04 0.000000000000000000e+00
7.389099999999999575e-04 0.000000000000000000e+00
7.538300000000000382e-04 0.000000000000000000e+00
7.690600000000000127e-04 0.000000000000000000e+00
7.845999999999999893e-04 0.000000000000000000e+00
8.004499999999999680e-04 0.000000000000000000e+00
8.166199999999999978e-04 0.000000000000000000e+00
8.331099999999999704e-04 0.000000000000000000e+00
8.499399999999999837e-04 0.000000000000000000e+00
8.671100000000000379e-04 0.000000000000000000e+00
8.846299999999999650e-04 0.000000000000000000e+00
9.024999999999999819e-04 0.000000000000000000e+00
9.207300000000000293e-04 0.000000000000000000e+00
9.393300000000000477e-04 0.000000000000000000e+00
9.583099999999999778e-04 0.000000000000000000e+00
9.776699999999999280e-04 0.000000000000000000e+00
9.974199999999999473e-04 0.000000000000000000e+00
1.017600000000000015e-03 0.000000000000000000e+00
1.038099999999999917e-03 0.000000000000000000e+00
1.059100000000000102e-03 0.000000000000000000e+00
1.080500000000000080e-03 0.000000000000000000e+00
1.102300000000000068e-03 0.000000000000000000e+00
1.124599999999999905e-03 0.000000000000000000e+00
1.147299999999999969e-03 0.000000000000000000e+00
1.170500000000000099e-03 0.000000000000000000e+00
1.194100000000000023e-03 0.000000000000000000e+00
1.218200000000000012e-03 0.000000000000000000e+00
1.242899999999999908e-03 0.000000000000000000e+00
1.268000000000000030e-03 0.000000000000000000e+00
1.293600000000000002e-03 0.000000000000000000e+00
1.319700000000000040e-03 0.000000000000000000e+00
1.346399999999999984e-03 0.000000000000000000e+00
1.373599999999999995e-03 0.000000000000000000e+00
1.401300000000000072e-03 0.000000000000000000e+00
1.429600000000000055e-03 0.000000000000000000e+00
1.458499999999999944e-03 0.000000000000000000e+00
1.487999999999999956e-03 0.000000000000000000e+00
1.518000000000000035e-03 0.000000000000000000e+00
1.548700000000000077e-03 0.000000000000000000e+00
1.580000000000000024e-03 0.000000000000000000e+00
1.611900000000000095e-03 0.000000000000000000e+00
1.644499999999999912e-03 0.000000000000000000e+00
1.677700000000000068e-03 0.000000000000000000e+00
1.711599999999999970e-03 0.000000000000000000e+00
1.746200000000000052e-03 0.000000000000000000e+00
1.781400000000000041e-03 0.000000000000000000e+00
1.817400000000000048e-03 0.000000000000000000e+00
1.854100000000000019e-03 0.000000000000000000e+00
1.891600000000000009e-03 0.000000000000000000e+00
1.929799999999999962e-03 0.000000000000000000e+00
1.968800000000000151e-03 0.000000000000000000e+00
2.008600000000000142e-03 0.000000000000000000e+00
2.049099999999999880e-03 0.000000000000000000e+00
2.090499999999999910e-03 0.000000000000000000e+00
2.132799999999999800e-03 0.000000000000000000e+00
2.175799999999999870e-03 0.000000000000000000e+00
2.219800000000000072e-03 0.000000000000000000e+00
2.264599999999999860e-03 0.000000000000000000e+00
2.310400000000000214e-03 0.000000000000000000e+00
2.357099999999999994e-03 0.000000000000000000e+00
2.404700000000000067e-03 0.000000000000000000e+00
2.453299999999999838e-03 0.000000000000000000e+00
2.502799999999999903e-03 0.000000000000000000e+00
2.553399999999999941e-03 0.000000000000000000e+00
2.605000000000000111e-03 0.000000000000000000e+00
2.657599999999999980e-03 0.000000000000000000e+00
2.711299999999999821e-03 0.000000000000000000e+00
2.765999999999999796e-03 0.000000000000000000e+00
2.821900000000000016e-03 0.000000000000000000e+00
2.878900000000000209e-03 0.000000000000000000e+00
2.937100000000000214e-03 0.000000000000000000e+00
2.996400000000000192e-03 0.000000000000000000e+00
3.056899999999999982e-03 0.000000000000000000e+00
3.118699999999999858e-03 0.000000000000000000e+00
3.181699999999999980e-03 0.000000000000000000e+00
3.246000000000000187e-03 0.000000000000000000e+00
3.311500000000000207e-03 0.000000000000000000e+00
3.378400000000000153e-03 0.000000000000000000e+00
3.446700000000000024e-03 0.000000000000000000e+00
3.516299999999999981e-03 -6.490766886384411968e-05
3.587400000000000137e-03 0.000000000000000000e+00
3.659799999999999946e-03 0.000000000000000000e+00
3.733799999999999793e-03 0.000000000000000000e+00
3.809199999999999999e-03 0.000000000000000000e+00
3.886099999999999971e-03 0.000000000000000000e+00
3.964600000000000415e-03 5.937713388310935579e-05
4.044700000000000031e-03 0.000000000000000000e+00
4.126399999999999686e-03 0.000000000000000000e+00
4.209799999999999653e-03 -5.688120362159293454e-05
4.294799999999999660e-03 -1.121704992763347447e-04
4.381600000000000251e-03 -1.106133511442007860e-04
4.470100000000000288e-03 0.000000000000000000e+00
4.560400000000000044e-03 1.613901071367212321e-04
4.652500000000000385e-03 3.184037386272622525e-04
4.746499999999999851e-03 3.665017449858637769e-04
4.842400000000000176e-03 3.099974191706443821e-04
4.940199999999999626e-03 0.000000000000000000e+00
5.040000000000000209e-03 -6.042296256341650983e-04
5.141899999999999596e-03 -1.342649198443076654e-03
5.245699999999999842e-03 -2.210379857144153127e-03
5.351700000000000033e-03 -3.008542641944502230e-03
5.459799999999999896e-03 -3.643515224903811234e-03
5.570099999999999704e-03 -4.025865669063047152e-03
5.682600000000000325e-03 -4.164820358335462498e-03
5.797400000000000296e-03 -4.115327288651785854e-03
5.914499999999999619e-03 -4.066996717849548706e-03
6.034000000000000301e-03 -4.065046248169556196e-03
6.155899999999999740e-03 -4.018759594917743760e-03
6.280299999999999945e-03 -4.150482821482609844e-03
6.407200000000000048e-03 -4.235906680863855966e-03
6.536600000000000049e-03 -4.362952124847393510e-03
6.668600000000000222e-03 -4.487666469388016700e-03
6.803299999999999972e-03 -4.609959738479075912e-03
6.940799999999999574e-03 -4.688358874511609070e-03
7.080999999999999621e-03 -4.848444116493448065e-03
7.224000000000000386e-03 -4.923692861784722923e-03
7.369999999999999815e-03 -4.998080255720656687e-03
7.518900000000000236e-03 -5.112012259570072881e-03
7.670800000000000188e-03 -5.224234728894455553e-03
7.825699999999999670e-03 -5.335242959631824981e-03
7.983799999999999231e-03 -5.445121670282366752e-03
8.145100000000000603e-03 -5.592681968964736960e-03
8.309600000000000319e-03 -5.700215711759068146e-03
8.477500000000000660e-03 -5.883268803408025528e-03
8.648799999999999891e-03 -5.988722746449804887e-03
8.823499999999999746e-03 -6.131180930052864547e-03
9.001699999999999632e-03 -6.272890407280861530e-03
9.183600000000000096e-03 -6.413724323560888139e-03
9.369099999999999998e-03 -6.554020294122665270e-03
9.558300000000000476e-03 -6.730337413959803367e-03
9.751400000000000345e-03 -6.869881443212213015e-03
9.948399999999999604e-03 -7.045208612009490681e-03
1.014900000000000004e-02 -7.220507347019596359e-03
1.035400000000000036e-02 -7.395664213456398101e-03
1.056400000000000047e-02 -7.571081360357698013e-03
1.077700000000000012e-02 -7.746629708932141825e-03
1.099499999999999957e-02 -7.958068690090762745e-03
1.121699999999999954e-02 -8.134972454700647657e-03
1.144300000000000005e-02 -8.348081105154236264e-03
1.167499999999999961e-02 -8.527277886127008349e-03
1.191000000000000045e-02 -8.742770092789413708e-03
1.215100000000000034e-02 -8.994421864006549305e-03
1.239700000000000003e-02 -9.213474654769503516e-03
1.264700000000000026e-02 -9.469278614090916382e-03
1.290200000000000027e-02 -9.693129205659680239e-03
1.316299999999999935e-02 -9.954087819138011245e-03
1.342899999999999996e-02 -1.018405084914816155e-02
1.370000000000000037e-02 -1.045192250500595783e-02
1.397699999999999984e-02 -1.075794944338265453e-02
1.425900000000000084e-02 -1.103393300515319135e-02
1.454699999999999917e-02 -1.131505300288558787e-02
1.484100000000000003e-02 -1.160129709784863371e-02
1.514099999999999994e-02 -1.192761412412008011e-02
1.544700000000000066e-02 -1.222614371787038128e-02
1.575899999999999870e-02 -1.260049466872846698e-02
1.607700000000000101e-02 -1.291323270085348654e-02
1.640199999999999991e-02 -1.326869067389371652e-02
1.673399999999999888e-02 -1.363316734455567204e-02
1.707200000000000037e-02 -1.400730259234081627e-02
1.741600000000000092e-02 -1.439126894065279570e-02
1.776799999999999907e-02 -1.478678468448798612e-02
1.812700000000000075e-02 -1.519358872094852229e-02
1.849299999999999902e-02 -1.561356696258575996e-02
1.886699999999999836e-02 -1.601072712623151720e-02
1.924800000000000122e-02 -1.645843614519348561e-02
1.963700000000000168e-02 -1.695793929063204100e-02
2.003399999999999972e-02 -1.740073828540458084e-02
2.043800000000000130e-02 -1.786061385968929979e-02
2.085100000000000148e-02 -1.833808330987154664e-02
2.127199999999999924e-02 -1.883509821743913418e-02
2.170199999999999907e-02 -1.939044325207561412e-02
2.214100000000000096e-02 -1.989050258732319790e-02
2.258800000000000044e-02 -2.045109399953842430e-02
2.304399999999999851e-02 -2.099626086595974758e-02
2.350999999999999965e-02 -2.156537764245557501e-02
2.398499999999999938e-02 -2.211871292955567420e-02
2.446900000000000117e-02 -2.273961050254212982e-02
2.496400000000000008e-02 -2.330358567788403182e-02
2.546800000000000105e-02 -2.393805616421552235e-02
2.598200000000000162e-02 -2.455773154176361592e-02
2.650699999999999931e-02 -2.516247447279863422e-02
2.704300000000000107e-02 -2.579561982145756049e-02
2.758899999999999894e-02 -2.641254228212324903e-02
2.814600000000000088e-02 -2.710549483382498903e-02
2.871500000000000094e-02 -2.778222558209180251e-02
2.929500000000000159e-02 -2.848889255214000563e-02
2.988700000000000037e-02 -2.912778861813434400e-02
3.048999999999999974e-02 -2.984384035226649717e-02
3.110600000000000170e-02 -3.053791542783334395e-02
3.173499999999999932e-02 -3.125918982196128348e-02
3.237600000000000200e-02 -3.200751400991857371e-02
3.302999999999999686e-02 -3.278253448542416126e-02
3.369699999999999779e-02 -3.346998403809670758e-02
3.437799999999999884e-02 -3.423260312173439374e-02
3.507199999999999901e-02 -3.501620933624450399e-02
3.578100000000000031e-02 -3.575718405079283957e-02
3.650400000000000172e-02 -3.663458894430144525e-02
3.724100000000000327e-02 -3.740180272527001554e-02
3.799299999999999899e-02 -3.824110124612897094e-02
3.876099999999999685e-02 -3.909032655683869484e-02
3.954400000000000276e-02 -4.001484832057238678e-02
4.034299999999999692e-02 -4.094666796100686346e-02
4.115800000000000014e-02 -4.180855452944937795e-02
4.198899999999999855e-02 -4.273814792046596450e-02
4.283800000000000108e-02 -4.380585349696241443e-02
4.370299999999999879e-02 -4.478584648245556576e-02
4.458600000000000063e-02 -4.582589375126206593e-02
4.548599999999999866e-02 -4.700157081394690933e-02
4.640500000000000180e-02 -4.816492534257505592e-02
4.734300000000000314e-02 -4.939771546250799200e-02
4.829900000000000165e-02 -5.061999084650822128e-02
4.927499999999999936e-02 -5.192106742580457346e-02
5.027000000000000218e-02 -5.330573088808854970e-02
5.128599999999999826e-02 -5.469184238440557427e-02
5.232200000000000045e-02 -5.617473302404873275e-02
5.337900000000000283e-02 -5.767143998315808762e-02
5.445699999999999846e-02 -5.919618389382361179e-02
5.555700000000000222e-02 -6.083590258498262904e-02
5.668000000000000121e-02 -6.242417022051872239e-02
5.782500000000000140e-02 -6.406514834766652289e-02
5.899299999999999683e-02 -6.567805405243697103e-02
6.018400000000000138e-02 -6.726965808116296131e-02
6.140000000000000319e-02 -6.895326674229787511e-02
6.264100000000000223e-02 -7.051549821109959204e-02
6.390600000000000447e-02 -7.203017806085365571e-02
6.519700000000000495e-02 -7.353861051824572836e-02
6.651400000000000368e-02 -7.485559581345153923e-02
6.785800000000000165e-02 -7.610113487856520753e-02
6.922899999999999887e-02 -7.720656178758006360e-02
7.062699999999999534e-02 -7.815064016134344593e-02
7.205400000000000693e-02 -7.891622722027448467e-02
7.351000000000000589e-02 -7.947549991070566866e-02
7.499400000000000510e-02 -7.983281468402150804e-02
7.650899999999999368e-02 -7.998098193312416782e-02
7.805499999999999938e-02 -7.990190921998534257e-02
7.963199999999999446e-02 -7.962965656406346959e-02
8.124099999999999377e-02 -7.913362445940222423e-02
8.288199999999999734e-02 -7.843616353723018020e-02
8.455600000000000616e-02 -7.757068964452638882e-02
8.626399999999999346e-02 -7.657950074891890779e-02
8.800700000000000189e-02 -7.546482446501186214e-02
8.978500000000000369e-02 -7.431352133596548504e-02
9.159799999999999887e-02 -7.317489142287851578e-02
9.344900000000000428e-02 -7.213425024165733002e-02
9.533700000000000507e-02 -7.125876884317043636e-02
9.726300000000000223e-02 -7.057809549590407516e-02
9.922699999999999576e-02 -7.018700272183231448e-02
1.012300000000000005e-01 -7.009838289851952342e-02
1.032799999999999968e-01 -7.028933438787501875e-02
1.053599999999999953e-01 -7.073512485694545548e-02
1.074900000000000022e-01 -7.137706880163056933e-02
1.096599999999999936e-01 -7.208577031273000202e-02
1.118799999999999933e-01 -7.274946224168785114e-02
1.141400000000000053e-01 -7.327634859947727841e-02
1.164400000000000018e-01 -7.348776122748414130e-02
1.188000000000000028e-01 -7.330631228648330777e-02
1.212000000000000022e-01 -7.254972772494515387e-02
1.236499999999999960e-01 -7.117212493307358001e-02
1.261400000000000021e-01 -6.900887861545965118e-02
1.286899999999999988e-01 -6.599903919208566228e-02
1.312899999999999900e-01 -6.206593805303679129e-02
1.339400000000000035e-01 -5.726760961318808768e-02
1.366499999999999937e-01 -5.159934780014355238e-02
1.394100000000000061e-01 -4.519826136404014871e-02
1.422299999999999953e-01 -3.830050072160517266e-02
1.451000000000000068e-01 -3.124437840581691106e-02
1.480299999999999949e-01 -2.435332801083204754e-02
1.510199999999999876e-01 -1.797563600931765052e-02
1.540700000000000125e-01 -1.241330640093567077e-02
1.571799999999999864e-01 -7.827121662403057137e-03
1.603600000000000025e-01 -4.148446176964784918e-03
1.635999999999999954e-01 -1.256018586726220148e-03
1.668999999999999928e-01 1.064169516198240628e-03
1.702799999999999869e-01 3.286631569465441743e-03
1.737100000000000033e-01 5.982510254898902244e-03
1.772199999999999886e-01 9.560860135370635726e-03
1.807999999999999885e-01 1.458670749835539945e-02
1.844600000000000128e-01 2.124510861373606063e-02
1.881799999999999862e-01 2.967401848270807829e-02
1.919800000000000118e-01 3.987646863413937121e-02
1.958600000000000063e-01 5.159715797430185213e-02
1.998199999999999976e-01 6.416422114615763506e-02
2.038600000000000134e-01 7.707974254287931759e-02
2.079699999999999882e-01 8.942949030193313165e-02
2.121800000000000075e-01 1.005257594699688756e-01
2.164600000000000135e-01 1.099511893664253531e-01
2.208299999999999985e-01 1.177362903016945794e-01
2.253000000000000003e-01 1.243387667381317951e-01
2.298499999999999988e-01 1.306051807143706056e-01
2.344900000000000040e-01 1.376956565254378317e-01
2.392299999999999982e-01 1.463177997071884451e-01
2.440599999999999992e-01 1.571519994523556119e-01
2.489899999999999891e-01 1.703927072451429381e-01
2.540200000000000236e-01 1.855941679835428348e-01
2.591499999999999915e-01 2.021517211349442844e-01
2.643900000000000139e-01 2.188193241368680542e-01
2.697300000000000253e-01 2.345740662821434730e-01
2.751799999999999802e-01 2.486400149360795953e-01
2.807399999999999896e-01 2.608397511178080497e-01
2.864099999999999979e-01 2.718436664542541736e-01
2.921900000000000053e-01 2.829164217114730762e-01
2.980999999999999761e-01 2.950178058547875959e-01
3.041200000000000014e-01 3.092818087548623307e-01
3.102599999999999802e-01 3.258644715308005591e-01
3.165299999999999780e-01 3.440841074797009735e-01
3.229199999999999848e-01 3.629799441072257271e-01
3.294500000000000206e-01 3.814297038452990618e-01
3.361000000000000099e-01 3.984794912300244074e-01
3.428899999999999726e-01 4.141058037447120088e-01
3.498200000000000198e-01 4.291145111173309545e-01
3.568899999999999850e-01 4.445909634279571754e-01
3.640900000000000247e-01 4.615382010916734279e-01
3.714500000000000024e-01 4.802717500061271516e-01
3.789500000000000091e-01 5.002478791814006787e-01
3.866100000000000092e-01 5.205727420118884119e-01
3.944199999999999928e-01 5.402797763936860731e-01
4.023900000000000254e-01 5.590455649627955603e-01
4.105199999999999960e-01 5.773409772969056997e-01
4.188100000000000156e-01 5.958985233070647203e-01
4.272699999999999831e-01 6.155411946495347175e-01
4.359000000000000097e-01 6.363022666326846322e-01
4.447099999999999942e-01 6.577070595729486158e-01
4.536899999999999822e-01 6.790142258736296954e-01
4.628599999999999937e-01 6.999047054504575760e-01
4.722100000000000186e-01 7.204702810977806626e-01
4.817400000000000015e-01 7.413217829105140932e-01
4.914799999999999724e-01 7.628480985185437380e-01
5.014100000000000223e-01 7.850305323441169048e-01
5.115300000000000402e-01 8.074363941054554239e-01
5.218699999999999450e-01 8.297487357328139357e-01
5.324100000000000499e-01 8.521642770123664112e-01
5.431700000000000417e-01 8.746735990147384010e-01
5.541399999999999659e-01 8.974161692424198478e-01
5.653299999999999992e-01 9.202853673553311742e-01
5.767499999999999849e-01 9.433912460375968312e-01
5.884000000000000341e-01 9.666250888118143036e-01
6.002899999999999903e-01 9.900917786242153795e-01
6.124199999999999644e-01 1.013750889846504188e+00
6.247899999999999565e-01 1.037502055180753668e+00
6.374100000000000321e-01 1.061463408845175760e+00
6.502900000000000347e-01 1.085572243616649946e+00
6.634200000000000097e-01 1.109757611786631681e+00
6.768300000000000427e-01 1.134136182095053957e+00
6.905000000000000027e-01 1.158579995890664849e+00
7.044500000000000206e-01 1.183154619097963600e+00
7.186799999999999855e-01 1.207851629492715739e+00
7.331999999999999629e-01 1.232615037672962988e+00
7.480099999999999527e-01 1.257484927071140124e+00
7.631200000000000205e-01 1.282425798046912702e+00
7.785400000000000098e-01 1.307410313321452522e+00
7.942599999999999660e-01 1.332582496511075965e+00
8.103099999999999747e-01 1.357739703316860336e+00
8.266799999999999704e-01 1.382921828301249656e+00
8.433800000000000185e-01 1.408223896521304308e+00
8.604100000000000081e-01 1.433566784661930660e+00
8.778000000000000247e-01 1.458901996700480597e+00
8.955300000000000482e-01 1.484293908256425487e+00
9.136199999999999877e-01 1.509715826689060458e+00
9.320800000000000196e-01 1.535157168567487185e+00
9.509100000000000330e-01 1.560581302479873811e+00
9.701100000000000279e-01 1.586031082299061534e+00
9.897099999999999786e-01 1.611462284452977789e+00
1.009700000000000042e+00 1.636869922367822472e+00
1.030100000000000016e+00 1.662238227932979706e+00
1.050899999999999945e+00 1.687593233576930807e+00
1.072100000000000053e+00 1.712881265779768958e+00
1.093800000000000106e+00 1.738134023904239989e+00
1.115899999999999892e+00 1.763301503702298989e+00
1.138400000000000079e+00 1.788452915743045546e+00
1.161399999999999988e+00 1.813520416050588224e+00
1.184900000000000064e+00 1.838557908283327880e+00
1.208800000000000097e+00 1.863479494642787948e+00
1.233300000000000063e+00 1.888327879320021330e+00
1.258199999999999985e+00 1.913101397473859100e+00
1.283600000000000074e+00 1.937800802739913397e+00
1.309500000000000108e+00 1.962395379972700304e+00
1.336000000000000076e+00 1.986902569500568649e+00
1.362999999999999989e+00 2.011320298058768774e+00
1.390500000000000069e+00 2.035586224890459928e+00
1.418600000000000083e+00 2.059764498574565561e+00
1.447200000000000042e+00 2.083863894077082612e+00
1.476499999999999924e+00 2.107835530293069581e+00
1.506299999999999972e+00 2.131684488205886296e+00
1.536699999999999955e+00 2.155361468215506449e+00
1.567800000000000082e+00 2.178959834143503471e+00
1.599399999999999933e+00 2.202357875778063967e+00
1.631799999999999917e+00 2.225699148779917813e+00
1.664700000000000069e+00 2.248822251846918086e+00
1.698399999999999910e+00 2.271888259423664458e+00
1.732699999999999907e+00 2.294729945661889481e+00
1.767700000000000049e+00 2.317436621364069804e+00
1.803399999999999892e+00 2.340019282906232956e+00
1.839800000000000102e+00 2.362442196160476460e+00
1.877000000000000002e+00 2.384724625364297523e+00
1.914900000000000047e+00 2.406780707872725689e+00
1.953600000000000003e+00 2.428739848639312804e+00
1.993000000000000105e+00 2.450466159807708433e+00
2.033300000000000107e+00 2.472097337246710769e+00
2.074399999999999800e+00 2.493447761715452238e+00
2.116299999999999848e+00 2.514726563144032756e+00
2.158999999999999808e+00 2.535866015997640943e+00
2.202599999999999891e+00 2.556794101724980450e+00
2.247100000000000097e+00 2.577556804895348108e+00
2.292499999999999982e+00 2.598145440209183477e+00
2.338799999999999990e+00 2.618618401327251100e+00
2.386099999999999888e+00 2.638845823692304471e+00
2.434299999999999908e+00 2.658891716373419367e+00
2.483499999999999819e+00 2.678862200534063209e+00
2.533599999999999852e+00 2.698643537863919750e+00
2.584799999999999986e+00 2.718249846067076092e+00
2.637000000000000011e+00 2.737667537402667328e+00
2.690300000000000136e+00 2.756974774552766405e+00
2.744699999999999918e+00 2.776103439319178801e+00
2.800100000000000033e+00 2.795051120239598674e+00
2.856700000000000017e+00 2.813903976725080636e+00
2.914400000000000102e+00 2.832559303593720212e+00
2.973300000000000054e+00 2.851130377821323947e+00
3.033300000000000107e+00 2.869517326442187155e+00
3.094599999999999795e+00 2.887723292495034677e+00
3.157099999999999795e+00 2.905836649529461191e+00
3.220899999999999874e+00 2.923826565848075099e+00
3.286000000000000032e+00 2.941679824096143037e+00
3.352300000000000058e+00 2.959402142680244818e+00
3.420100000000000140e+00 2.977017623888213560e+00
3.489199999999999857e+00 2.994524282432838636e+00
3.559600000000000097e+00 3.011900016940736613e+00
3.631600000000000161e+00 3.029185412471409933e+00
3.704899999999999860e+00 3.046315759494045317e+00
3.779799999999999827e+00 3.063409048923847244e+00
3.856100000000000083e+00 3.080381709108538590e+00
3.934000000000000163e+00 3.097243589541645470e+00
4.013499999999999623e+00 3.114058073321282372e+00
4.094599999999999795e+00 3.130755575434017945e+00
4.177299999999999791e+00 3.147378182594320783e+00
4.261700000000000266e+00 3.163965006870138819e+00
4.347800000000000331e+00 3.180433725291357483e+00
4.435599999999999987e+00 3.196881679098752205e+00
4.525199999999999889e+00 3.213236556536297694e+00
4.616600000000000037e+00 3.229572865143559124e+00
4.709900000000000198e+00 3.245840337112379625e+00
4.804999999999999716e+00 3.262062405697325751e+00
4.902099999999999902e+00 3.278242646463827459e+00
5.001100000000000101e+00 3.294419917947764898e+00
5.102100000000000080e+00 3.310519279157063011e+00
5.205199999999999605e+00 3.326686941029698197e+00
5.310399999999999565e+00 3.342795498769945972e+00
5.417600000000000193e+00 3.358857163363933473e+00
5.527099999999999902e+00 3.374916988267546269e+00
5.638700000000000045e+00 3.391084198621568735e+00
5.752600000000000158e+00 3.407145534687789912e+00
5.868900000000000006e+00 3.423243124365449308e+00
5.987400000000000055e+00 3.439406957778010199e+00
6.108399999999999608e+00 3.455549706284326561e+00
6.231799999999999784e+00 3.471766011523357509e+00
6.357700000000000351e+00 3.488018169519023992e+00
6.486100000000000421e+00 3.504297452997255924e+00
6.617099999999999760e+00 3.520622826787385584e+00
6.750799999999999912e+00 3.537021219099039104e+00
6.887199999999999989e+00 3.553490952808316727e+00
7.026299999999999990e+00 3.570073658701688135e+00
7.168199999999999683e+00 3.586700200274595129e+00
7.312999999999999723e+00 3.603433809946973376e+00
7.460799999999999876e+00 3.620269017756462038e+00
7.611500000000000377e+00 3.637200455690355660e+00
7.765299999999999869e+00 3.654303298028123592e+00
7.922100000000000364e+00 3.671489763033422005e+00
8.082200000000000273e+00 3.688786593544015169e+00
8.245400000000000063e+00 3.706274587677401033e+00
8.412000000000000810e+00 3.723851034956015660e+00
8.581899999999999196e+00 3.741634188356195434e+00
8.755300000000000082e+00 3.759500271199113453e+00
8.932199999999999918e+00 3.777597297555038924e+00
9.112600000000000477e+00 3.795832082578403543e+00
9.296699999999999520e+00 3.814178521107595365e+00
9.484500000000000597e+00 3.832753610285434487e+00
9.676099999999999923e+00 3.851551274450134787e+00
9.871600000000000819e+00 3.870458482564882896e+00
1.007099999999999973e+01 3.889458763272680475e+00
1.027399999999999913e+01 3.908582971830608876e+00
