# # k[h/Mpc], logBoost (P^NLCDM_NL/P^NLCDM_L)
1.000000000000000048e-04 0.000000000000000000e+00
1.020200000000000024e-04 0.000000000000000000e+00
1.040800000000000064e-04 0.000000000000000000e+00
1.061800000000000032e-04 0.000000000000000000e+00
1.083300000000000013e-04 0.000000000000000000e+00
1.105200000000000057e-04 0.000000000000000000e+00
1.127500000000000030e-04 0.000000000000000000e+00
1.150300000000000015e-04 0.000000000000000000e+00
1.173500000000000064e-04 0.000000000000000000e+00
1.197199999999999989e-04 0.000000000000000000e+00
1.221399999999999927e-04 0.000000000000000000e+00
1.246099999999999877e-04 0.000000000000000000e+00
1.271199999999999891e-04 0.000000000000000000e+00
1.296899999999999865e-04 0.000000000000000000e+00
1.323100000000000122e-04 0.000000000000000000e+00
1.349900000000000069e-04 0.000000000000000000e+00
1.377100000000000080e-04 0.000000000000000000e+00
1.404900000000000051e-04 0.000000000000000000e+00
1.433299999999999982e-04 0.000000000000000000e+00
1.462299999999999874e-04 0.000000000000000000e+00
1.491800000000000049e-04 0.000000000000000000e+00
1.522000000000000132e-04 0.000000000000000000e+00
1.552699999999999957e-04 0.000000000000000000e+00
1.584099999999999961e-04 0.000000000000000000e+00
1.616099999999999926e-04 0.000000000000000000e+00
1.648700000000000122e-04 0.000000000000000000e+00
1.681999999999999956e-04 0.000000000000000000e+00
1.715999999999999969e-04 0.000000000000000000e+00
1.750699999999999891e-04 0.000000000000000000e+00
1.786000000000000044e-04 0.000000000000000000e+00
1.822100000000000054e-04 0.000000000000000000e+00
1.858899999999999973e-04 0.000000000000000000e+00
1.896500000000000020e-04 0.000000000000000000e+00
1.934799999999999975e-04 0.000000000000000000e+00
1.973900000000000058e-04 0.000000000000000000e+00
2.013799999999999998e-04 0.000000000000000000e+00
2.054400000000000117e-04 0.000000000000000000e+00
2.095900000000000042e-04 0.000000000000000000e+00
2.138300000000000042e-04 0.000000000000000000e+00
2.181499999999999900e-04 0.000000000000000000e+00
2.225499999999999885e-04 0.000000000000000000e+00
2.270499999999999895e-04 0.000000000000000000e+00
2.316399999999999980e-04 0.000000000000000000e+00
2.363199999999999871e-04 0.000000000000000000e+00
2.410900000000000109e-04 0.000000000000000000e+00
2.459599999999999829e-04 0.000000000000000000e+00
2.509300000000000115e-04 0.000000000000000000e+00
2.559999999999999884e-04 0.000000000000000000e+00
2.611700000000000219e-04 0.000000000000000000e+00
2.664499999999999985e-04 0.000000000000000000e+00
2.718299999999999775e-04 0.000000000000000000e+00
2.773200000000000079e-04 0.000000000000000000e+00
2.829199999999999814e-04 0.000000000000000000e+00
2.886400000000000012e-04 0.000000000000000000e+00
2.944700000000000182e-04 0.000000000000000000e+00
3.004199999999999731e-04 0.000000000000000000e+00
3.064899999999999743e-04 0.000000000000000000e+00
3.126800000000000217e-04 0.000000000000000000e+00
3.189900000000000070e-04 0.000000000000000000e+00
3.254399999999999741e-04 0.000000000000000000e+00
3.320099999999999874e-04 0.000000000000000000e+00
3.387199999999999825e-04 0.000000000000000000e+00
3.455600000000000186e-04 0.000000000000000000e+00
3.525399999999999823e-04 0.000000000000000000e+00
3.596599999999999819e-04 0.000000000000000000e+00
3.669300000000000122e-04 0.000000000000000000e+00
3.743400000000000243e-04 0.000000000000000000e+00
3.819000000000000129e-04 0.000000000000000000e+00
3.896200000000000271e-04 0.000000000000000000e+00
3.974900000000000178e-04 0.000000000000000000e+00
4.055199999999999799e-04 0.000000000000000000e+00
4.137100000000000217e-04 0.000000000000000000e+00
4.220699999999999756e-04 0.000000000000000000e+00
4.306000000000000040e-04 0.000000000000000000e+00
4.392900000000000038e-04 0.000000000000000000e+00
4.481700000000000137e-04 0.000000000000000000e+00
4.572199999999999897e-04 0.000000000000000000e+00
4.664599999999999758e-04 0.000000000000000000e+00
4.758799999999999771e-04 0.000000000000000000e+00
4.854999999999999832e-04 0.000000000000000000e+00
4.952999999999999504e-04 0.000000000000000000e+00
5.053100000000000256e-04 0.000000000000000000e+00
5.155199999999999973e-04 0.000000000000000000e+00
5.259299999999999739e-04 0.000000000000000000e+00
5.365600000000000534e-04 0.000000000000000000e+00
5.473900000000000293e-04 0.000000000000000000e+00
5.584500000000000488e-04 0.000000000000000000e+00
5.697299999999999543e-04 0.000000000000000000e+00
5.812400000000000119e-04 0.000000000000000000e+00
5.929900000000000535e-04 0.000000000000000000e+00
6.049599999999999813e-04 0.000000000000000000e+00
6.171899999999999912e-04 0.000000000000000000e+00
6.296500000000000447e-04 0.000000000000000000e+00
6.423699999999999636e-04 0.000000000000000000e+00
6.553499999999999647e-04 0.000000000000000000e+00
6.685900000000000480e-04 0.000000000000000000e+00
6.821000000000000457e-04 0.000000000000000000e+00
6.958799999999999578e-04 0.000000000000000000e+00
7.099300000000000012e-04 0.000000000000000000e+00
7.242699999999999486e-04 0.000000000000000000e+00
7.389099999999999575e-04 0.000000000000000000e+00
7.538300000000000382e-04 0.000000000000000000e+00
7.690600000000000127e-04 0.000000000000000000e+00
7.845999999999999893e-04 0.000000000000000000e+00
8.004499999999999680e-04 0.000000000000000000e+00
8.166199999999999978e-04 0.000000000000000000e+00
8.331099999999999704e-04 0.000000000000000000e+00
8.499399999999999837e-04 0.000000000000000000e+00
8.671100000000000379e-04 0.000000000000000000e+00
8.846299999999999650e-04 0.000000000000000000e+00
9.024999999999999819e-04 0.000000000000000000e+00
9.207300000000000293e-04 0.000000000000000000e+00
9.393300000000000477e-04 0.000000000000000000e+00
9.583099999999999778e-04 0.000000000000000000e+00
9.776699999999999280e-04 0.000000000000000000e+00
9.974199999999999473e-04 0.000000000000000000e+00
1.017600000000000015e-03 0.000000000000000000e+00
1.038099999999999917e-03 0.000000000000000000e+00
1.059100000000000102e-03 0.000000000000000000e+00
1.080500000000000080e-03 0.000000000000000000e+00
1.102300000000000068e-03 0.000000000000000000e+00
1.124599999999999905e-03 0.000000000000000000e+00
1.147299999999999969e-03 0.000000000000000000e+00
1.170500000000000099e-03 0.000000000000000000e+00
1.194100000000000023e-03 0.000000000000000000e+00
1.218200000000000012e-03 0.000000000000000000e+00
1.242899999999999908e-03 0.000000000000000000e+00
1.268000000000000030e-03 0.000000000000000000e+00
1.293600000000000002e-03 0.000000000000000000e+00
1.319700000000000040e-03 0.000000000000000000e+00
1.346399999999999984e-03 0.000000000000000000e+00
1.373599999999999995e-03 0.000000000000000000e+00
1.401300000000000072e-03 0.000000000000000000e+00
1.429600000000000055e-03 0.000000000000000000e+00
1.458499999999999944e-03 0.000000000000000000e+00
1.487999999999999956e-03 0.000000000000000000e+00
1.518000000000000035e-03 0.000000000000000000e+00
1.548700000000000077e-03 0.000000000000000000e+00
1.580000000000000024e-03 0.000000000000000000e+00
1.611900000000000095e-03 0.000000000000000000e+00
1.644499999999999912e-03 0.000000000000000000e+00
1.677700000000000068e-03 0.000000000000000000e+00
1.711599999999999970e-03 0.000000000000000000e+00
1.746200000000000052e-03 0.000000000000000000e+00
1.781400000000000041e-03 0.000000000000000000e+00
1.817400000000000048e-03 0.000000000000000000e+00
1.854100000000000019e-03 0.000000000000000000e+00
1.891600000000000009e-03 0.000000000000000000e+00
1.929799999999999962e-03 0.000000000000000000e+00
1.968800000000000151e-03 0.000000000000000000e+00
2.008600000000000142e-03 0.000000000000000000e+00
2.049099999999999880e-03 0.000000000000000000e+00
2.090499999999999910e-03 0.000000000000000000e+00
2.132799999999999800e-03 0.000000000000000000e+00
2.175799999999999870e-03 0.000000000000000000e+00
2.219800000000000072e-03 0.000000000000000000e+00
2.264599999999999860e-03 0.000000000000000000e+00
2.310400000000000214e-03 0.000000000000000000e+00
2.357099999999999994e-03 0.000000000000000000e+00
2.404700000000000067e-03 0.000000000000000000e+00
2.453299999999999838e-03 0.000000000000000000e+00
2.502799999999999903e-03 0.000000000000000000e+00
2.553399999999999941e-03 0.000000000000000000e+00
2.605000000000000111e-03 0.000000000000000000e+00
2.657599999999999980e-03 0.000000000000000000e+00
2.711299999999999821e-03 0.000000000000000000e+00
2.765999999999999796e-03 0.000000000000000000e+00
2.821900000000000016e-03 0.000000000000000000e+00
2.878900000000000209e-03 0.000000000000000000e+00
2.937100000000000214e-03 0.000000000000000000e+00
2.996400000000000192e-03 0.000000000000000000e+00
3.056899999999999982e-03 0.000000000000000000e+00
3.118699999999999858e-03 0.000000000000000000e+00
3.181699999999999980e-03 0.000000000000000000e+00
3.246000000000000187e-03 0.000000000000000000e+00
3.311500000000000207e-03 0.000000000000000000e+00
3.378400000000000153e-03 -6.172268001836096014e-05
3.446700000000000024e-03 0.000000000000000000e+00
3.516299999999999981e-03 0.000000000000000000e+00
3.587400000000000137e-03 0.000000000000000000e+00
3.659799999999999946e-03 0.000000000000000000e+00
3.733799999999999793e-03 0.000000000000000000e+00
3.809199999999999999e-03 0.000000000000000000e+00
3.886099999999999971e-03 0.000000000000000000e+00
3.964600000000000415e-03 0.000000000000000000e+00
4.044700000000000031e-03 0.000000000000000000e+00
4.126399999999999686e-03 -5.379670227514363494e-05
4.209799999999999653e-03 -1.061965699506228685e-04
4.294799999999999660e-03 -1.048272971241581269e-04
4.381600000000000251e-03 -5.174242621389279941e-05
4.470100000000000288e-03 5.108687323912673180e-05
4.560400000000000044e-03 2.017756261890627997e-04
4.652500000000000385e-03 2.988940940852553353e-04
4.746499999999999851e-03 2.952320052935791415e-04
4.842400000000000176e-03 1.458399166436270616e-04
4.940199999999999626e-03 -2.401940779688461938e-04
5.040000000000000209e-03 -8.072366828815502647e-04
5.141899999999999596e-03 -1.455296832204934108e-03
5.245699999999999842e-03 -2.088797844432685544e-03
5.351700000000000033e-03 -2.708225014858667984e-03
5.459799999999999896e-03 -3.041378680666316243e-03
5.570099999999999704e-03 -3.187504101748793277e-03
5.682600000000000325e-03 -3.241493924170955714e-03
5.797400000000000296e-03 -3.206609235505880444e-03
5.914499999999999619e-03 -3.128940886602833444e-03
6.034000000000000301e-03 -3.139314939817883059e-03
6.155899999999999740e-03 -3.149608902896219951e-03
6.280299999999999945e-03 -3.244362084862590246e-03
6.407200000000000048e-03 -3.295720636059664387e-03
6.536600000000000049e-03 -3.387733047896817132e-03
6.668600000000000222e-03 -3.478264376324808563e-03
6.803299999999999972e-03 -3.567378519757118376e-03
6.940799999999999574e-03 -3.615042497347818479e-03
7.080999999999999621e-03 -3.662278684268052090e-03
7.224000000000000386e-03 -3.748500058755011369e-03
7.369999999999999815e-03 -3.833820516200027104e-03
7.518900000000000236e-03 -3.879432261961828898e-03
7.670800000000000188e-03 -3.963296643691061223e-03
7.825699999999999670e-03 -4.046424821843731812e-03
7.983799999999999231e-03 -4.128871942606473014e-03
8.145100000000000603e-03 -4.173173716270033376e-03
8.309600000000000319e-03 -4.254849101835757492e-03
8.477500000000000660e-03 -4.336311299779482299e-03
8.648799999999999891e-03 -4.380563225200004122e-03
8.823499999999999746e-03 -4.461680894662960022e-03
9.001699999999999632e-03 -4.579161948376475437e-03
9.183600000000000096e-03 -4.659992177073312564e-03
9.369099999999999998e-03 -4.741047599050485402e-03
9.558300000000000476e-03 -4.822212912948262327e-03
9.751400000000000345e-03 -4.903886732990938441e-03
9.948399999999999604e-03 -4.950505159856202070e-03
1.014900000000000004e-02 -5.068470249993186141e-03
1.035400000000000036e-02 -5.151669912254175192e-03
1.056400000000000047e-02 -5.270610291853065378e-03
1.077700000000000012e-02 -5.320548777837342744e-03
1.099499999999999957e-02 -5.406542593711455291e-03
1.121699999999999954e-02 -5.493475214188860492e-03
1.144300000000000005e-02 -5.616153407897906021e-03
1.167499999999999961e-02 -5.671385095060239336e-03
1.191000000000000045e-02 -5.762518518639591671e-03
1.215100000000000034e-02 -5.855278760151519206e-03
1.239700000000000003e-02 -5.984049042109863305e-03
1.264700000000000026e-02 -6.046236117269204735e-03
1.290200000000000027e-02 -6.178864794466897709e-03
1.316299999999999935e-02 -6.245434357719881723e-03
1.342899999999999996e-02 -6.348577538342174004e-03
1.370000000000000037e-02 -6.419910043199731145e-03
1.397699999999999984e-02 -6.562331294913409038e-03
1.425900000000000084e-02 -6.639312547356585915e-03
1.454699999999999917e-02 -6.753423792625936825e-03
1.484100000000000003e-02 -6.802046220023134221e-03
1.514099999999999994e-02 -6.922587959450053272e-03
1.544700000000000066e-02 -7.012481885926603008e-03
1.575899999999999870e-02 -7.140411620449398609e-03
1.607700000000000101e-02 -7.202912294057997253e-03
1.640199999999999991e-02 -7.304021707745174917e-03
1.673399999999999888e-02 -7.374405719762716985e-03
1.707200000000000037e-02 -7.484060773455377714e-03
1.741600000000000092e-02 -7.562747970426079644e-03
1.776799999999999907e-02 -7.645898121809837321e-03
1.812700000000000075e-02 -7.733712400865918810e-03
1.849299999999999902e-02 -7.826410469491217395e-03
1.886699999999999836e-02 -7.887570562230694290e-03
1.924800000000000122e-02 -7.953499471447422059e-03
1.963700000000000168e-02 -8.061414089544728656e-03
2.003399999999999972e-02 -8.099943036790761483e-03
2.043800000000000130e-02 -8.180934162669503684e-03
2.085100000000000148e-02 -8.229239022525564051e-03
2.127199999999999924e-02 -8.282101600066775829e-03
2.170199999999999907e-02 -8.339744113651289398e-03
2.214100000000000096e-02 -8.362942857098841498e-03
2.258800000000000044e-02 -8.430399187156135954e-03
2.304399999999999851e-02 -8.462214858526342920e-03
2.350999999999999965e-02 -8.498400982820650956e-03
2.398499999999999938e-02 -8.496796823417989211e-03
2.446900000000000117e-02 -8.540704999235884665e-03
2.496400000000000008e-02 -8.502608465043621708e-03
2.546800000000000105e-02 -8.509569728564590416e-03
2.598200000000000162e-02 -8.519420827347847988e-03
2.650699999999999931e-02 -8.486357118429838781e-03
2.704300000000000107e-02 -8.454072941897282367e-03
2.758899999999999894e-02 -8.374943088544003003e-03
2.814600000000000088e-02 -8.342171305026784001e-03
2.871500000000000094e-02 -8.259864658217189529e-03
2.929500000000000159e-02 -8.125060275879496252e-03
2.988700000000000037e-02 -8.035848348831413357e-03
3.048999999999999974e-02 -7.890816004199441291e-03
3.110600000000000170e-02 -7.738827979134518462e-03
3.173499999999999932e-02 -7.579074824621146421e-03
3.237600000000000200e-02 -7.411128440166426211e-03
3.302999999999999686e-02 -7.233713373835015149e-03
3.369699999999999779e-02 -6.988390796468812484e-03
3.437799999999999884e-02 -6.729262156182237026e-03
3.507199999999999901e-02 -6.515860157323237825e-03
3.578100000000000031e-02 -6.166007943658231676e-03
3.650400000000000172e-02 -5.923142710871204079e-03
3.724100000000000327e-02 -5.536970107895050099e-03
3.799299999999999899e-02 -5.195841871069307484e-03
3.876099999999999685e-02 -4.836443900522832684e-03
3.954400000000000276e-02 -4.458016367772725877e-03
4.034299999999999692e-02 -3.990065144581906448e-03
4.115800000000000014e-02 -3.570412247643762940e-03
4.198899999999999855e-02 -3.130804552302755232e-03
4.283800000000000108e-02 -2.670624732693424076e-03
4.370299999999999879e-02 -2.190250488518284341e-03
4.458600000000000063e-02 -1.690357682550937398e-03
4.548599999999999866e-02 -1.249707262544542171e-03
4.640500000000000180e-02 -6.347695206396853154e-04
4.734300000000000314e-02 -1.611084263191071354e-04
4.829900000000000165e-02 4.086469755695430403e-04
4.927499999999999936e-02 9.116148644418806428e-04
5.027000000000000218e-02 1.511970048641659778e-03
5.128599999999999826e-02 2.042553901621508693e-03
5.232200000000000045e-02 2.585985408007814013e-03
5.337900000000000283e-02 3.229892380599727782e-03
5.445699999999999846e-02 3.801109549042448656e-03
5.555700000000000222e-02 4.386953631335665030e-03
5.668000000000000121e-02 5.078915325448270582e-03
5.782500000000000140e-02 5.790723474921907581e-03
5.899299999999999683e-02 6.617911090139883164e-03
6.018400000000000138e-02 7.283766771486979014e-03
6.140000000000000319e-02 8.167232523077203044e-03
6.264100000000000223e-02 8.989702909808392275e-03
6.390600000000000447e-02 9.990331653189450309e-03
6.519700000000000495e-02 1.100094311012644183e-02
6.651400000000000368e-02 1.213040907779125085e-02
6.785800000000000165e-02 1.334951963940633410e-02
6.922899999999999887e-02 1.469126354728238736e-02
7.062699999999999534e-02 1.614796061032537644e-02
7.205400000000000693e-02 1.775644275613663670e-02
7.351000000000000589e-02 1.952098676292793322e-02
7.499400000000000510e-02 2.143329589582858297e-02
7.650899999999999368e-02 2.353229336301441987e-02
7.805499999999999938e-02 2.580652189311707576e-02
7.963199999999999446e-02 2.825387292792890664e-02
8.124099999999999377e-02 3.088036632566600395e-02
8.288199999999999734e-02 3.367351444736464000e-02
8.455600000000000616e-02 3.659799983599456435e-02
8.626399999999999346e-02 3.967006874408557371e-02
8.800700000000000189e-02 4.282172814790106974e-02
8.978500000000000369e-02 4.600357236731583005e-02
9.159799999999999887e-02 4.917734939007235156e-02
9.344900000000000428e-02 5.229781005834110985e-02
9.533700000000000507e-02 5.528621093441635909e-02
9.726300000000000223e-02 5.811913643073549074e-02
9.922699999999999576e-02 6.078457412190663156e-02
1.012300000000000005e-01 6.322919111926840474e-02
1.032799999999999968e-01 6.550727293246570715e-02
1.053599999999999953e-01 6.763944264308749399e-02
1.074900000000000022e-01 6.965790940307001189e-02
1.096599999999999936e-01 7.167232655370858740e-02
1.118799999999999933e-01 7.376839547297876776e-02
1.141400000000000053e-01 7.604008197400766167e-02
1.164400000000000018e-01 7.854185271293205595e-02
1.188000000000000028e-01 8.144565521987967571e-02
1.212000000000000022e-01 8.480368099784731106e-02
1.236499999999999960e-01 8.866799217966575553e-02
1.261400000000000021e-01 9.315305588115377344e-02
1.286899999999999988e-01 9.826375507776281826e-02
1.312899999999999900e-01 1.040995476979629381e-01
1.339400000000000035e-01 1.105980291167458912e-01
1.366499999999999937e-01 1.177045592402896773e-01
1.394100000000000061e-01 1.252743231116390799e-01
1.422299999999999953e-01 1.331766191436667968e-01
1.451000000000000068e-01 1.410257421196248473e-01
1.480299999999999949e-01 1.485955119953109582e-01
1.510199999999999876e-01 1.555233636392305552e-01
1.540700000000000125e-01 1.617579930912265984e-01
1.571799999999999864e-01 1.671897889604014309e-01
1.603600000000000025e-01 1.719710281906771943e-01
1.635999999999999954e-01 1.762778746249107631e-01
1.668999999999999928e-01 1.803449903757999295e-01
1.702799999999999869e-01 1.845019327136356857e-01
1.737100000000000033e-01 1.892802816420801892e-01
1.772199999999999886e-01 1.950234831080333575e-01
1.807999999999999885e-01 2.021557679572319743e-01
1.844600000000000128e-01 2.107279872548610267e-01
1.881799999999999862e-01 2.208010392730134219e-01
1.919800000000000118e-01 2.321785588231673747e-01
1.958600000000000063e-01 2.444660075767999541e-01
1.998199999999999976e-01 2.572785674780955767e-01
2.038600000000000134e-01 2.699071214543251607e-01
2.079699999999999882e-01 2.816793845834448806e-01
2.121800000000000075e-01 2.921116559194341655e-01
2.164600000000000135e-01 3.011942441399267367e-01
2.208299999999999985e-01 3.091672165191570176e-01
2.253000000000000003e-01 3.166160946311651903e-01
2.298499999999999988e-01 3.243556939176376885e-01
2.344900000000000040e-01 3.331920232514192781e-01
2.392299999999999982e-01 3.439575500975895483e-01
2.440599999999999992e-01 3.568059969498628692e-01
2.489899999999999891e-01 3.715195939223517874e-01
2.540200000000000236e-01 3.875867357571773919e-01
2.591499999999999915e-01 4.042559290294240881e-01
2.643900000000000139e-01 4.205310944005594687e-01
2.697300000000000253e-01 4.354685643319645694e-01
2.751799999999999802e-01 4.489012324602216775e-01
2.807399999999999896e-01 4.610399012358807891e-01
2.864099999999999979e-01 4.729735580376107085e-01
2.921900000000000053e-01 4.856046544212356819e-01
2.980999999999999761e-01 4.998810736517207420e-01
3.041200000000000014e-01 5.162481002730758828e-01
3.102599999999999802e-01 5.345808055200503839e-01
3.165299999999999780e-01 5.537645165408997538e-01
3.229199999999999848e-01 5.729635840480645781e-01
3.294500000000000206e-01 5.911857871787625784e-01
3.361000000000000099e-01 6.082208656980487849e-01
3.428899999999999726e-01 6.244420406435587934e-01
3.498200000000000198e-01 6.408608648235885052e-01
3.568899999999999850e-01 6.583853072534222584e-01
3.640900000000000247e-01 6.776107847817751662e-01
3.714500000000000024e-01 6.982757491652634707e-01
3.789500000000000091e-01 7.195768836829238291e-01
3.866100000000000092e-01 7.406821949446482645e-01
3.944199999999999928e-01 7.610092020795745649e-01
4.023900000000000254e-01 7.807639943907364044e-01
4.105199999999999960e-01 8.006412048898124967e-01
4.188100000000000156e-01 8.213461858450814557e-01
4.272699999999999831e-01 8.432585894779358604e-01
4.359000000000000097e-01 8.659266488595562805e-01
4.447099999999999942e-01 8.888750176421812421e-01
4.536899999999999822e-01 9.114298879198525771e-01
4.628599999999999937e-01 9.337756668884075184e-01
4.722100000000000186e-01 9.561883556333958811e-01
4.817400000000000015e-01 9.792169314573514471e-01
4.914799999999999724e-01 1.002956626048118194e+00
5.014100000000000223e-01 1.027076946474306807e+00
5.115300000000000402e-01 1.051256972796315470e+00
5.218699999999999450e-01 1.075298816604951080e+00
5.324100000000000499e-01 1.099605184410040737e+00
5.431700000000000417e-01 1.124151917804964151e+00
5.541399999999999659e-01 1.148971453218801564e+00
5.653299999999999992e-01 1.174023369881749712e+00
5.767499999999999849e-01 1.199220790631598810e+00
5.884000000000000341e-01 1.224592619212133249e+00
6.002899999999999903e-01 1.250090257590541487e+00
6.124199999999999644e-01 1.275701384441607411e+00
6.247899999999999565e-01 1.301447552820449882e+00
6.374100000000000321e-01 1.327226409316048406e+00
6.502900000000000347e-01 1.353186089769986555e+00
6.634200000000000097e-01 1.379292865850282546e+00
6.768300000000000427e-01 1.405377980265563931e+00
6.905000000000000027e-01 1.431666176841875249e+00
7.044500000000000206e-01 1.457891226321833988e+00
7.186799999999999855e-01 1.484302879676178577e+00
7.331999999999999629e-01 1.510735809315636669e+00
7.480099999999999527e-01 1.537206470067834507e+00
7.631200000000000205e-01 1.563713448064636191e+00
7.785400000000000098e-01 1.590237021957987773e+00
7.942599999999999660e-01 1.616770406325040543e+00
8.103099999999999747e-01 1.643284947400396767e+00
8.266799999999999704e-01 1.669792753817392894e+00
8.433800000000000185e-01 1.696299532777999053e+00
8.604100000000000081e-01 1.722712778479625451e+00
8.778000000000000247e-01 1.749129025653802794e+00
8.955300000000000482e-01 1.775459170925135721e+00
9.136199999999999877e-01 1.801703116329613996e+00
9.320800000000000196e-01 1.827884728383365909e+00
9.509100000000000330e-01 1.853997781089333774e+00
9.701100000000000279e-01 1.879975987528135439e+00
9.897099999999999786e-01 1.905881767628761381e+00
1.009700000000000042e+00 1.931632543632325172e+00
1.030100000000000016e+00 1.957257503284867139e+00
1.050899999999999945e+00 1.982721740981086445e+00
1.072100000000000053e+00 2.008068025351899877e+00
1.093800000000000106e+00 2.033242611210277495e+00
1.115899999999999892e+00 2.058265459530711272e+00
1.138400000000000079e+00 2.083154651693677639e+00
1.161399999999999988e+00 2.107855976143107490e+00
1.184900000000000064e+00 2.132386986895141501e+00
1.208800000000000097e+00 2.156699114882123514e+00
1.233300000000000063e+00 2.180868324334880981e+00
1.258199999999999985e+00 2.204813657476604849e+00
1.283600000000000074e+00 2.228579303999079997e+00
1.309500000000000108e+00 2.252141873621868573e+00
1.336000000000000076e+00 2.275561871697571181e+00
1.362999999999999989e+00 2.298685366603375524e+00
1.390500000000000069e+00 2.321679096191355818e+00
1.418600000000000083e+00 2.344391744042339187e+00
1.447200000000000042e+00 2.366963626930251863e+00
1.476499999999999924e+00 2.389293749455281723e+00
1.506299999999999972e+00 2.411330003349434037e+00
1.536699999999999955e+00 2.433244090110366464e+00
1.567800000000000082e+00 2.454952372674050753e+00
1.599399999999999933e+00 2.476280803492556526e+00
1.631799999999999917e+00 2.497567044391166835e+00
1.664700000000000069e+00 2.518528761656484871e+00
1.698399999999999910e+00 2.539275649514400435e+00
1.732699999999999907e+00 2.559764429693686782e+00
1.767700000000000049e+00 2.580049253070692661e+00
1.803399999999999892e+00 2.600134535992805862e+00
1.839800000000000102e+00 2.619917538254116440e+00
1.877000000000000002e+00 2.639546446768565868e+00
1.914900000000000047e+00 2.658952423497899176e+00
1.953600000000000003e+00 2.678083846749774288e+00
1.993000000000000105e+00 2.696963265915688801e+00
2.033300000000000107e+00 2.715677907573408767e+00
2.074399999999999800e+00 2.734078168408162757e+00
2.116299999999999848e+00 2.752332911972935392e+00
2.158999999999999808e+00 2.770355025086944423e+00
2.202599999999999891e+00 2.788079790093211940e+00
2.247100000000000097e+00 2.805667199481320928e+00
2.292499999999999982e+00 2.823053723493003986e+00
2.338799999999999990e+00 2.840141779344912187e+00
2.386099999999999888e+00 2.857040532179089265e+00
2.434299999999999908e+00 2.873729245904050433e+00
2.483499999999999819e+00 2.890202424223759170e+00
2.533599999999999852e+00 2.906478006927016633e+00
2.584799999999999986e+00 2.922559992191775091e+00
2.637000000000000011e+00 2.938438831994939271e+00
2.690300000000000136e+00 2.954130314757140052e+00
2.744699999999999918e+00 2.969609676819907840e+00
2.800100000000000033e+00 2.984903471692609944e+00
2.856700000000000017e+00 3.000048048452969685e+00
2.914400000000000102e+00 3.014968592525831603e+00
2.973300000000000054e+00 3.029737681379904402e+00
3.033300000000000107e+00 3.044357553124346527e+00
3.094599999999999795e+00 3.058788129848625914e+00
3.157099999999999795e+00 3.073052392782432030e+00
3.220899999999999874e+00 3.087164121140260509e+00
3.286000000000000032e+00 3.101163747392915671e+00
3.352300000000000058e+00 3.114989823269318947e+00
3.420100000000000140e+00 3.128710681611707844e+00
3.489199999999999857e+00 3.142231751375150761e+00
3.559600000000000097e+00 3.155697306146295400e+00
3.631600000000000161e+00 3.168994021611363454e+00
3.704899999999999860e+00 3.182156342338289257e+00
3.779799999999999827e+00 3.195272206255222347e+00
3.856100000000000083e+00 3.208234687815049835e+00
3.934000000000000163e+00 3.221112712055253624e+00
4.013499999999999623e+00 3.233933171065114465e+00
4.094599999999999795e+00 3.246597771122039067e+00
4.177299999999999791e+00 3.259236264063168242e+00
4.261700000000000266e+00 3.271767677770030858e+00
4.347800000000000331e+00 3.284252441972231651e+00
4.435599999999999987e+00 3.296588590359397219e+00
4.525199999999999889e+00 3.308972112608186134e+00
4.616600000000000037e+00 3.321283224036084114e+00
4.709900000000000198e+00 3.333474784384400369e+00
4.804999999999999716e+00 3.345727410434384819e+00
4.902099999999999902e+00 3.357887573408111059e+00
5.001100000000000101e+00 3.369992676506633256e+00
5.102100000000000080e+00 3.382078097016961937e+00
5.205199999999999605e+00 3.394176832593671644e+00
5.310399999999999565e+00 3.406259030153576450e+00
5.417600000000000193e+00 3.418309733715175103e+00
5.527099999999999902e+00 3.430395420361457059e+00
5.638700000000000045e+00 3.442443452870528997e+00
5.752600000000000158e+00 3.454533519311264733e+00
5.868900000000000006e+00 3.466626858530799105e+00
5.987400000000000055e+00 3.478710332885140311e+00
6.108399999999999608e+00 3.490860305638550543e+00
6.231799999999999784e+00 3.503027583038782922e+00
6.357700000000000351e+00 3.515195116554961086e+00
6.486100000000000421e+00 3.527423035783943561e+00
6.617099999999999760e+00 3.539745025074449991e+00
6.750799999999999912e+00 3.552082055092041557e+00
6.887199999999999989e+00 3.564491749841731227e+00
7.026299999999999990e+00 3.576937300548749921e+00
7.168199999999999683e+00 3.589514881871244789e+00
7.312999999999999723e+00 3.602075798064048762e+00
7.460799999999999876e+00 3.614827505938491559e+00
7.611500000000000377e+00 3.627594630658105057e+00
7.765299999999999869e+00 3.640533116672494351e+00
7.922100000000000364e+00 3.653594462669379705e+00
8.082200000000000273e+00 3.666669368264983131e+00
8.245400000000000063e+00 3.679911113781273890e+00
8.412000000000000810e+00 3.693272863369731152e+00
8.581899999999999196e+00 3.706762873218462317e+00
8.755300000000000082e+00 3.720363349586479185e+00
8.932199999999999918e+00 3.734043866948470125e+00
9.112600000000000477e+00 3.747843507532686136e+00
9.296699999999999520e+00 3.761799811613770306e+00
9.484500000000000597e+00 3.775858406026455949e+00
9.676099999999999923e+00 3.790052491103800048e+00
9.871600000000000819e+00 3.804306713193580602e+00
1.007099999999999973e+01 3.818672584032087425e+00
1.027399999999999913e+01 3.833136073913099295e+00
