# # k[h/Mpc], logBoost (P^NLCDM_NL/P^NLCDM_L)
1.000000000000000048e-04 0.000000000000000000e+00
1.020200000000000024e-04 0.000000000000000000e+00
1.040800000000000064e-04 0.000000000000000000e+00
1.061800000000000032e-04 0.000000000000000000e+00
1.083300000000000013e-04 0.000000000000000000e+00
1.105200000000000057e-04 0.000000000000000000e+00
1.127500000000000030e-04 0.000000000000000000e+00
1.150300000000000015e-04 0.000000000000000000e+00
1.173500000000000064e-04 0.000000000000000000e+00
1.197199999999999989e-04 0.000000000000000000e+00
1.221399999999999927e-04 0.000000000000000000e+00
1.246099999999999877e-04 0.000000000000000000e+00
1.271199999999999891e-04 0.000000000000000000e+00
1.296899999999999865e-04 0.000000000000000000e+00
1.323100000000000122e-04 0.000000000000000000e+00
1.349900000000000069e-04 0.000000000000000000e+00
1.377100000000000080e-04 0.000000000000000000e+00
1.404900000000000051e-04 0.000000000000000000e+00
1.433299999999999982e-04 0.000000000000000000e+00
1.462299999999999874e-04 0.000000000000000000e+00
1.491800000000000049e-04 0.000000000000000000e+00
1.522000000000000132e-04 0.000000000000000000e+00
1.552699999999999957e-04 0.000000000000000000e+00
1.584099999999999961e-04 0.000000000000000000e+00
1.616099999999999926e-04 0.000000000000000000e+00
1.648700000000000122e-04 0.000000000000000000e+00
1.681999999999999956e-04 0.000000000000000000e+00
1.715999999999999969e-04 0.000000000000000000e+00
1.750699999999999891e-04 0.000000000000000000e+00
1.786000000000000044e-04 0.000000000000000000e+00
1.822100000000000054e-04 0.000000000000000000e+00
1.858899999999999973e-04 0.000000000000000000e+00
1.896500000000000020e-04 0.000000000000000000e+00
1.934799999999999975e-04 0.000000000000000000e+00
1.973900000000000058e-04 0.000000000000000000e+00
2.013799999999999998e-04 0.000000000000000000e+00
2.054400000000000117e-04 0.000000000000000000e+00
2.095900000000000042e-04 0.000000000000000000e+00
2.138300000000000042e-04 0.000000000000000000e+00
2.181499999999999900e-04 0.000000000000000000e+00
2.225499999999999885e-04 0.000000000000000000e+00
2.270499999999999895e-04 0.000000000000000000e+00
2.316399999999999980e-04 0.000000000000000000e+00
2.363199999999999871e-04 0.000000000000000000e+00
2.410900000000000109e-04 0.000000000000000000e+00
2.459599999999999829e-04 0.000000000000000000e+00
2.509300000000000115e-04 0.000000000000000000e+00
2.559999999999999884e-04 0.000000000000000000e+00
2.611700000000000219e-04 0.000000000000000000e+00
2.664499999999999985e-04 0.000000000000000000e+00
2.718299999999999775e-04 0.000000000000000000e+00
2.773200000000000079e-04 0.000000000000000000e+00
2.829199999999999814e-04 0.000000000000000000e+00
2.886400000000000012e-04 0.000000000000000000e+00
2.944700000000000182e-04 0.000000000000000000e+00
3.004199999999999731e-04 0.000000000000000000e+00
3.064899999999999743e-04 0.000000000000000000e+00
3.126800000000000217e-04 0.000000000000000000e+00
3.189900000000000070e-04 0.000000000000000000e+00
3.254399999999999741e-04 0.000000000000000000e+00
3.320099999999999874e-04 0.000000000000000000e+00
3.387199999999999825e-04 0.000000000000000000e+00
3.455600000000000186e-04 0.000000000000000000e+00
3.525399999999999823e-04 0.000000000000000000e+00
3.596599999999999819e-04 0.000000000000000000e+00
3.669300000000000122e-04 0.000000000000000000e+00
3.743400000000000243e-04 0.000000000000000000e+00
3.819000000000000129e-04 0.000000000000000000e+00
3.896200000000000271e-04 0.000000000000000000e+00
3.974900000000000178e-04 0.000000000000000000e+00
4.055199999999999799e-04 0.000000000000000000e+00
4.137100000000000217e-04 0.000000000000000000e+00
4.220699999999999756e-04 0.000000000000000000e+00
4.306000000000000040e-04 0.000000000000000000e+00
4.392900000000000038e-04 0.000000000000000000e+00
4.481700000000000137e-04 0.000000000000000000e+00
4.572199999999999897e-04 0.000000000000000000e+00
4.664599999999999758e-04 0.000000000000000000e+00
4.758799999999999771e-04 0.000000000000000000e+00
4.854999999999999832e-04 0.000000000000000000e+00
4.952999999999999504e-04 0.000000000000000000e+00
5.053100000000000256e-04 0.000000000000000000e+00
5.155199999999999973e-04 0.000000000000000000e+00
5.259299999999999739e-04 0.000000000000000000e+00
5.365600000000000534e-04 0.000000000000000000e+00
5.473900000000000293e-04 0.000000000000000000e+00
5.584500000000000488e-04 0.000000000000000000e+00
5.697299999999999543e-04 0.000000000000000000e+00
5.812400000000000119e-04 0.000000000000000000e+00
5.929900000000000535e-04 0.000000000000000000e+00
6.049599999999999813e-04 0.000000000000000000e+00
6.171899999999999912e-04 0.000000000000000000e+00
6.296500000000000447e-04 0.000000000000000000e+00
6.423699999999999636e-04 0.000000000000000000e+00
6.553499999999999647e-04 0.000000000000000000e+00
6.685900000000000480e-04 0.000000000000000000e+00
6.821000000000000457e-04 0.000000000000000000e+00
6.958799999999999578e-04 0.000000000000000000e+00
7.099300000000000012e-04 0.000000000000000000e+00
7.242699999999999486e-04 0.000000000000000000e+00
7.389099999999999575e-04 0.000000000000000000e+00
7.538300000000000382e-04 0.000000000000000000e+00
7.690600000000000127e-04 0.000000000000000000e+00
7.845999999999999893e-04 0.000000000000000000e+00
8.004499999999999680e-04 0.000000000000000000e+00
8.166199999999999978e-04 0.000000000000000000e+00
8.331099999999999704e-04 0.000000000000000000e+00
8.499399999999999837e-04 0.000000000000000000e+00
8.671100000000000379e-04 0.000000000000000000e+00
8.846299999999999650e-04 0.000000000000000000e+00
9.024999999999999819e-04 0.000000000000000000e+00
9.207300000000000293e-04 0.000000000000000000e+00
9.393300000000000477e-04 0.000000000000000000e+00
9.583099999999999778e-04 0.000000000000000000e+00
9.776699999999999280e-04 0.000000000000000000e+00
9.974199999999999473e-04 0.000000000000000000e+00
1.017600000000000015e-03 0.000000000000000000e+00
1.038099999999999917e-03 0.000000000000000000e+00
1.059100000000000102e-03 0.000000000000000000e+00
1.080500000000000080e-03 0.000000000000000000e+00
1.102300000000000068e-03 0.000000000000000000e+00
1.124599999999999905e-03 0.000000000000000000e+00
1.147299999999999969e-03 0.000000000000000000e+00
1.170500000000000099e-03 0.000000000000000000e+00
1.194100000000000023e-03 0.000000000000000000e+00
1.218200000000000012e-03 0.000000000000000000e+00
1.242899999999999908e-03 0.000000000000000000e+00
1.268000000000000030e-03 0.000000000000000000e+00
1.293600000000000002e-03 0.000000000000000000e+00
1.319700000000000040e-03 0.000000000000000000e+00
1.346399999999999984e-03 0.000000000000000000e+00
1.373599999999999995e-03 0.000000000000000000e+00
1.401300000000000072e-03 0.000000000000000000e+00
1.429600000000000055e-03 0.000000000000000000e+00
1.458499999999999944e-03 0.000000000000000000e+00
1.487999999999999956e-03 0.000000000000000000e+00
1.518000000000000035e-03 0.000000000000000000e+00
1.548700000000000077e-03 0.000000000000000000e+00
1.580000000000000024e-03 0.000000000000000000e+00
1.611900000000000095e-03 0.000000000000000000e+00
1.644499999999999912e-03 0.000000000000000000e+00
1.677700000000000068e-03 0.000000000000000000e+00
1.711599999999999970e-03 0.000000000000000000e+00
1.746200000000000052e-03 0.000000000000000000e+00
1.781400000000000041e-03 0.000000000000000000e+00
1.817400000000000048e-03 0.000000000000000000e+00
1.854100000000000019e-03 0.000000000000000000e+00
1.891600000000000009e-03 0.000000000000000000e+00
1.929799999999999962e-03 0.000000000000000000e+00
1.968800000000000151e-03 0.000000000000000000e+00
2.008600000000000142e-03 0.000000000000000000e+00
2.049099999999999880e-03 0.000000000000000000e+00
2.090499999999999910e-03 0.000000000000000000e+00
2.132799999999999800e-03 0.000000000000000000e+00
2.175799999999999870e-03 0.000000000000000000e+00
2.219800000000000072e-03 0.000000000000000000e+00
2.264599999999999860e-03 0.000000000000000000e+00
2.310400000000000214e-03 0.000000000000000000e+00
2.357099999999999994e-03 0.000000000000000000e+00
2.404700000000000067e-03 0.000000000000000000e+00
2.453299999999999838e-03 0.000000000000000000e+00
2.502799999999999903e-03 0.000000000000000000e+00
2.553399999999999941e-03 0.000000000000000000e+00
2.605000000000000111e-03 0.000000000000000000e+00
2.657599999999999980e-03 0.000000000000000000e+00
2.711299999999999821e-03 0.000000000000000000e+00
2.765999999999999796e-03 0.000000000000000000e+00
2.821900000000000016e-03 0.000000000000000000e+00
2.878900000000000209e-03 0.000000000000000000e+00
2.937100000000000214e-03 0.000000000000000000e+00
2.996400000000000192e-03 0.000000000000000000e+00
3.056899999999999982e-03 0.000000000000000000e+00
3.118699999999999858e-03 0.000000000000000000e+00
3.181699999999999980e-03 0.000000000000000000e+00
3.246000000000000187e-03 0.000000000000000000e+00
3.311500000000000207e-03 0.000000000000000000e+00
3.378400000000000153e-03 0.000000000000000000e+00
3.446700000000000024e-03 8.551759529741618062e-05
3.516299999999999981e-03 8.412197691610087398e-05
3.587400000000000137e-03 0.000000000000000000e+00
3.659799999999999946e-03 0.000000000000000000e+00
3.733799999999999793e-03 0.000000000000000000e+00
3.809199999999999999e-03 -7.883637514427232454e-05
3.886099999999999971e-03 -1.551710764227967566e-04
3.964600000000000415e-03 -7.636210915854769131e-05
4.044700000000000031e-03 -7.516253902595865699e-05
4.126399999999999686e-03 0.000000000000000000e+00
4.209799999999999653e-03 2.185075940082481614e-04
4.294799999999999660e-03 3.585386005208416466e-04
4.381600000000000251e-03 4.236689796460440106e-04
4.470100000000000288e-03 2.781834637870384940e-04
4.560400000000000044e-03 -1.370238423629285482e-04
4.652500000000000385e-03 -8.776964409105456706e-04
4.746499999999999851e-03 -1.796586968917778448e-03
4.842400000000000176e-03 -2.755003382430279944e-03
4.940199999999999626e-03 -3.621083814450508972e-03
5.040000000000000209e-03 -4.207311618414073459e-03
5.141899999999999596e-03 -4.524325927931880688e-03
5.245699999999999842e-03 -4.584038256992475392e-03
5.351700000000000033e-03 -4.580300535568120057e-03
5.459799999999999896e-03 -4.516039588516763438e-03
5.570099999999999704e-03 -4.453292399655082653e-03
5.682600000000000325e-03 -4.509392432457889031e-03
5.797400000000000296e-03 -4.621614234280935381e-03
5.914499999999999619e-03 -4.673704717239655568e-03
6.034000000000000301e-03 -4.836632790612874211e-03
6.155899999999999740e-03 -4.995292620693550512e-03
6.280299999999999945e-03 -5.094924325547418691e-03
6.407200000000000048e-03 -5.191726549786362943e-03
6.536600000000000049e-03 -5.286073659189723280e-03
6.668600000000000222e-03 -5.430641032259881339e-03
6.803299999999999972e-03 -5.519697413328252325e-03
6.940799999999999574e-03 -5.606577965834735715e-03
7.080999999999999621e-03 -5.742323373611407135e-03
7.224000000000000386e-03 -5.875133020783269468e-03
7.369999999999999815e-03 -6.004831819789393892e-03
7.518900000000000236e-03 -6.131828586954254923e-03
7.670800000000000188e-03 -6.256234184133341661e-03
7.825699999999999670e-03 -6.378153740753430938e-03
7.983799999999999231e-03 -6.497687021774488716e-03
8.145100000000000603e-03 -6.615239118719204794e-03
8.309600000000000319e-03 -6.777169327153421963e-03
8.477500000000000660e-03 -6.890243153085152082e-03
8.648799999999999891e-03 -7.047245515403055896e-03
8.823499999999999746e-03 -7.156551304801279413e-03
9.001699999999999632e-03 -7.353793585545698695e-03
9.183600000000000096e-03 -7.459591872770466800e-03
9.369099999999999998e-03 -7.651815826391936831e-03
9.558300000000000476e-03 -7.798323897708599531e-03
9.751400000000000345e-03 -7.943194551571660517e-03
9.948399999999999604e-03 -8.086526871420111548e-03
1.014900000000000004e-02 -8.270787294094894201e-03
1.035400000000000036e-02 -8.453701736512411052e-03
1.056400000000000047e-02 -8.635058636880610025e-03
1.077700000000000012e-02 -8.814984788844128574e-03
1.099499999999999957e-02 -8.993969298415296909e-03
1.121699999999999954e-02 -9.212914450481536621e-03
1.144300000000000005e-02 -9.390497216607359907e-03
1.167499999999999961e-02 -9.567535602723102606e-03
1.191000000000000045e-02 -9.784502529429132955e-03
1.215100000000000034e-02 -9.961737911895520922e-03
1.239700000000000003e-02 -1.017870492463125894e-02
1.264700000000000026e-02 -1.039599779956325992e-02
1.290200000000000027e-02 -1.061420124177342786e-02
1.316299999999999935e-02 -1.083308462470835599e-02
1.342899999999999996e-02 -1.109196814003920659e-02
1.370000000000000037e-02 -1.127528723796380854e-02
1.397699999999999984e-02 -1.153741404248011075e-02
1.425900000000000084e-02 -1.180156837144925169e-02
1.454699999999999917e-02 -1.206845767187479483e-02
1.484100000000000003e-02 -1.230027808165167630e-02
1.514099999999999994e-02 -1.257355763207519336e-02
1.544700000000000066e-02 -1.281295792599411107e-02
1.575899999999999870e-02 -1.309421576106775155e-02
1.607700000000000101e-02 -1.338013722517729549e-02
1.640199999999999991e-02 -1.367157444675144717e-02
1.673399999999999888e-02 -1.396891025588198332e-02
1.707200000000000037e-02 -1.423471482668208117e-02
1.741600000000000092e-02 -1.454502763190534433e-02
1.776799999999999907e-02 -1.486302829873122240e-02
1.812700000000000075e-02 -1.518863879506457404e-02
1.849299999999999902e-02 -1.552351154841734998e-02
1.886699999999999836e-02 -1.582946674071846610e-02
1.924800000000000122e-02 -1.618330410977439696e-02
1.963700000000000168e-02 -1.650976399857937912e-02
2.003399999999999972e-02 -1.684766273134537598e-02
2.043800000000000130e-02 -1.723583621396610963e-02
2.085100000000000148e-02 -1.759825734100294720e-02
2.127199999999999924e-02 -1.797364082575251404e-02
2.170199999999999907e-02 -1.836350813595175047e-02
2.214100000000000096e-02 -1.872898510627696994e-02
2.258800000000000044e-02 -1.914960586882024501e-02
2.304399999999999851e-02 -1.950675675047223653e-02
2.350999999999999965e-02 -1.996106519485646436e-02
2.398499999999999938e-02 -2.035185153077381792e-02
2.446900000000000117e-02 -2.080190341404176621e-02
2.496400000000000008e-02 -2.118837982439731454e-02
2.546800000000000105e-02 -2.163475097935687805e-02
2.598200000000000162e-02 -2.210152347277672194e-02
2.650699999999999931e-02 -2.254648798980723665e-02
2.704300000000000107e-02 -2.296743317517214306e-02
2.758899999999999894e-02 -2.345344016391127939e-02
2.814600000000000088e-02 -2.391589028604078696e-02
2.871500000000000094e-02 -2.439922576335886578e-02
2.929500000000000159e-02 -2.485805319044254516e-02
2.988700000000000037e-02 -2.533681559683933007e-02
3.048999999999999974e-02 -2.583679633077089546e-02
3.110600000000000170e-02 -2.635683794036800670e-02
3.173499999999999932e-02 -2.679831317299809917e-02
3.237600000000000200e-02 -2.735778616064449623e-02
3.302999999999999686e-02 -2.783479899344398767e-02
3.369699999999999779e-02 -2.837989744342468007e-02
3.437799999999999884e-02 -2.888954839294463964e-02
3.507199999999999901e-02 -2.941151271298076200e-02
3.578100000000000031e-02 -2.989219114278209716e-02
3.650400000000000172e-02 -3.043713218586329566e-02
3.724100000000000327e-02 -3.099175330833766132e-02
3.799299999999999899e-02 -3.149730163958291973e-02
3.876099999999999685e-02 -3.206628614429508917e-02
3.954400000000000276e-02 -3.264251487546078467e-02
4.034299999999999692e-02 -3.316163915001098944e-02
4.115800000000000014e-02 -3.374172731390254892e-02
4.198899999999999855e-02 -3.425878353900049800e-02
4.283800000000000108e-02 -3.476714734868260881e-02
4.370299999999999879e-02 -3.539558026055988210e-02
4.458600000000000063e-02 -3.594628283044214168e-02
4.548599999999999866e-02 -3.648249808049382203e-02
4.640500000000000180e-02 -3.707409258676448716e-02
4.734300000000000314e-02 -3.765427047290708512e-02
4.829900000000000165e-02 -3.822388890310818299e-02
4.927499999999999936e-02 -3.885635920303300017e-02
5.027000000000000218e-02 -3.941219987933079760e-02
5.128599999999999826e-02 -3.995882467582508729e-02
5.232200000000000045e-02 -4.057291992112538326e-02
5.337900000000000283e-02 -4.110727784798659523e-02
5.445699999999999846e-02 -4.171812342636662535e-02
5.555700000000000222e-02 -4.225873847932183625e-02
5.668000000000000121e-02 -4.281482413385545582e-02
5.782500000000000140e-02 -4.330757988839689654e-02
5.899299999999999683e-02 -4.374861745434643900e-02
6.018400000000000138e-02 -4.421798115539148089e-02
6.140000000000000319e-02 -4.472454139914561894e-02
6.264100000000000223e-02 -4.511427701931618184e-02
6.390600000000000447e-02 -4.539055278322500636e-02
6.519700000000000495e-02 -4.572176623592214689e-02
6.651400000000000368e-02 -4.594356368061039420e-02
6.785800000000000165e-02 -4.614449009882543723e-02
6.922899999999999887e-02 -4.632407167423852057e-02
7.062699999999999534e-02 -4.629819912742268867e-02
7.205400000000000693e-02 -4.623580236809073790e-02
7.351000000000000589e-02 -4.612936695105835511e-02
7.499400000000000510e-02 -4.586306643335286148e-02
7.650899999999999368e-02 -4.554775729565659764e-02
7.805499999999999938e-02 -4.509612275100632200e-02
7.963199999999999446e-02 -4.452216118969069825e-02
8.124099999999999377e-02 -4.383167233135503577e-02
8.288199999999999734e-02 -4.300718377085721578e-02
8.455600000000000616e-02 -4.206624633476541836e-02
8.626399999999999346e-02 -4.100641821855521840e-02
8.800700000000000189e-02 -3.981306447277704885e-02
8.978500000000000369e-02 -3.851459700889444532e-02
9.159799999999999887e-02 -3.712353896680907483e-02
9.344900000000000428e-02 -3.565859091602487790e-02
9.533700000000000507e-02 -3.411759264272344605e-02
9.726300000000000223e-02 -3.256811569219662111e-02
9.922699999999999576e-02 -3.098149942918777822e-02
1.012300000000000005e-01 -2.939155369548462904e-02
1.032799999999999968e-01 -2.777797995206572959e-02
1.053599999999999953e-01 -2.613260665201460123e-02
1.074900000000000022e-01 -2.446492002089092552e-02
1.096599999999999936e-01 -2.269722008243807432e-02
1.118799999999999933e-01 -2.084724353242728770e-02
1.141400000000000053e-01 -1.886037361431943879e-02
1.164400000000000018e-01 -1.668916918225754956e-02
1.188000000000000028e-01 -1.429333319996934498e-02
1.212000000000000022e-01 -1.161976774082312640e-02
1.236499999999999960e-01 -8.673933534583897972e-03
1.261400000000000021e-01 -5.373801646945437424e-03
1.286899999999999988e-01 -1.699031960732918286e-03
1.312899999999999900e-01 2.397537473199259656e-03
1.339400000000000035e-01 6.924893945887664742e-03
1.366499999999999937e-01 1.188406535035048568e-02
1.394100000000000061e-01 1.730609168319652974e-02
1.422299999999999953e-01 2.310645560152580630e-02
1.451000000000000068e-01 2.928023408008360515e-02
1.480299999999999949e-01 3.565711571411523534e-02
1.510199999999999876e-01 4.204038435112802258e-02
1.540700000000000125e-01 4.830987983187740031e-02
1.571799999999999864e-01 5.437991572968898374e-02
1.603600000000000025e-01 6.010951638342602876e-02
1.635999999999999954e-01 6.563591547244503055e-02
1.668999999999999928e-01 7.100538622889156215e-02
1.702799999999999869e-01 7.639827664902992810e-02
1.737100000000000033e-01 8.201158780345585431e-02
1.772199999999999886e-01 8.796093898044644865e-02
1.807999999999999885e-01 9.458754179714765065e-02
1.844600000000000128e-01 1.020145572373104409e-01
1.881799999999999862e-01 1.103983841699481688e-01
1.919800000000000118e-01 1.197526696844231353e-01
1.958600000000000063e-01 1.300698371211502224e-01
1.998199999999999976e-01 1.411052366898379040e-01
2.038600000000000134e-01 1.525791711398145900e-01
2.079699999999999882e-01 1.642513454527673444e-01
2.121800000000000075e-01 1.755468764385510472e-01
2.164600000000000135e-01 1.862505099239598061e-01
2.208299999999999985e-01 1.961717705572308401e-01
2.253000000000000003e-01 2.054048448138751093e-01
2.298499999999999988e-01 2.143549090562050785e-01
2.344900000000000040e-01 2.236200240950211582e-01
2.392299999999999982e-01 2.335673423092143042e-01
2.440599999999999992e-01 2.447946143704936850e-01
2.489899999999999891e-01 2.574705443917561509e-01
2.540200000000000236e-01 2.715907679831143784e-01
2.591499999999999915e-01 2.867995259983670553e-01
2.643900000000000139e-01 3.025319499217123953e-01
2.697300000000000253e-01 3.181369245263077628e-01
2.751799999999999802e-01 3.329733885344300925e-01
2.807399999999999896e-01 3.468116609495201508e-01
2.864099999999999979e-01 3.598244767305949776e-01
2.921900000000000053e-01 3.726216650403749164e-01
2.980999999999999761e-01 3.859476390165959558e-01
3.041200000000000014e-01 4.004722304035921443e-01
3.102599999999999802e-01 4.165535299869764230e-01
3.165299999999999780e-01 4.340995092933859212e-01
3.229199999999999848e-01 4.524928158368875519e-01
3.294500000000000206e-01 4.709930001337192529e-01
3.361000000000000099e-01 4.888241964799431294e-01
3.428899999999999726e-01 5.057580166282360512e-01
3.498200000000000198e-01 5.221129380521293273e-01
3.568899999999999850e-01 5.385717821023908725e-01
3.640900000000000247e-01 5.558298353683090998e-01
3.714500000000000024e-01 5.744430761697489896e-01
3.789500000000000091e-01 5.942475577686545662e-01
3.866100000000000092e-01 6.145550309316506477e-01
3.944199999999999928e-01 6.347984395527624946e-01
4.023900000000000254e-01 6.544888927964014336e-01
4.105199999999999960e-01 6.737068700842572255e-01
4.188100000000000156e-01 6.929316686769464440e-01
4.272699999999999831e-01 7.127795664574644308e-01
4.359000000000000097e-01 7.336321403373337047e-01
4.447099999999999942e-01 7.551532385762783628e-01
4.536899999999999822e-01 7.768630842567918471e-01
4.628599999999999937e-01 7.983559580568504455e-01
4.722100000000000186e-01 8.196288277841639047e-01
4.817400000000000015e-01 8.409196037851628391e-01
4.914799999999999724e-01 8.626534343116891712e-01
5.014100000000000223e-01 8.850419506326753227e-01
5.115300000000000402e-01 9.077631640848485839e-01
5.218699999999999450e-01 9.305521147818277550e-01
5.324100000000000499e-01 9.531788469568384103e-01
5.431700000000000417e-01 9.759292327374368137e-01
5.541399999999999659e-01 9.989408356530891098e-01
5.653299999999999992e-01 1.022221253863374590e+00
5.767499999999999849e-01 1.045693078240236051e+00
5.884000000000000341e-01 1.069322117816775775e+00
6.002899999999999903e-01 1.093045056984884411e+00
6.124199999999999644e-01 1.116861227421230840e+00
6.247899999999999565e-01 1.140772646439844218e+00
6.374100000000000321e-01 1.164772463693458437e+00
6.502900000000000347e-01 1.188868961242896649e+00
6.634200000000000097e-01 1.213020375893967495e+00
6.768300000000000427e-01 1.237294629644152710e+00
6.905000000000000027e-01 1.261610866645035856e+00
7.044500000000000206e-01 1.286033793751531373e+00
7.186799999999999855e-01 1.310507619111815680e+00
7.331999999999999629e-01 1.335030868994333986e+00
7.480099999999999527e-01 1.359663094958841301e+00
7.631200000000000205e-01 1.384334619178530623e+00
7.785400000000000098e-01 1.409010817913349811e+00
7.942599999999999660e-01 1.433745999900864820e+00
8.103099999999999747e-01 1.458479376699981067e+00
8.266799999999999704e-01 1.483243851099867339e+00
8.433800000000000185e-01 1.508045155384649449e+00
8.604100000000000081e-01 1.532820211832176982e+00
8.778000000000000247e-01 1.557631354111023825e+00
8.955300000000000482e-01 1.582415669797928359e+00
9.136199999999999877e-01 1.607150329737170980e+00
9.320800000000000196e-01 1.631933094322348232e+00
9.509100000000000330e-01 1.656632028705044890e+00
9.701100000000000279e-01 1.681318712174998176e+00
9.897099999999999786e-01 1.706022487183246783e+00
1.009700000000000042e+00 1.730598557859642339e+00
1.030100000000000016e+00 1.755176872755725315e+00
1.050899999999999945e+00 1.779692351292989638e+00
1.072100000000000053e+00 1.804174096112982850e+00
1.093800000000000106e+00 1.828580136651737131e+00
1.115899999999999892e+00 1.852922912927802646e+00
1.138400000000000079e+00 1.877194020748588876e+00
1.161399999999999988e+00 1.901386534435800302e+00
1.184900000000000064e+00 1.925481102507579312e+00
1.208800000000000097e+00 1.949481581422910503e+00
1.233300000000000063e+00 1.973357353055968266e+00
1.258199999999999985e+00 1.997130199765184466e+00
1.283600000000000074e+00 2.020782198113312944e+00
1.309500000000000108e+00 2.044303078738283652e+00
1.336000000000000076e+00 2.067642201523656187e+00
1.362999999999999989e+00 2.090875976920250068e+00
1.390500000000000069e+00 2.113939507528261874e+00
1.418600000000000083e+00 2.136850626064801695e+00
1.447200000000000042e+00 2.159567947013559142e+00
1.476499999999999924e+00 2.182139311509915913e+00
1.506299999999999972e+00 2.204531093572193345e+00
1.536699999999999955e+00 2.226726226605762804e+00
1.567800000000000082e+00 2.248767425592153479e+00
1.599399999999999933e+00 2.270566307383995230e+00
1.631799999999999917e+00 2.292199872327939314e+00
1.664700000000000069e+00 2.313610162265746784e+00
1.698399999999999910e+00 2.334827740441909327e+00
1.732699999999999907e+00 2.355858275834710192e+00
1.767700000000000049e+00 2.376613231202331367e+00
1.803399999999999892e+00 2.397236872686799636e+00
1.839800000000000102e+00 2.417646099634415346e+00
1.877000000000000002e+00 2.437788902650425360e+00
1.914900000000000047e+00 2.457718939175498107e+00
1.953600000000000003e+00 2.477469538258205262e+00
1.993000000000000105e+00 2.497001186869062472e+00
2.033300000000000107e+00 2.516303942514330316e+00
2.074399999999999800e+00 2.535428666028338718e+00
2.116299999999999848e+00 2.554282021595913665e+00
2.158999999999999808e+00 2.572923627014945147e+00
2.202599999999999891e+00 2.591415496494822612e+00
2.247100000000000097e+00 2.609666196243332958e+00
2.292499999999999982e+00 2.627762443698333783e+00
2.338799999999999990e+00 2.645564427349742953e+00
2.386099999999999888e+00 2.663221548888505374e+00
2.434299999999999908e+00 2.680643041900037993e+00
2.483499999999999819e+00 2.697930936191637485e+00
2.533599999999999852e+00 2.714966732745578426e+00
2.584799999999999986e+00 2.731841521687626617e+00
2.637000000000000011e+00 2.748522696152072342e+00
2.690300000000000136e+00 2.765031952102727342e+00
2.744699999999999918e+00 2.781307471375618956e+00
2.800100000000000033e+00 2.797459859426532969e+00
2.856700000000000017e+00 2.813486344606245471e+00
2.914400000000000102e+00 2.829261476381521589e+00
2.973300000000000054e+00 2.844890838561989543e+00
3.033300000000000107e+00 2.860355435109417144e+00
3.094599999999999795e+00 2.875675866133367453e+00
3.157099999999999795e+00 2.890790934144494617e+00
3.220899999999999874e+00 2.905873348920548160e+00
3.286000000000000032e+00 2.920685846112829775e+00
3.352300000000000058e+00 2.935416615167714127e+00
3.420100000000000140e+00 2.949990528889165020e+00
3.489199999999999857e+00 2.964416601346640867e+00
3.559600000000000097e+00 2.978728358757751327e+00
3.631600000000000161e+00 2.992931369209854253e+00
3.704899999999999860e+00 3.006965553349897124e+00
3.779799999999999827e+00 3.020903421990729587e+00
3.856100000000000083e+00 3.034713245245395985e+00
3.934000000000000163e+00 3.048420656710356891e+00
4.013499999999999623e+00 3.062011831689618102e+00
4.094599999999999795e+00 3.075486943937799644e+00
4.177299999999999791e+00 3.088852975002203571e+00
4.261700000000000266e+00 3.102137106241007025e+00
4.347800000000000331e+00 3.115299286329634931e+00
4.435599999999999987e+00 3.128377046373229664e+00
4.525199999999999889e+00 3.141372756980612024e+00
4.616600000000000037e+00 3.154289614408141595e+00
4.709900000000000198e+00 3.167119710960232037e+00
4.804999999999999716e+00 3.179841957402870012e+00
4.902099999999999902e+00 3.192511781990749142e+00
5.001100000000000101e+00 3.205122036412053621e+00
5.102100000000000080e+00 3.217614756082496807e+00
5.205199999999999605e+00 3.230048698300638677e+00
5.310399999999999565e+00 3.242450080363943332e+00
5.417600000000000193e+00 3.254802196340608411e+00
5.527099999999999902e+00 3.267011850654699678e+00
5.638700000000000045e+00 3.279215764988093085e+00
5.752600000000000158e+00 3.291390097570379591e+00
5.868900000000000006e+00 3.303469993308717711e+00
5.987400000000000055e+00 3.315544364583802306e+00
6.108399999999999608e+00 3.327554486859178429e+00
6.231799999999999784e+00 3.339482966511788220e+00
6.357700000000000351e+00 3.351428477813701345e+00
6.486100000000000421e+00 3.363251512886078043e+00
6.617099999999999760e+00 3.375064331430520426e+00
6.750799999999999912e+00 3.386815921032194865e+00
6.887199999999999989e+00 3.398614684289316124e+00
7.026299999999999990e+00 3.410337785070262306e+00
7.168199999999999683e+00 3.422015415323968579e+00
7.312999999999999723e+00 3.433677375388816788e+00
7.460799999999999876e+00 3.445321100549319393e+00
7.611500000000000377e+00 3.456951334134577891e+00
7.765299999999999869e+00 3.468562765805236037e+00
7.922100000000000364e+00 3.480156265029854978e+00
8.082200000000000273e+00 3.491706252300414537e+00
8.245400000000000063e+00 3.503268210546134576e+00
8.412000000000000810e+00 3.514762212908445704e+00
8.581899999999999196e+00 3.526308374737398221e+00
8.755300000000000082e+00 3.537798645384059082e+00
8.932199999999999918e+00 3.549243243479181409e+00
9.112600000000000477e+00 3.560698481462216680e+00
9.296699999999999520e+00 3.572112329687663124e+00
9.484500000000000597e+00 3.583557526891160805e+00
9.676099999999999923e+00 3.594899702867169200e+00
9.871600000000000819e+00 3.606265723373707210e+00
1.007099999999999973e+01 3.617564514360339878e+00
1.027399999999999913e+01 3.628874313521974759e+00
