# # k[h/Mpc], logBoost (P^NLCDM_NL/P^NLCDM_L)
1.000000000000000048e-04 0.000000000000000000e+00
1.020200000000000024e-04 0.000000000000000000e+00
1.040800000000000064e-04 0.000000000000000000e+00
1.061800000000000032e-04 0.000000000000000000e+00
1.083300000000000013e-04 0.000000000000000000e+00
1.105200000000000057e-04 0.000000000000000000e+00
1.127500000000000030e-04 0.000000000000000000e+00
1.150300000000000015e-04 0.000000000000000000e+00
1.173500000000000064e-04 0.000000000000000000e+00
1.197199999999999989e-04 0.000000000000000000e+00
1.221399999999999927e-04 0.000000000000000000e+00
1.246099999999999877e-04 0.000000000000000000e+00
1.271199999999999891e-04 0.000000000000000000e+00
1.296899999999999865e-04 0.000000000000000000e+00
1.323100000000000122e-04 0.000000000000000000e+00
1.349900000000000069e-04 0.000000000000000000e+00
1.377100000000000080e-04 0.000000000000000000e+00
1.404900000000000051e-04 0.000000000000000000e+00
1.433299999999999982e-04 0.000000000000000000e+00
1.462299999999999874e-04 0.000000000000000000e+00
1.491800000000000049e-04 0.000000000000000000e+00
1.522000000000000132e-04 0.000000000000000000e+00
1.552699999999999957e-04 0.000000000000000000e+00
1.584099999999999961e-04 0.000000000000000000e+00
1.616099999999999926e-04 0.000000000000000000e+00
1.648700000000000122e-04 0.000000000000000000e+00
1.681999999999999956e-04 0.000000000000000000e+00
1.715999999999999969e-04 0.000000000000000000e+00
1.750699999999999891e-04 0.000000000000000000e+00
1.786000000000000044e-04 0.000000000000000000e+00
1.822100000000000054e-04 0.000000000000000000e+00
1.858899999999999973e-04 0.000000000000000000e+00
1.896500000000000020e-04 0.000000000000000000e+00
1.934799999999999975e-04 0.000000000000000000e+00
1.973900000000000058e-04 0.000000000000000000e+00
2.013799999999999998e-04 0.000000000000000000e+00
2.054400000000000117e-04 0.000000000000000000e+00
2.095900000000000042e-04 0.000000000000000000e+00
2.138300000000000042e-04 0.000000000000000000e+00
2.181499999999999900e-04 0.000000000000000000e+00
2.225499999999999885e-04 0.000000000000000000e+00
2.270499999999999895e-04 0.000000000000000000e+00
2.316399999999999980e-04 0.000000000000000000e+00
2.363199999999999871e-04 0.000000000000000000e+00
2.410900000000000109e-04 0.000000000000000000e+00
2.459599999999999829e-04 0.000000000000000000e+00
2.509300000000000115e-04 0.000000000000000000e+00
2.559999999999999884e-04 0.000000000000000000e+00
2.611700000000000219e-04 0.000000000000000000e+00
2.664499999999999985e-04 0.000000000000000000e+00
2.718299999999999775e-04 0.000000000000000000e+00
2.773200000000000079e-04 0.000000000000000000e+00
2.829199999999999814e-04 0.000000000000000000e+00
2.886400000000000012e-04 0.000000000000000000e+00
2.944700000000000182e-04 0.000000000000000000e+00
3.004199999999999731e-04 0.000000000000000000e+00
3.064899999999999743e-04 0.000000000000000000e+00
3.126800000000000217e-04 0.000000000000000000e+00
3.189900000000000070e-04 0.000000000000000000e+00
3.254399999999999741e-04 0.000000000000000000e+00
3.320099999999999874e-04 0.000000000000000000e+00
3.387199999999999825e-04 0.000000000000000000e+00
3.455600000000000186e-04 0.000000000000000000e+00
3.525399999999999823e-04 0.000000000000000000e+00
3.596599999999999819e-04 0.000000000000000000e+00
3.669300000000000122e-04 0.000000000000000000e+00
3.743400000000000243e-04 0.000000000000000000e+00
3.819000000000000129e-04 0.000000000000000000e+00
3.896200000000000271e-04 0.000000000000000000e+00
3.974900000000000178e-04 0.000000000000000000e+00
4.055199999999999799e-04 0.000000000000000000e+00
4.137100000000000217e-04 0.000000000000000000e+00
4.220699999999999756e-04 0.000000000000000000e+00
4.306000000000000040e-04 0.000000000000000000e+00
4.392900000000000038e-04 0.000000000000000000e+00
4.481700000000000137e-04 0.000000000000000000e+00
4.572199999999999897e-04 0.000000000000000000e+00
4.664599999999999758e-04 0.000000000000000000e+00
4.758799999999999771e-04 0.000000000000000000e+00
4.854999999999999832e-04 0.000000000000000000e+00
4.952999999999999504e-04 0.000000000000000000e+00
5.053100000000000256e-04 0.000000000000000000e+00
5.155199999999999973e-04 0.000000000000000000e+00
5.259299999999999739e-04 0.000000000000000000e+00
5.365600000000000534e-04 0.000000000000000000e+00
5.473900000000000293e-04 0.000000000000000000e+00
5.584500000000000488e-04 0.000000000000000000e+00
5.697299999999999543e-04 0.000000000000000000e+00
5.812400000000000119e-04 0.000000000000000000e+00
5.929900000000000535e-04 0.000000000000000000e+00
6.049599999999999813e-04 0.000000000000000000e+00
6.171899999999999912e-04 0.000000000000000000e+00
6.296500000000000447e-04 0.000000000000000000e+00
6.423699999999999636e-04 0.000000000000000000e+00
6.553499999999999647e-04 0.000000000000000000e+00
6.685900000000000480e-04 0.000000000000000000e+00
6.821000000000000457e-04 0.000000000000000000e+00
6.958799999999999578e-04 0.000000000000000000e+00
7.099300000000000012e-04 0.000000000000000000e+00
7.242699999999999486e-04 0.000000000000000000e+00
7.389099999999999575e-04 0.000000000000000000e+00
7.538300000000000382e-04 0.000000000000000000e+00
7.690600000000000127e-04 0.000000000000000000e+00
7.845999999999999893e-04 0.000000000000000000e+00
8.004499999999999680e-04 0.000000000000000000e+00
8.166199999999999978e-04 0.000000000000000000e+00
8.331099999999999704e-04 0.000000000000000000e+00
8.499399999999999837e-04 0.000000000000000000e+00
8.671100000000000379e-04 0.000000000000000000e+00
8.846299999999999650e-04 0.000000000000000000e+00
9.024999999999999819e-04 0.000000000000000000e+00
9.207300000000000293e-04 0.000000000000000000e+00
9.393300000000000477e-04 0.000000000000000000e+00
9.583099999999999778e-04 0.000000000000000000e+00
9.776699999999999280e-04 0.000000000000000000e+00
9.974199999999999473e-04 0.000000000000000000e+00
1.017600000000000015e-03 0.000000000000000000e+00
1.038099999999999917e-03 0.000000000000000000e+00
1.059100000000000102e-03 0.000000000000000000e+00
1.080500000000000080e-03 0.000000000000000000e+00
1.102300000000000068e-03 0.000000000000000000e+00
1.124599999999999905e-03 0.000000000000000000e+00
1.147299999999999969e-03 0.000000000000000000e+00
1.170500000000000099e-03 0.000000000000000000e+00
1.194100000000000023e-03 0.000000000000000000e+00
1.218200000000000012e-03 0.000000000000000000e+00
1.242899999999999908e-03 0.000000000000000000e+00
1.268000000000000030e-03 0.000000000000000000e+00
1.293600000000000002e-03 0.000000000000000000e+00
1.319700000000000040e-03 0.000000000000000000e+00
1.346399999999999984e-03 0.000000000000000000e+00
1.373599999999999995e-03 0.000000000000000000e+00
1.401300000000000072e-03 0.000000000000000000e+00
1.429600000000000055e-03 0.000000000000000000e+00
1.458499999999999944e-03 0.000000000000000000e+00
1.487999999999999956e-03 0.000000000000000000e+00
1.518000000000000035e-03 0.000000000000000000e+00
1.548700000000000077e-03 0.000000000000000000e+00
1.580000000000000024e-03 0.000000000000000000e+00
1.611900000000000095e-03 0.000000000000000000e+00
1.644499999999999912e-03 0.000000000000000000e+00
1.677700000000000068e-03 0.000000000000000000e+00
1.711599999999999970e-03 0.000000000000000000e+00
1.746200000000000052e-03 0.000000000000000000e+00
1.781400000000000041e-03 0.000000000000000000e+00
1.817400000000000048e-03 0.000000000000000000e+00
1.854100000000000019e-03 0.000000000000000000e+00
1.891600000000000009e-03 0.000000000000000000e+00
1.929799999999999962e-03 0.000000000000000000e+00
1.968800000000000151e-03 0.000000000000000000e+00
2.008600000000000142e-03 0.000000000000000000e+00
2.049099999999999880e-03 0.000000000000000000e+00
2.090499999999999910e-03 0.000000000000000000e+00
2.132799999999999800e-03 0.000000000000000000e+00
2.175799999999999870e-03 0.000000000000000000e+00
2.219800000000000072e-03 0.000000000000000000e+00
2.264599999999999860e-03 0.000000000000000000e+00
2.310400000000000214e-03 0.000000000000000000e+00
2.357099999999999994e-03 0.000000000000000000e+00
2.404700000000000067e-03 0.000000000000000000e+00
2.453299999999999838e-03 0.000000000000000000e+00
2.502799999999999903e-03 0.000000000000000000e+00
2.553399999999999941e-03 0.000000000000000000e+00
2.605000000000000111e-03 0.000000000000000000e+00
2.657599999999999980e-03 0.000000000000000000e+00
2.711299999999999821e-03 0.000000000000000000e+00
2.765999999999999796e-03 0.000000000000000000e+00
2.821900000000000016e-03 0.000000000000000000e+00
2.878900000000000209e-03 0.000000000000000000e+00
2.937100000000000214e-03 0.000000000000000000e+00
2.996400000000000192e-03 0.000000000000000000e+00
3.056899999999999982e-03 0.000000000000000000e+00
3.118699999999999858e-03 0.000000000000000000e+00
3.181699999999999980e-03 0.000000000000000000e+00
3.246000000000000187e-03 0.000000000000000000e+00
3.311500000000000207e-03 0.000000000000000000e+00
3.378400000000000153e-03 0.000000000000000000e+00
3.446700000000000024e-03 0.000000000000000000e+00
3.516299999999999981e-03 4.453648652399232611e-05
3.587400000000000137e-03 4.389911982980332795e-05
3.659799999999999946e-03 0.000000000000000000e+00
3.733799999999999793e-03 4.266484630633426739e-05
3.809199999999999999e-03 -4.206895101696234894e-05
3.886099999999999971e-03 -4.148602958553871951e-05
3.964600000000000415e-03 -8.183306060215733983e-05
4.044700000000000031e-03 -8.071676491588443468e-05
4.126399999999999686e-03 -7.962417394121665000e-05
4.209799999999999653e-03 0.000000000000000000e+00
4.294799999999999660e-03 1.937571454009156678e-04
4.381600000000000251e-03 3.441485226021922194e-04
4.470100000000000288e-03 4.151335091224659583e-04
4.560400000000000044e-03 2.980403866782857579e-04
4.652500000000000385e-03 -1.103610647283757314e-04
4.746499999999999851e-03 -7.993605541551445596e-04
4.842400000000000176e-03 -1.687158257158832440e-03
4.940199999999999626e-03 -2.589250741624723410e-03
5.040000000000000209e-03 -3.399992759877218558e-03
5.141899999999999596e-03 -4.018156364054979029e-03
5.245699999999999842e-03 -4.347460848244322912e-03
5.351700000000000033e-03 -4.465803483907427110e-03
5.459799999999999896e-03 -4.413984762274040900e-03
5.570099999999999704e-03 -4.330227409203412335e-03
5.682600000000000325e-03 -4.248650093232873327e-03
5.797400000000000296e-03 -4.298440760214443206e-03
5.914499999999999619e-03 -4.379452376474611726e-03
6.034000000000000301e-03 -4.522390339170913841e-03
6.155899999999999740e-03 -4.631231483837670859e-03
6.280299999999999945e-03 -4.769139756902200135e-03
6.407200000000000048e-03 -4.904525050570231887e-03
6.536600000000000049e-03 -4.976946422770491679e-03
6.668600000000000222e-03 -5.078364806287595859e-03
6.803299999999999972e-03 -5.148591049705608658e-03
6.940799999999999574e-03 -5.247498848916634651e-03
7.080999999999999621e-03 -5.345185276170984212e-03
7.224000000000000386e-03 -5.470742351309351194e-03
7.369999999999999815e-03 -5.566249702859758786e-03
7.518900000000000236e-03 -5.660741338830765912e-03
7.670800000000000188e-03 -5.811017762550814078e-03
7.825699999999999670e-03 -5.903683855571551821e-03
7.983799999999999231e-03 -6.023696544071565837e-03
8.145100000000000603e-03 -6.170478506121995950e-03
8.309600000000000319e-03 -6.261555764612685912e-03
8.477500000000000660e-03 -6.379736858778613760e-03
8.648799999999999891e-03 -6.524516957771606118e-03
8.823499999999999746e-03 -6.668923276758527766e-03
9.001699999999999632e-03 -6.786362887042763671e-03
9.183600000000000096e-03 -6.930511287100194623e-03
9.369099999999999998e-03 -7.048394643139960052e-03
9.558300000000000476e-03 -7.193052475246900120e-03
9.751400000000000345e-03 -7.338241054118957267e-03
9.948399999999999604e-03 -7.484076314949046974e-03
1.014900000000000004e-02 -7.630672998087478787e-03
1.035400000000000036e-02 -7.778544361063982615e-03
1.056400000000000047e-02 -7.927619260167802565e-03
1.077700000000000012e-02 -8.078226466627546482e-03
1.099499999999999957e-02 -8.230499136515479972e-03
1.121699999999999954e-02 -8.384784345957234375e-03
1.144300000000000005e-02 -8.566607446421674321e-03
1.167499999999999961e-02 -8.725310682361703610e-03
1.191000000000000045e-02 -8.886933354838458601e-03
1.215100000000000034e-02 -9.076685610629558337e-03
1.239700000000000003e-02 -9.244438825332632753e-03
1.264700000000000026e-02 -9.415674357222236779e-03
1.290200000000000027e-02 -9.590834249462163938e-03
1.316299999999999935e-02 -9.769896756232297405e-03
1.342899999999999996e-02 -9.978592557048110434e-03
1.370000000000000037e-02 -1.016693459499942200e-02
1.397699999999999984e-02 -1.033509741322341871e-02
1.425900000000000084e-02 -1.055912000747260063e-02
1.454699999999999917e-02 -1.073835822113260868e-02
1.484100000000000003e-02 -1.094906084799351052e-02
1.514099999999999994e-02 -1.114082726684573199e-02
1.544700000000000066e-02 -1.136492216042732893e-02
1.575899999999999870e-02 -1.154506735927647749e-02
1.607700000000000101e-02 -1.178430010950723590e-02
1.640199999999999991e-02 -1.197992576936582516e-02
1.673399999999999888e-02 -1.220978081842462835e-02
1.707200000000000037e-02 -1.242251999855720906e-02
1.741600000000000092e-02 -1.264447124066642690e-02
1.776799999999999907e-02 -1.287617298304921144e-02
1.812700000000000075e-02 -1.311785655372514972e-02
1.849299999999999902e-02 -1.337049104705221973e-02
1.886699999999999836e-02 -1.357952421974045580e-02
1.924800000000000122e-02 -1.382733974849538298e-02
1.963700000000000168e-02 -1.405870584223089907e-02
2.003399999999999972e-02 -1.430234380018615380e-02
2.043800000000000130e-02 -1.452976599576828384e-02
2.085100000000000148e-02 -1.479832019071935720e-02
2.127199999999999924e-02 -1.505158203551254514e-02
2.170199999999999907e-02 -1.528794694165304217e-02
2.214100000000000096e-02 -1.553793238101131534e-02
2.258800000000000044e-02 -1.580102520632869004e-02
2.304399999999999851e-02 -1.604770747792092639e-02
2.350999999999999965e-02 -1.630737655910389702e-02
2.398499999999999938e-02 -1.654899326066466489e-02
2.446900000000000117e-02 -1.677133221267208818e-02
2.496400000000000008e-02 -1.703914116999179912e-02
2.546800000000000105e-02 -1.728719034211223526e-02
2.598200000000000162e-02 -1.754764945587404534e-02
2.650699999999999931e-02 -1.778577478823195959e-02
2.704300000000000107e-02 -1.803537069208447502e-02
2.758899999999999894e-02 -1.829588139612255485e-02
2.814600000000000088e-02 -1.853016261031173451e-02
2.871500000000000094e-02 -1.873510347426347866e-02
2.929500000000000159e-02 -1.898630166950601023e-02
2.988700000000000037e-02 -1.920519938771888396e-02
3.048999999999999974e-02 -1.942920597904177274e-02
3.110600000000000170e-02 -1.965850249379117939e-02
3.173499999999999932e-02 -1.984752263287469648e-02
3.237600000000000200e-02 -2.007985399142050292e-02
3.302999999999999686e-02 -2.026778994536204692e-02
3.369699999999999779e-02 -2.040700392547347905e-02
3.437799999999999884e-02 -2.058552224063358790e-02
3.507199999999999901e-02 -2.075735725970185436e-02
3.578100000000000031e-02 -2.097004769134900790e-02
3.650400000000000172e-02 -2.107549041570701970e-02
3.724100000000000327e-02 -2.121879057948742112e-02
3.799299999999999899e-02 -2.140093652251377765e-02
3.876099999999999685e-02 -2.151648868463986244e-02
3.954400000000000276e-02 -2.161338635718622336e-02
4.034299999999999692e-02 -2.168899345418327448e-02
4.115800000000000014e-02 -2.179616675476535662e-02
4.198899999999999855e-02 -2.182195583466259650e-02
4.283800000000000108e-02 -2.193935937006902953e-02
4.370299999999999879e-02 -2.203588839918044912e-02
4.458600000000000063e-02 -2.205378489398966690e-02
4.548599999999999866e-02 -2.211206251124896507e-02
4.640500000000000180e-02 -2.215426130643313382e-02
4.734300000000000314e-02 -2.218240011379511364e-02
4.829900000000000165e-02 -2.219728324223195146e-02
4.927499999999999936e-02 -2.220263600727057432e-02
5.027000000000000218e-02 -2.213447720312533562e-02
5.128599999999999826e-02 -2.206043586227089681e-02
5.232200000000000045e-02 -2.198179986476769127e-02
5.337900000000000283e-02 -2.196866409291706526e-02
5.445699999999999846e-02 -2.182492662928100374e-02
5.555700000000000222e-02 -2.161767159050202378e-02
5.668000000000000121e-02 -2.148540386352562961e-02
5.782500000000000140e-02 -2.122597289749535154e-02
5.899299999999999683e-02 -2.098003915448865692e-02
6.018400000000000138e-02 -2.060586951688377078e-02
6.140000000000000319e-02 -2.017444362319978715e-02
6.264100000000000223e-02 -1.975502709029985232e-02
6.390600000000000447e-02 -1.919739521378736186e-02
6.519700000000000495e-02 -1.856712924349386215e-02
6.651400000000000368e-02 -1.785256832844055522e-02
6.785800000000000165e-02 -1.696083225504456046e-02
6.922899999999999887e-02 -1.603601657562393756e-02
7.062699999999999534e-02 -1.498055759686982985e-02
7.205400000000000693e-02 -1.367809455457688964e-02
7.351000000000000589e-02 -1.237875262097907873e-02
7.499400000000000510e-02 -1.088042385569460042e-02
7.650899999999999368e-02 -9.204332882601605481e-03
7.805499999999999938e-02 -7.393056842248895040e-03
7.963199999999999446e-02 -5.432496940387394890e-03
8.124099999999999377e-02 -3.322858397424563025e-03
8.288199999999999734e-02 -1.106727088231029095e-03
8.455600000000000616e-02 1.210495265273129218e-03
8.626399999999999346e-02 3.578283531019780476e-03
8.800700000000000189e-02 5.960852166733036223e-03
8.978500000000000369e-02 8.301877514002249658e-03
9.159799999999999887e-02 1.058240716360783241e-02
9.344900000000000428e-02 1.276980251637283709e-02
9.533700000000000507e-02 1.485197567251985915e-02
9.726300000000000223e-02 1.682436989274458533e-02
9.922699999999999576e-02 1.875215105985123670e-02
1.012300000000000005e-01 2.063815900844718360e-02
1.032799999999999968e-01 2.257097846830815463e-02
1.053599999999999953e-01 2.460279257151059759e-02
1.074900000000000022e-01 2.678046523436672377e-02
1.096599999999999936e-01 2.919012416985878114e-02
1.118799999999999933e-01 3.189627202635803016e-02
1.141400000000000053e-01 3.495508002904317013e-02
1.164400000000000018e-01 3.843158196190023940e-02
1.188000000000000028e-01 4.239521750999258876e-02
1.212000000000000022e-01 4.690337707043963633e-02
1.236499999999999960e-01 5.196593784776024766e-02
1.261400000000000021e-01 5.767651110237722450e-02
1.286899999999999988e-01 6.393596888021334246e-02
1.312899999999999900e-01 7.067612770464543059e-02
1.339400000000000035e-01 7.776333047167585666e-02
1.366499999999999937e-01 8.496189839126132293e-02
1.394100000000000061e-01 9.201148447526327767e-02
1.422299999999999953e-01 9.869937529104394480e-02
1.451000000000000068e-01 1.047844859888938940e-01
1.480299999999999949e-01 1.103049895704251993e-01
1.510199999999999876e-01 1.151873909164704557e-01
1.540700000000000125e-01 1.196615966834606304e-01
1.571799999999999864e-01 1.239437662870409296e-01
1.603600000000000025e-01 1.283415031650544935e-01
1.635999999999999954e-01 1.332253674574495061e-01
1.668999999999999928e-01 1.389394657791668264e-01
1.702799999999999869e-01 1.457623742006234069e-01
1.737100000000000033e-01 1.538657697439351490e-01
1.772199999999999886e-01 1.632700281716971680e-01
1.807999999999999885e-01 1.739428845891608233e-01
1.844600000000000128e-01 1.855806008896789538e-01
1.881799999999999862e-01 1.977842435270379395e-01
1.919800000000000118e-01 2.099780324782352658e-01
1.958600000000000063e-01 2.215527503515000163e-01
1.998199999999999976e-01 2.319738586320461149e-01
2.038600000000000134e-01 2.411342753735013777e-01
2.079699999999999882e-01 2.492157916239848281e-01
2.121800000000000075e-01 2.567130948454837136e-01
2.164600000000000135e-01 2.643648165945689521e-01
2.208299999999999985e-01 2.730100259954671427e-01
2.253000000000000003e-01 2.833190577037060232e-01
2.298499999999999988e-01 2.954709353705039510e-01
2.344900000000000040e-01 3.095267496388404149e-01
2.392299999999999982e-01 3.250180865760970428e-01
2.440599999999999992e-01 3.412184377042815075e-01
2.489899999999999891e-01 3.571884512744348261e-01
2.540200000000000236e-01 3.719599460512680866e-01
2.591499999999999915e-01 3.853205420156969874e-01
2.643900000000000139e-01 3.973017974690034593e-01
2.697300000000000253e-01 4.089459603121244347e-01
2.751799999999999802e-01 4.210872309117610346e-01
2.807399999999999896e-01 4.347453421882480074e-01
2.864099999999999979e-01 4.504818988006393243e-01
2.921900000000000053e-01 4.681466184985227930e-01
2.980999999999999761e-01 4.868279282948348996e-01
3.041200000000000014e-01 5.056403139930703006e-01
3.102599999999999802e-01 5.236851050581399214e-01
3.165299999999999780e-01 5.404716999049813397e-01
3.229199999999999848e-01 5.563495351121308108e-01
3.294500000000000206e-01 5.722907644751606959e-01
3.361000000000000099e-01 5.891391511697108285e-01
3.428899999999999726e-01 6.077750654692199994e-01
3.498200000000000198e-01 6.278175517860372645e-01
3.568899999999999850e-01 6.486840280278435289e-01
3.640900000000000247e-01 6.694893569377483589e-01
3.714500000000000024e-01 6.894766724272312075e-01
3.789500000000000091e-01 7.089312244552899989e-01
3.866100000000000092e-01 7.283639007913017549e-01
3.944199999999999928e-01 7.484953078964458051e-01
4.023900000000000254e-01 7.698454103841897433e-01
4.105199999999999960e-01 7.921305688809411327e-01
4.188100000000000156e-01 8.147571228689142186e-01
4.272699999999999831e-01 8.370763656458590773e-01
4.359000000000000097e-01 8.591100107966223032e-01
4.447099999999999942e-01 8.811900025859733532e-01
4.536899999999999822e-01 9.038269994046984612e-01
4.628599999999999937e-01 9.272218801190329485e-01
4.722100000000000186e-01 9.511996594211048484e-01
4.817400000000000015e-01 9.751289995773397834e-01
4.914799999999999724e-01 9.991166157707779272e-01
5.014100000000000223e-01 1.023184082465100841e+00
5.115300000000000402e-01 1.047606233660195896e+00
5.218699999999999450e-01 1.072370696020157554e+00
5.324100000000000499e-01 1.097395239055055205e+00
5.431700000000000417e-01 1.122617217935459877e+00
5.541399999999999659e-01 1.148021881216656270e+00
5.653299999999999992e-01 1.173583028678256701e+00
5.767499999999999849e-01 1.199336395070082606e+00
5.884000000000000341e-01 1.225275027484644896e+00
6.002899999999999903e-01 1.251310552849242530e+00
6.124199999999999644e-01 1.277530330748922971e+00
6.247899999999999565e-01 1.303891172220254857e+00
6.374100000000000321e-01 1.330419412106256694e+00
6.502900000000000347e-01 1.357059202446400770e+00
6.634200000000000097e-01 1.383842174233104183e+00
6.768300000000000427e-01 1.410726403059064937e+00
6.905000000000000027e-01 1.437694340542173821e+00
7.044500000000000206e-01 1.464819670309779109e+00
7.186799999999999855e-01 1.491972848527901352e+00
7.331999999999999629e-01 1.519235609141862398e+00
7.480099999999999527e-01 1.546603354450048595e+00
7.631200000000000205e-01 1.573986207042247454e+00
7.785400000000000098e-01 1.601431778406078532e+00
7.942599999999999660e-01 1.628859926939098868e+00
8.103099999999999747e-01 1.656409381172627482e+00
8.266799999999999704e-01 1.683906098088904457e+00
8.433800000000000185e-01 1.711417640829542508e+00
8.604100000000000081e-01 1.738952571165300665e+00
8.778000000000000247e-01 1.766425625451877313e+00
8.955300000000000482e-01 1.793886975788221205e+00
9.136199999999999877e-01 1.821326784827610012e+00
9.320800000000000196e-01 1.848734171559640593e+00
9.509100000000000330e-01 1.876069859536729778e+00
9.701100000000000279e-01 1.903367448588639821e+00
9.897099999999999786e-01 1.930605320545306869e+00
1.009700000000000042e+00 1.957750224443141951e+00
1.030100000000000016e+00 1.984802872012686681e+00
1.050899999999999945e+00 2.011768668353781653e+00
1.072100000000000053e+00 2.038642915832176605e+00
1.093800000000000106e+00 2.065387229448229611e+00
1.115899999999999892e+00 2.092022477015029747e+00
1.138400000000000079e+00 2.118550817220099525e+00
1.161399999999999988e+00 2.144928463680896957e+00
1.184900000000000064e+00 2.171167342632451813e+00
1.208800000000000097e+00 2.197266140959742042e+00
1.233300000000000063e+00 2.223204780620489540e+00
1.258199999999999985e+00 2.248969420314772094e+00
1.283600000000000074e+00 2.274593412666045200e+00
1.309500000000000108e+00 2.300046797314722280e+00
1.336000000000000076e+00 2.325299446507001822e+00
1.362999999999999989e+00 2.350376124747912687e+00
1.390500000000000069e+00 2.375226672468876643e+00
1.418600000000000083e+00 2.399942677953107673e+00
1.447200000000000042e+00 2.424425874092260624e+00
1.476499999999999924e+00 2.448722748341574995e+00
1.506299999999999972e+00 2.472763020854761074e+00
1.536699999999999955e+00 2.496598562840981472e+00
1.567800000000000082e+00 2.520237413753606326e+00
1.599399999999999933e+00 2.543649036755758708e+00
1.631799999999999917e+00 2.566844882701852182e+00
1.664700000000000069e+00 2.589833564718588832e+00
1.698399999999999910e+00 2.612559631531093718e+00
1.732699999999999907e+00 2.635035942213679316e+00
1.767700000000000049e+00 2.657260401238421998e+00
1.803399999999999892e+00 2.679351082037428888e+00
1.839800000000000102e+00 2.701127402076016981e+00
1.877000000000000002e+00 2.722679675277655420e+00
1.914900000000000047e+00 2.743955100655357526e+00
1.953600000000000003e+00 2.765002832453522075e+00
1.993000000000000105e+00 2.785868813147369671e+00
2.033300000000000107e+00 2.806445270022618121e+00
2.074399999999999800e+00 2.826804109263057363e+00
2.116299999999999848e+00 2.846863139428955858e+00
2.158999999999999808e+00 2.866794769769398066e+00
2.202599999999999891e+00 2.886361473748820572e+00
2.247100000000000097e+00 2.905754341231070015e+00
2.292499999999999982e+00 2.924961917772086473e+00
2.338799999999999990e+00 2.943894612469303951e+00
2.386099999999999888e+00 2.962586511725624483e+00
2.434299999999999908e+00 2.981057523143991084e+00
2.483499999999999819e+00 2.999333310988741896e+00
2.533599999999999852e+00 3.017341056726437376e+00
2.584799999999999986e+00 3.035140252020794627e+00
2.637000000000000011e+00 3.052753529826055967e+00
2.690300000000000136e+00 3.070133251419350895e+00
2.744699999999999918e+00 3.087255517221586754e+00
2.800100000000000033e+00 3.104214972567844733e+00
2.856700000000000017e+00 3.120947842521797355e+00
2.914400000000000102e+00 3.137520488887617365e+00
2.973300000000000054e+00 3.153834573311044664e+00
3.033300000000000107e+00 3.170032097400327764e+00
3.094599999999999795e+00 3.185946668061425679e+00
3.157099999999999795e+00 3.201714418318534872e+00
3.220899999999999874e+00 3.217255492678607887e+00
3.286000000000000032e+00 3.232644569152996361e+00
3.352300000000000058e+00 3.247829787231217846e+00
3.420100000000000140e+00 3.262904771005534332e+00
3.489199999999999857e+00 3.277719259170458699e+00
3.559600000000000097e+00 3.292411604351884957e+00
3.631600000000000161e+00 3.306908235536749174e+00
3.704899999999999860e+00 3.321247871972996979e+00
3.779799999999999827e+00 3.335438112346075901e+00
3.856100000000000083e+00 3.349481730303766280e+00
3.934000000000000163e+00 3.363366057728565117e+00
4.013499999999999623e+00 3.377077438054655989e+00
4.094599999999999795e+00 3.390635089117591594e+00
4.177299999999999791e+00 3.404052657771595936e+00
4.261700000000000266e+00 3.417352347345788299e+00
4.347800000000000331e+00 3.430520138856988144e+00
4.435599999999999987e+00 3.443543612716476687e+00
4.525199999999999889e+00 3.456379988446288465e+00
4.616600000000000037e+00 3.469180903008876715e+00
4.709900000000000198e+00 3.481775048020700147e+00
4.804999999999999716e+00 3.494319776720704596e+00
4.902099999999999902e+00 3.506715454552972400e+00
5.001100000000000101e+00 3.518985326125183555e+00
5.102100000000000080e+00 3.531197822468393088e+00
5.205199999999999605e+00 3.543258868111904825e+00
5.310399999999999565e+00 3.555226979456188374e+00
5.417600000000000193e+00 3.567027143940753042e+00
5.527099999999999902e+00 3.578793354622301859e+00
5.638700000000000045e+00 3.590488817725451476e+00
5.752600000000000158e+00 3.602073674513943669e+00
5.868900000000000006e+00 3.613531740659379210e+00
5.987400000000000055e+00 3.624921091233403558e+00
6.108399999999999608e+00 3.636226088712196436e+00
6.231799999999999784e+00 3.647478641808007627e+00
6.357700000000000351e+00 3.658626370922906101e+00
6.486100000000000421e+00 3.669723125631266125e+00
6.617099999999999760e+00 3.680708769028980143e+00
6.750799999999999912e+00 3.691665708054642003e+00
6.887199999999999989e+00 3.702534314394327453e+00
7.026299999999999990e+00 3.713364168280058664e+00
7.168199999999999683e+00 3.724114316481991427e+00
7.312999999999999723e+00 3.734840930250113544e+00
7.460799999999999876e+00 3.745485560893576427e+00
7.611500000000000377e+00 3.756081253613553717e+00
7.765299999999999869e+00 3.766617760886752375e+00
7.922100000000000364e+00 3.777143797335274389e+00
8.082200000000000273e+00 3.787568830954740395e+00
8.245400000000000063e+00 3.798026018758255073e+00
8.412000000000000810e+00 3.808383277358856844e+00
8.581899999999999196e+00 3.818712597149848342e+00
8.755300000000000082e+00 3.829017115503405844e+00
8.932199999999999918e+00 3.839242939707825375e+00
9.112600000000000477e+00 3.849526194202102403e+00
9.296699999999999520e+00 3.859665693693351773e+00
9.484500000000000597e+00 3.869876714088774872e+00
9.676099999999999923e+00 3.879987945156970763e+00
9.871600000000000819e+00 3.890100591472496649e+00
1.007099999999999973e+01 3.900221355641909415e+00
1.027399999999999913e+01 3.910363254009781464e+00
