# # k[h/Mpc], logBoost (P^NLCDM_NL/P^NLCDM_L)
1.000000000000000048e-04 0.000000000000000000e+00
1.020200000000000024e-04 0.000000000000000000e+00
1.040800000000000064e-04 0.000000000000000000e+00
1.061800000000000032e-04 0.000000000000000000e+00
1.083300000000000013e-04 0.000000000000000000e+00
1.105200000000000057e-04 0.000000000000000000e+00
1.127500000000000030e-04 0.000000000000000000e+00
1.150300000000000015e-04 0.000000000000000000e+00
1.173500000000000064e-04 0.000000000000000000e+00
1.197199999999999989e-04 0.000000000000000000e+00
1.221399999999999927e-04 0.000000000000000000e+00
1.246099999999999877e-04 0.000000000000000000e+00
1.271199999999999891e-04 0.000000000000000000e+00
1.296899999999999865e-04 0.000000000000000000e+00
1.323100000000000122e-04 0.000000000000000000e+00
1.349900000000000069e-04 0.000000000000000000e+00
1.377100000000000080e-04 0.000000000000000000e+00
1.404900000000000051e-04 0.000000000000000000e+00
1.433299999999999982e-04 0.000000000000000000e+00
1.462299999999999874e-04 0.000000000000000000e+00
1.491800000000000049e-04 0.000000000000000000e+00
1.522000000000000132e-04 0.000000000000000000e+00
1.552699999999999957e-04 0.000000000000000000e+00
1.584099999999999961e-04 0.000000000000000000e+00
1.616099999999999926e-04 0.000000000000000000e+00
1.648700000000000122e-04 0.000000000000000000e+00
1.681999999999999956e-04 0.000000000000000000e+00
1.715999999999999969e-04 0.000000000000000000e+00
1.750699999999999891e-04 0.000000000000000000e+00
1.786000000000000044e-04 0.000000000000000000e+00
1.822100000000000054e-04 0.000000000000000000e+00
1.858899999999999973e-04 0.000000000000000000e+00
1.896500000000000020e-04 0.000000000000000000e+00
1.934799999999999975e-04 0.000000000000000000e+00
1.973900000000000058e-04 0.000000000000000000e+00
2.013799999999999998e-04 0.000000000000000000e+00
2.054400000000000117e-04 0.000000000000000000e+00
2.095900000000000042e-04 0.000000000000000000e+00
2.138300000000000042e-04 0.000000000000000000e+00
2.181499999999999900e-04 0.000000000000000000e+00
2.225499999999999885e-04 0.000000000000000000e+00
2.270499999999999895e-04 0.000000000000000000e+00
2.316399999999999980e-04 0.000000000000000000e+00
2.363199999999999871e-04 0.000000000000000000e+00
2.410900000000000109e-04 0.000000000000000000e+00
2.459599999999999829e-04 0.000000000000000000e+00
2.509300000000000115e-04 0.000000000000000000e+00
2.559999999999999884e-04 0.000000000000000000e+00
2.611700000000000219e-04 0.000000000000000000e+00
2.664499999999999985e-04 0.000000000000000000e+00
2.718299999999999775e-04 0.000000000000000000e+00
2.773200000000000079e-04 0.000000000000000000e+00
2.829199999999999814e-04 0.000000000000000000e+00
2.886400000000000012e-04 0.000000000000000000e+00
2.944700000000000182e-04 0.000000000000000000e+00
3.004199999999999731e-04 0.000000000000000000e+00
3.064899999999999743e-04 0.000000000000000000e+00
3.126800000000000217e-04 0.000000000000000000e+00
3.189900000000000070e-04 0.000000000000000000e+00
3.254399999999999741e-04 0.000000000000000000e+00
3.320099999999999874e-04 0.000000000000000000e+00
3.387199999999999825e-04 0.000000000000000000e+00
3.455600000000000186e-04 0.000000000000000000e+00
3.525399999999999823e-04 0.000000000000000000e+00
3.596599999999999819e-04 0.000000000000000000e+00
3.669300000000000122e-04 0.000000000000000000e+00
3.743400000000000243e-04 0.000000000000000000e+00
3.819000000000000129e-04 0.000000000000000000e+00
3.896200000000000271e-04 0.000000000000000000e+00
3.974900000000000178e-04 0.000000000000000000e+00
4.055199999999999799e-04 0.000000000000000000e+00
4.137100000000000217e-04 0.000000000000000000e+00
4.220699999999999756e-04 0.000000000000000000e+00
4.306000000000000040e-04 0.000000000000000000e+00
4.392900000000000038e-04 0.000000000000000000e+00
4.481700000000000137e-04 0.000000000000000000e+00
4.572199999999999897e-04 0.000000000000000000e+00
4.664599999999999758e-04 0.000000000000000000e+00
4.758799999999999771e-04 0.000000000000000000e+00
4.854999999999999832e-04 0.000000000000000000e+00
4.952999999999999504e-04 0.000000000000000000e+00
5.053100000000000256e-04 0.000000000000000000e+00
5.155199999999999973e-04 0.000000000000000000e+00
5.259299999999999739e-04 0.000000000000000000e+00
5.365600000000000534e-04 0.000000000000000000e+00
5.473900000000000293e-04 0.000000000000000000e+00
5.584500000000000488e-04 0.000000000000000000e+00
5.697299999999999543e-04 0.000000000000000000e+00
5.812400000000000119e-04 0.000000000000000000e+00
5.929900000000000535e-04 0.000000000000000000e+00
6.049599999999999813e-04 0.000000000000000000e+00
6.171899999999999912e-04 0.000000000000000000e+00
6.296500000000000447e-04 0.000000000000000000e+00
6.423699999999999636e-04 0.000000000000000000e+00
6.553499999999999647e-04 0.000000000000000000e+00
6.685900000000000480e-04 0.000000000000000000e+00
6.821000000000000457e-04 0.000000000000000000e+00
6.958799999999999578e-04 0.000000000000000000e+00
7.099300000000000012e-04 0.000000000000000000e+00
7.242699999999999486e-04 0.000000000000000000e+00
7.389099999999999575e-04 0.000000000000000000e+00
7.538300000000000382e-04 0.000000000000000000e+00
7.690600000000000127e-04 0.000000000000000000e+00
7.845999999999999893e-04 0.000000000000000000e+00
8.004499999999999680e-04 0.000000000000000000e+00
8.166199999999999978e-04 0.000000000000000000e+00
8.331099999999999704e-04 0.000000000000000000e+00
8.499399999999999837e-04 0.000000000000000000e+00
8.671100000000000379e-04 0.000000000000000000e+00
8.846299999999999650e-04 0.000000000000000000e+00
9.024999999999999819e-04 0.000000000000000000e+00
9.207300000000000293e-04 0.000000000000000000e+00
9.393300000000000477e-04 0.000000000000000000e+00
9.583099999999999778e-04 0.000000000000000000e+00
9.776699999999999280e-04 0.000000000000000000e+00
9.974199999999999473e-04 0.000000000000000000e+00
1.017600000000000015e-03 0.000000000000000000e+00
1.038099999999999917e-03 0.000000000000000000e+00
1.059100000000000102e-03 0.000000000000000000e+00
1.080500000000000080e-03 0.000000000000000000e+00
1.102300000000000068e-03 0.000000000000000000e+00
1.124599999999999905e-03 0.000000000000000000e+00
1.147299999999999969e-03 0.000000000000000000e+00
1.170500000000000099e-03 0.000000000000000000e+00
1.194100000000000023e-03 0.000000000000000000e+00
1.218200000000000012e-03 0.000000000000000000e+00
1.242899999999999908e-03 0.000000000000000000e+00
1.268000000000000030e-03 0.000000000000000000e+00
1.293600000000000002e-03 0.000000000000000000e+00
1.319700000000000040e-03 0.000000000000000000e+00
1.346399999999999984e-03 0.000000000000000000e+00
1.373599999999999995e-03 0.000000000000000000e+00
1.401300000000000072e-03 0.000000000000000000e+00
1.429600000000000055e-03 0.000000000000000000e+00
1.458499999999999944e-03 0.000000000000000000e+00
1.487999999999999956e-03 0.000000000000000000e+00
1.518000000000000035e-03 0.000000000000000000e+00
1.548700000000000077e-03 0.000000000000000000e+00
1.580000000000000024e-03 0.000000000000000000e+00
1.611900000000000095e-03 0.000000000000000000e+00
1.644499999999999912e-03 0.000000000000000000e+00
1.677700000000000068e-03 0.000000000000000000e+00
1.711599999999999970e-03 0.000000000000000000e+00
1.746200000000000052e-03 0.000000000000000000e+00
1.781400000000000041e-03 0.000000000000000000e+00
1.817400000000000048e-03 0.000000000000000000e+00
1.854100000000000019e-03 0.000000000000000000e+00
1.891600000000000009e-03 0.000000000000000000e+00
1.929799999999999962e-03 0.000000000000000000e+00
1.968800000000000151e-03 0.000000000000000000e+00
2.008600000000000142e-03 0.000000000000000000e+00
2.049099999999999880e-03 0.000000000000000000e+00
2.090499999999999910e-03 0.000000000000000000e+00
2.132799999999999800e-03 0.000000000000000000e+00
2.175799999999999870e-03 0.000000000000000000e+00
2.219800000000000072e-03 0.000000000000000000e+00
2.264599999999999860e-03 0.000000000000000000e+00
2.310400000000000214e-03 0.000000000000000000e+00
2.357099999999999994e-03 0.000000000000000000e+00
2.404700000000000067e-03 0.000000000000000000e+00
2.453299999999999838e-03 0.000000000000000000e+00
2.502799999999999903e-03 0.000000000000000000e+00
2.553399999999999941e-03 0.000000000000000000e+00
2.605000000000000111e-03 0.000000000000000000e+00
2.657599999999999980e-03 0.000000000000000000e+00
2.711299999999999821e-03 0.000000000000000000e+00
2.765999999999999796e-03 0.000000000000000000e+00
2.821900000000000016e-03 0.000000000000000000e+00
2.878900000000000209e-03 0.000000000000000000e+00
2.937100000000000214e-03 0.000000000000000000e+00
2.996400000000000192e-03 0.000000000000000000e+00
3.056899999999999982e-03 0.000000000000000000e+00
3.118699999999999858e-03 0.000000000000000000e+00
3.181699999999999980e-03 0.000000000000000000e+00
3.246000000000000187e-03 0.000000000000000000e+00
3.311500000000000207e-03 0.000000000000000000e+00
3.378400000000000153e-03 0.000000000000000000e+00
3.446700000000000024e-03 0.000000000000000000e+00
3.516299999999999981e-03 0.000000000000000000e+00
3.587400000000000137e-03 0.000000000000000000e+00
3.659799999999999946e-03 0.000000000000000000e+00
3.733799999999999793e-03 8.286033894628061839e-05
3.809199999999999999e-03 8.166265163159408048e-05
3.886099999999999971e-03 8.049261484612566051e-05
3.964600000000000415e-03 0.000000000000000000e+00
4.044700000000000031e-03 -7.822583803422462000e-05
4.126399999999999686e-03 -7.713371132676784172e-05
4.209799999999999653e-03 -7.606008750581327816e-05
4.294799999999999660e-03 0.000000000000000000e+00
4.381600000000000251e-03 7.397817647165588046e-05
4.470100000000000288e-03 2.189061995679682108e-04
4.560400000000000044e-03 3.599064282147379262e-04
4.652500000000000385e-03 3.551010299734593976e-04
4.746499999999999851e-03 2.102533560676825351e-04
4.842400000000000176e-03 -2.075478232224656292e-04
4.940199999999999626e-03 -8.880085285885179263e-04
5.040000000000000209e-03 -1.618996575978115613e-03
5.141899999999999596e-03 -2.465270929083137989e-03
5.245699999999999842e-03 -3.158936486706974411e-03
5.351700000000000033e-03 -3.705513747533714305e-03
5.459799999999999896e-03 -3.917166671994647999e-03
5.570099999999999704e-03 -3.996579684485438051e-03
5.682600000000000325e-03 -3.948486844684180423e-03
5.797400000000000296e-03 -3.901296089764548936e-03
5.914499999999999619e-03 -3.855455955375844661e-03
6.034000000000000301e-03 -3.871284776785899068e-03
6.155899999999999740e-03 -3.946665411044749695e-03
6.280299999999999945e-03 -4.079828275459951477e-03
6.407200000000000048e-03 -4.210040132533936913e-03
6.536600000000000049e-03 -4.279689604247747040e-03
6.668600000000000222e-03 -4.348081682978824705e-03
6.803299999999999972e-03 -4.471747751040952394e-03
6.940799999999999574e-03 -4.593073665948249271e-03
7.080999999999999621e-03 -4.656843985104527385e-03
7.224000000000000386e-03 -4.719578511321105563e-03
7.369999999999999815e-03 -4.835783283283863997e-03
7.518900000000000236e-03 -4.896299900507673428e-03
7.670800000000000188e-03 -5.062762286042499747e-03
7.825699999999999670e-03 -5.121041733013649566e-03
7.983799999999999231e-03 -5.230958206008280709e-03
8.145100000000000603e-03 -5.339428459935915104e-03
8.309600000000000319e-03 -5.446804484063942110e-03
8.477500000000000660e-03 -5.552881126864998504e-03
8.648799999999999891e-03 -5.657723719858837388e-03
8.823499999999999746e-03 -5.761683315598525694e-03
9.001699999999999632e-03 -5.914677149957595081e-03
9.183600000000000096e-03 -6.016687283052607124e-03
9.369099999999999998e-03 -6.118023145522728627e-03
9.558300000000000476e-03 -6.219046377877373265e-03
9.751400000000000345e-03 -6.367911913407397866e-03
9.948399999999999604e-03 -6.515617359110530832e-03
1.014900000000000004e-02 -6.615134176623386868e-03
1.035400000000000036e-02 -6.762054374923221790e-03
1.056400000000000047e-02 -6.861251598616582154e-03
1.077700000000000012e-02 -7.054291008580477335e-03
1.099499999999999957e-02 -7.200124009870505909e-03
1.121699999999999954e-02 -7.346010072792379803e-03
1.144300000000000005e-02 -7.446256137624969636e-03
1.167499999999999961e-02 -7.638687800135616525e-03
1.191000000000000045e-02 -7.740329133649026527e-03
1.215100000000000034e-02 -7.888335400928397911e-03
1.239700000000000003e-02 -8.037249207267857173e-03
1.264700000000000026e-02 -8.232350413443025733e-03
1.290200000000000027e-02 -8.383631627968575473e-03
1.316299999999999935e-02 -8.536555448851290695e-03
1.342899999999999996e-02 -8.735626260824903150e-03
1.370000000000000037e-02 -8.892109097679125676e-03
1.397699999999999984e-02 -9.051040093200853065e-03
1.425900000000000084e-02 -9.212164886558595750e-03
1.454699999999999917e-02 -9.420471693527951787e-03
1.484100000000000003e-02 -9.631602247874931910e-03
1.514099999999999994e-02 -9.801835727972559031e-03
1.544700000000000066e-02 -9.975805527609696299e-03
1.575899999999999870e-02 -1.019763831096799633e-02
1.607700000000000101e-02 -1.037972261557567645e-02
1.640199999999999991e-02 -1.056620277127977986e-02
1.673399999999999888e-02 -1.080182267811656549e-02
1.707200000000000037e-02 -1.099838129964568825e-02
1.741600000000000092e-02 -1.120111275482072247e-02
1.776799999999999907e-02 -1.140934027181320955e-02
1.812700000000000075e-02 -1.162439879006699900e-02
1.849299999999999902e-02 -1.184614050416247372e-02
1.886699999999999836e-02 -1.203015252039509042e-02
1.924800000000000122e-02 -1.226676013047503511e-02
1.963700000000000168e-02 -1.251182181104764507e-02
2.003399999999999972e-02 -1.276583875747846000e-02
2.043800000000000130e-02 -1.298301004165516685e-02
2.085100000000000148e-02 -1.325566313518839086e-02
2.127199999999999924e-02 -1.349258312998443711e-02
2.170199999999999907e-02 -1.369272069793414648e-02
2.214100000000000096e-02 -1.399818819286601478e-02
2.258800000000000044e-02 -1.421995090639778525e-02
2.304399999999999851e-02 -1.445342381195989685e-02
2.350999999999999965e-02 -1.479627550633554924e-02
2.398499999999999938e-02 -1.500595806839536035e-02
2.446900000000000117e-02 -1.527738150951996575e-02
2.496400000000000008e-02 -1.556215723257779390e-02
2.546800000000000105e-02 -1.581040377965807486e-02
2.598200000000000162e-02 -1.612394628034339444e-02
2.650699999999999931e-02 -1.640070403327697005e-02
2.704300000000000107e-02 -1.669238555395657214e-02
2.758899999999999894e-02 -1.694542888935305150e-02
2.814600000000000088e-02 -1.721193957668930644e-02
2.871500000000000094e-02 -1.749283155544053073e-02
2.929500000000000159e-02 -1.778910824296954171e-02
2.988700000000000037e-02 -1.804247173738084478e-02
3.048999999999999974e-02 -1.836858427397639049e-02
3.110600000000000170e-02 -1.864953760684522066e-02
3.173499999999999932e-02 -1.900512456279356693e-02
3.237600000000000200e-02 -1.925233134399493076e-02
3.302999999999999686e-02 -1.957357863995821262e-02
3.369699999999999779e-02 -1.977822795341976914e-02
3.437799999999999884e-02 -2.012246874144364706e-02
3.507199999999999901e-02 -2.041163052398062977e-02
3.578100000000000031e-02 -2.064063889282953881e-02
3.650400000000000172e-02 -2.101480621025326664e-02
3.724100000000000327e-02 -2.118234818938950076e-02
3.799299999999999899e-02 -2.149670528192148058e-02
3.876099999999999685e-02 -2.181357647122990698e-02
3.954400000000000276e-02 -2.205660981528274542e-02
4.034299999999999692e-02 -2.229641743742939025e-02
4.115800000000000014e-02 -2.253232479442099020e-02
4.198899999999999855e-02 -2.284456818044227830e-02
4.283800000000000108e-02 -2.307023080149160632e-02
4.370299999999999879e-02 -2.328761355465408522e-02
4.458600000000000063e-02 -2.349159706162159619e-02
4.548599999999999866e-02 -2.377052053705277709e-02
4.640500000000000180e-02 -2.403657782824138167e-02
4.734300000000000314e-02 -2.419287380705699431e-02
4.829900000000000165e-02 -2.441769659395819081e-02
4.927499999999999936e-02 -2.462452700441591924e-02
5.027000000000000218e-02 -2.481181488873290472e-02
5.128599999999999826e-02 -2.498048296844158911e-02
5.232200000000000045e-02 -2.519710428155730667e-02
5.337900000000000283e-02 -2.528977982873167538e-02
5.445699999999999846e-02 -2.547648869001665345e-02
5.555700000000000222e-02 -2.562074174335071675e-02
5.668000000000000121e-02 -2.575455653702222319e-02
5.782500000000000140e-02 -2.586992610348660612e-02
5.899299999999999683e-02 -2.596994082358691086e-02
6.018400000000000138e-02 -2.603577286491638026e-02
6.140000000000000319e-02 -2.609175904287979603e-02
6.264100000000000223e-02 -2.613098575876814794e-02
6.390600000000000447e-02 -2.612328664091012609e-02
6.519700000000000495e-02 -2.610546824421595621e-02
6.651400000000000368e-02 -2.603569718273716915e-02
6.785800000000000165e-02 -2.594010049038876151e-02
6.922899999999999887e-02 -2.578620862034293817e-02
7.062699999999999534e-02 -2.559875984616401257e-02
7.205400000000000693e-02 -2.535383352267367441e-02
7.351000000000000589e-02 -2.504952757447599307e-02
7.499400000000000510e-02 -2.468185315458359952e-02
7.650899999999999368e-02 -2.423054975718158185e-02
7.805499999999999938e-02 -2.372592134490972629e-02
7.963199999999999446e-02 -2.311518137376190538e-02
8.124099999999999377e-02 -2.242285032724424323e-02
8.288199999999999734e-02 -2.161700636925792049e-02
8.455600000000000616e-02 -2.070588372627244281e-02
8.626399999999999346e-02 -1.968344375702412580e-02
8.800700000000000189e-02 -1.852749524973795747e-02
8.978500000000000369e-02 -1.723124864178048402e-02
9.159799999999999887e-02 -1.580826546640355657e-02
9.344900000000000428e-02 -1.427809136477614475e-02
9.533700000000000507e-02 -1.261001829704123597e-02
9.726300000000000223e-02 -1.083508404922629148e-02
9.922699999999999576e-02 -8.973536289407701635e-03
1.012300000000000005e-01 -7.053904026154240829e-03
1.032799999999999968e-01 -5.136026764890774983e-03
1.053599999999999953e-01 -3.175222249005151681e-03
1.074900000000000022e-01 -1.263010342144163219e-03
1.096599999999999936e-01 5.728333927553937686e-04
1.118799999999999933e-01 2.428128621108475733e-03
1.141400000000000053e-01 4.212814646436446528e-03
1.164400000000000018e-01 6.037490584552631517e-03
1.188000000000000028e-01 7.822988895868063230e-03
1.212000000000000022e-01 9.749203115045108545e-03
1.236499999999999960e-01 1.177912516218878811e-02
1.261400000000000021e-01 1.395986684121435124e-02
1.286899999999999988e-01 1.634841246297131026e-02
1.312899999999999900e-01 1.903836545332624267e-02
1.339400000000000035e-01 2.205409406826415800e-02
1.366499999999999937e-01 2.542352288866923937e-02
1.394100000000000061e-01 2.918018086988399817e-02
1.422299999999999953e-01 3.338645817897890195e-02
1.451000000000000068e-01 3.810379498055525144e-02
1.480299999999999949e-01 4.328094697373772309e-02
1.510199999999999876e-01 4.896691828452402750e-02
1.540700000000000125e-01 5.506446022316363598e-02
1.571799999999999864e-01 6.137969870504794007e-02
1.603600000000000025e-01 6.773917936416583296e-02
1.635999999999999954e-01 7.398296129133467847e-02
1.668999999999999928e-01 7.987963539138610847e-02
1.702799999999999869e-01 8.531729960061656959e-02
1.737100000000000033e-01 9.032031238464055534e-02
1.772199999999999886e-01 9.493933509345182931e-02
1.807999999999999885e-01 9.924280969196405677e-02
1.844600000000000128e-01 1.036057078687008942e-01
1.881799999999999862e-01 1.081062942587126541e-01
1.919800000000000118e-01 1.132360675757262958e-01
1.958600000000000063e-01 1.191445456941975650e-01
1.998199999999999976e-01 1.260690749697055135e-01
2.038600000000000134e-01 1.340698297015806006e-01
2.079699999999999882e-01 1.431320012631933647e-01
2.121800000000000075e-01 1.531881568930294479e-01
2.164600000000000135e-01 1.639991958306426523e-01
2.208299999999999985e-01 1.751511276411492068e-01
2.253000000000000003e-01 1.860597474822060227e-01
2.298499999999999988e-01 1.962472822269370754e-01
2.344900000000000040e-01 2.053715485551227404e-01
2.392299999999999982e-01 2.135023243824367978e-01
2.440599999999999992e-01 2.208486564458712609e-01
2.489899999999999891e-01 2.279813016217607791e-01
2.540200000000000236e-01 2.355815020065776255e-01
2.591499999999999915e-01 2.443955065557359696e-01
2.643900000000000139e-01 2.546484039597217697e-01
2.697300000000000253e-01 2.665266308467976741e-01
2.751799999999999802e-01 2.799936324607421034e-01
2.807399999999999896e-01 2.945183311054699327e-01
2.864099999999999979e-01 3.093699588438997283e-01
2.921900000000000053e-01 3.234696753349819431e-01
2.980999999999999761e-01 3.363890087505989612e-01
3.041200000000000014e-01 3.480713641333142427e-01
3.102599999999999802e-01 3.588843262106816701e-01
3.165299999999999780e-01 3.695900576693825768e-01
3.229199999999999848e-01 3.813489784715840547e-01
3.294500000000000206e-01 3.946600084767814542e-01
3.361000000000000099e-01 4.098690245636055773e-01
3.428899999999999726e-01 4.265007533231174874e-01
3.498200000000000198e-01 4.438824039492762497e-01
3.568899999999999850e-01 4.608346882974019287e-01
3.640900000000000247e-01 4.768003442029639660e-01
3.714500000000000024e-01 4.917095219260965155e-01
3.789500000000000091e-01 5.060765844636307964e-01
3.866100000000000092e-01 5.209049865621633302e-01
3.944199999999999928e-01 5.370906829813218986e-01
4.023900000000000254e-01 5.548318275393628873e-01
4.105199999999999960e-01 5.737838790746319084e-01
4.188100000000000156e-01 5.931231238266163608e-01
4.272699999999999831e-01 6.120167464865784446e-01
4.359000000000000097e-01 6.302018995823278624e-01
4.447099999999999942e-01 6.479832019139053489e-01
4.536899999999999822e-01 6.661045636088946953e-01
4.628599999999999937e-01 6.853219213650577624e-01
4.722100000000000186e-01 7.056373522814004540e-01
4.817400000000000015e-01 7.266495588321517651e-01
4.914799999999999724e-01 7.476934370281830278e-01
5.014100000000000223e-01 7.684207484765795959e-01
5.115300000000000402e-01 7.889602049549612195e-01
5.218699999999999450e-01 8.098501617361856253e-01
5.324100000000000499e-01 8.315143441642659505e-01
5.431700000000000417e-01 8.539066937663802870e-01
5.541399999999999659e-01 8.766085551064820569e-01
5.653299999999999992e-01 8.993962221835157811e-01
5.767499999999999849e-01 9.223380312954622129e-01
5.884000000000000341e-01 9.454035568732657158e-01
6.002899999999999903e-01 9.687605462301477344e-01
6.124199999999999644e-01 9.923584750360259221e-01
6.247899999999999565e-01 1.016325603152959278e+00
6.374100000000000321e-01 1.040609998008201309e+00
6.502900000000000347e-01 1.065186426151444987e+00
6.634200000000000097e-01 1.090010245948444201e+00
6.768300000000000427e-01 1.115145417279277407e+00
6.905000000000000027e-01 1.140506878484019548e+00
7.044500000000000206e-01 1.166121445665787126e+00
7.186799999999999855e-01 1.191938513206161732e+00
7.331999999999999629e-01 1.217987767514732367e+00
7.480099999999999527e-01 1.244209346873666133e+00
7.631200000000000205e-01 1.270642815639783763e+00
7.785400000000000098e-01 1.297203853283528829e+00
7.942599999999999660e-01 1.323901567233786158e+00
8.103099999999999747e-01 1.350835939819603482e+00
8.266799999999999704e-01 1.377785228850285870e+00
8.433800000000000185e-01 1.404993555505974490e+00
8.604100000000000081e-01 1.432230438442893883e+00
8.778000000000000247e-01 1.459568377657656013e+00
8.955300000000000482e-01 1.486998032792612445e+00
9.136199999999999877e-01 1.514511900351149354e+00
9.320800000000000196e-01 1.542083767891744506e+00
9.509100000000000330e-01 1.569719262349059896e+00
9.701100000000000279e-01 1.597371600145794490e+00
9.897099999999999786e-01 1.625061739128124794e+00
1.009700000000000042e+00 1.652746668222134563e+00
1.030100000000000016e+00 1.680423914004821606e+00
1.050899999999999945e+00 1.708081158899388052e+00
1.072100000000000053e+00 1.735694373864034024e+00
1.093800000000000106e+00 1.763266979643455468e+00
1.115899999999999892e+00 1.790761419877867411e+00
1.138400000000000079e+00 1.818190523412856585e+00
1.161399999999999988e+00 1.845522839445873142e+00
1.184900000000000064e+00 1.872760969729903247e+00
1.208800000000000097e+00 1.899869037540058203e+00
1.233300000000000063e+00 1.926900567321052415e+00
1.258199999999999985e+00 1.953804563137910177e+00
1.283600000000000074e+00 1.980565431734971238e+00
1.309500000000000108e+00 2.007208946125094151e+00
1.336000000000000076e+00 2.033660577038609141e+00
1.362999999999999989e+00 2.060017783882108322e+00
1.390500000000000069e+00 2.086194700299758509e+00
1.418600000000000083e+00 2.112217013359040330e+00
1.447200000000000042e+00 2.138044100558767813e+00
1.476499999999999924e+00 2.163662474288488902e+00
1.506299999999999972e+00 2.189111464342799351e+00
1.536699999999999955e+00 2.214397551177849532e+00
1.567800000000000082e+00 2.239450787950564958e+00
1.599399999999999933e+00 2.264328826892857194e+00
1.631799999999999917e+00 2.288917657093269220e+00
1.664700000000000069e+00 2.313375569359719996e+00
1.698399999999999910e+00 2.337552354350153738e+00
1.732699999999999907e+00 2.361478024299241696e+00
1.767700000000000049e+00 2.385145281642751414e+00
1.803399999999999892e+00 2.408651716513963148e+00
1.839800000000000102e+00 2.431844926193163392e+00
1.877000000000000002e+00 2.454892974421228669e+00
1.914900000000000047e+00 2.477582432632728704e+00
1.953600000000000003e+00 2.500031593101001981e+00
1.993000000000000105e+00 2.522278841174835140e+00
2.033300000000000107e+00 2.544216192971502810e+00
2.074399999999999800e+00 2.565936607568811922e+00
2.116299999999999848e+00 2.587429233995823363e+00
2.158999999999999808e+00 2.608583399558384475e+00
2.202599999999999891e+00 2.629427894742571326e+00
2.247100000000000097e+00 2.650121461510361431e+00
2.292499999999999982e+00 2.670562499864692185e+00
2.338799999999999990e+00 2.690657175823095493e+00
2.386099999999999888e+00 2.710578536758348367e+00
2.434299999999999908e+00 2.730171600162262902e+00
2.483499999999999819e+00 2.749511631975094961e+00
2.533599999999999852e+00 2.768676809728216170e+00
2.584799999999999986e+00 2.787501694529288088e+00
2.637000000000000011e+00 2.806143151322756601e+00
2.690300000000000136e+00 2.824522508547004929e+00
2.744699999999999918e+00 2.842557229792030515e+00
2.800100000000000033e+00 2.860514393993367932e+00
2.856700000000000017e+00 2.878129199682678774e+00
2.914400000000000102e+00 2.895484076210573576e+00
2.973300000000000054e+00 2.912667585879701981e+00
3.033300000000000107e+00 2.929625725709405160e+00
3.094599999999999795e+00 2.946343556136238551e+00
3.157099999999999795e+00 2.962836918899998562e+00
3.220899999999999874e+00 2.979121280042834830e+00
3.286000000000000032e+00 2.995195994246881988e+00
3.352300000000000058e+00 3.011066283957248846e+00
3.420100000000000140e+00 3.026730874579554254e+00
3.489199999999999857e+00 3.042193320747647256e+00
3.559600000000000097e+00 3.057464743650585959e+00
3.631600000000000161e+00 3.072546689604560566e+00
3.704899999999999860e+00 3.087450592786371573e+00
3.779799999999999827e+00 3.102142270234876431e+00
3.856100000000000083e+00 3.116691139562588031e+00
3.934000000000000163e+00 3.131042169000118225e+00
4.013499999999999623e+00 3.145229913820840828e+00
4.094599999999999795e+00 3.159278268986791538e+00
4.177299999999999791e+00 3.173141298929025300e+00
4.261700000000000266e+00 3.186878900703576267e+00
4.347800000000000331e+00 3.200445746881574571e+00
4.435599999999999987e+00 3.213830668117804823e+00
4.525199999999999889e+00 3.227111313076498789e+00
4.616600000000000037e+00 3.240319833043034503e+00
4.709900000000000198e+00 3.253326822648813010e+00
4.804999999999999716e+00 3.266211025133272994e+00
4.902099999999999902e+00 3.278959888403702116e+00
5.001100000000000101e+00 3.291589566674923972e+00
5.102100000000000080e+00 3.304124678867968790e+00
5.205199999999999605e+00 3.316552389604250806e+00
5.310399999999999565e+00 3.328826478711881975e+00
5.417600000000000193e+00 3.341075240963946591e+00
5.527099999999999902e+00 3.353216553902721220e+00
5.638700000000000045e+00 3.365220944775423106e+00
5.752600000000000158e+00 3.377153567082550545e+00
5.868900000000000006e+00 3.388997781192461201e+00
5.987400000000000055e+00 3.400759144781043020e+00
6.108399999999999608e+00 3.412460306295772128e+00
6.231799999999999784e+00 3.424086453611971059e+00
6.357700000000000351e+00 3.435661168690646416e+00
6.486100000000000421e+00 3.447150383319137923e+00
6.617099999999999760e+00 3.458548678133621213e+00
6.750799999999999912e+00 3.469944055227116575e+00
6.887199999999999989e+00 3.481272701095029287e+00
7.026299999999999990e+00 3.492530801224750014e+00
7.168199999999999683e+00 3.503752375156582222e+00
7.312999999999999723e+00 3.514929237602609557e+00
7.460799999999999876e+00 3.526075023009232368e+00
7.611500000000000377e+00 3.537172926649740479e+00
7.765299999999999869e+00 3.548305477083436799e+00
7.922100000000000364e+00 3.559328541987785144e+00
8.082200000000000273e+00 3.570397347164557367e+00
8.245400000000000063e+00 3.581429409447032697e+00
8.412000000000000810e+00 3.592452267770683605e+00
8.581899999999999196e+00 3.603470641569847643e+00
8.755300000000000082e+00 3.614424775129867484e+00
8.932199999999999918e+00 3.625398888255315644e+00
9.112600000000000477e+00 3.636392080569415874e+00
9.296699999999999520e+00 3.647342435717069176e+00
9.484500000000000597e+00 3.658373694445116175e+00
9.676099999999999923e+00 3.669268989332931774e+00
9.871600000000000819e+00 3.680296874525952777e+00
1.007099999999999973e+01 3.680296874525952777e+00
1.027399999999999913e+01 3.680296874525952777e+00
