# # k[h/Mpc], logBoost (P^NLCDM_NL/P^NLCDM_L)
1.000000000000000048e-04 0.000000000000000000e+00
1.020200000000000024e-04 0.000000000000000000e+00
1.040800000000000064e-04 0.000000000000000000e+00
1.061800000000000032e-04 0.000000000000000000e+00
1.083300000000000013e-04 0.000000000000000000e+00
1.105200000000000057e-04 0.000000000000000000e+00
1.127500000000000030e-04 0.000000000000000000e+00
1.150300000000000015e-04 0.000000000000000000e+00
1.173500000000000064e-04 0.000000000000000000e+00
1.197199999999999989e-04 0.000000000000000000e+00
1.221399999999999927e-04 0.000000000000000000e+00
1.246099999999999877e-04 0.000000000000000000e+00
1.271199999999999891e-04 0.000000000000000000e+00
1.296899999999999865e-04 0.000000000000000000e+00
1.323100000000000122e-04 0.000000000000000000e+00
1.349900000000000069e-04 0.000000000000000000e+00
1.377100000000000080e-04 0.000000000000000000e+00
1.404900000000000051e-04 0.000000000000000000e+00
1.433299999999999982e-04 0.000000000000000000e+00
1.462299999999999874e-04 0.000000000000000000e+00
1.491800000000000049e-04 0.000000000000000000e+00
1.522000000000000132e-04 0.000000000000000000e+00
1.552699999999999957e-04 0.000000000000000000e+00
1.584099999999999961e-04 0.000000000000000000e+00
1.616099999999999926e-04 0.000000000000000000e+00
1.648700000000000122e-04 0.000000000000000000e+00
1.681999999999999956e-04 0.000000000000000000e+00
1.715999999999999969e-04 0.000000000000000000e+00
1.750699999999999891e-04 0.000000000000000000e+00
1.786000000000000044e-04 0.000000000000000000e+00
1.822100000000000054e-04 0.000000000000000000e+00
1.858899999999999973e-04 0.000000000000000000e+00
1.896500000000000020e-04 0.000000000000000000e+00
1.934799999999999975e-04 0.000000000000000000e+00
1.973900000000000058e-04 0.000000000000000000e+00
2.013799999999999998e-04 0.000000000000000000e+00
2.054400000000000117e-04 0.000000000000000000e+00
2.095900000000000042e-04 0.000000000000000000e+00
2.138300000000000042e-04 0.000000000000000000e+00
2.181499999999999900e-04 0.000000000000000000e+00
2.225499999999999885e-04 0.000000000000000000e+00
2.270499999999999895e-04 0.000000000000000000e+00
2.316399999999999980e-04 0.000000000000000000e+00
2.363199999999999871e-04 0.000000000000000000e+00
2.410900000000000109e-04 0.000000000000000000e+00
2.459599999999999829e-04 0.000000000000000000e+00
2.509300000000000115e-04 0.000000000000000000e+00
2.559999999999999884e-04 0.000000000000000000e+00
2.611700000000000219e-04 0.000000000000000000e+00
2.664499999999999985e-04 0.000000000000000000e+00
2.718299999999999775e-04 0.000000000000000000e+00
2.773200000000000079e-04 0.000000000000000000e+00
2.829199999999999814e-04 0.000000000000000000e+00
2.886400000000000012e-04 0.000000000000000000e+00
2.944700000000000182e-04 0.000000000000000000e+00
3.004199999999999731e-04 0.000000000000000000e+00
3.064899999999999743e-04 0.000000000000000000e+00
3.126800000000000217e-04 0.000000000000000000e+00
3.189900000000000070e-04 0.000000000000000000e+00
3.254399999999999741e-04 0.000000000000000000e+00
3.320099999999999874e-04 0.000000000000000000e+00
3.387199999999999825e-04 0.000000000000000000e+00
3.455600000000000186e-04 0.000000000000000000e+00
3.525399999999999823e-04 0.000000000000000000e+00
3.596599999999999819e-04 0.000000000000000000e+00
3.669300000000000122e-04 0.000000000000000000e+00
3.743400000000000243e-04 0.000000000000000000e+00
3.819000000000000129e-04 0.000000000000000000e+00
3.896200000000000271e-04 0.000000000000000000e+00
3.974900000000000178e-04 0.000000000000000000e+00
4.055199999999999799e-04 0.000000000000000000e+00
4.137100000000000217e-04 0.000000000000000000e+00
4.220699999999999756e-04 0.000000000000000000e+00
4.306000000000000040e-04 0.000000000000000000e+00
4.392900000000000038e-04 0.000000000000000000e+00
4.481700000000000137e-04 0.000000000000000000e+00
4.572199999999999897e-04 0.000000000000000000e+00
4.664599999999999758e-04 0.000000000000000000e+00
4.758799999999999771e-04 0.000000000000000000e+00
4.854999999999999832e-04 0.000000000000000000e+00
4.952999999999999504e-04 0.000000000000000000e+00
5.053100000000000256e-04 0.000000000000000000e+00
5.155199999999999973e-04 0.000000000000000000e+00
5.259299999999999739e-04 0.000000000000000000e+00
5.365600000000000534e-04 0.000000000000000000e+00
5.473900000000000293e-04 0.000000000000000000e+00
5.584500000000000488e-04 0.000000000000000000e+00
5.697299999999999543e-04 0.000000000000000000e+00
5.812400000000000119e-04 0.000000000000000000e+00
5.929900000000000535e-04 0.000000000000000000e+00
6.049599999999999813e-04 0.000000000000000000e+00
6.171899999999999912e-04 0.000000000000000000e+00
6.296500000000000447e-04 0.000000000000000000e+00
6.423699999999999636e-04 0.000000000000000000e+00
6.553499999999999647e-04 0.000000000000000000e+00
6.685900000000000480e-04 0.000000000000000000e+00
6.821000000000000457e-04 0.000000000000000000e+00
6.958799999999999578e-04 0.000000000000000000e+00
7.099300000000000012e-04 0.000000000000000000e+00
7.242699999999999486e-04 0.000000000000000000e+00
7.389099999999999575e-04 0.000000000000000000e+00
7.538300000000000382e-04 0.000000000000000000e+00
7.690600000000000127e-04 0.000000000000000000e+00
7.845999999999999893e-04 0.000000000000000000e+00
8.004499999999999680e-04 0.000000000000000000e+00
8.166199999999999978e-04 0.000000000000000000e+00
8.331099999999999704e-04 0.000000000000000000e+00
8.499399999999999837e-04 0.000000000000000000e+00
8.671100000000000379e-04 0.000000000000000000e+00
8.846299999999999650e-04 0.000000000000000000e+00
9.024999999999999819e-04 0.000000000000000000e+00
9.207300000000000293e-04 0.000000000000000000e+00
9.393300000000000477e-04 0.000000000000000000e+00
9.583099999999999778e-04 0.000000000000000000e+00
9.776699999999999280e-04 0.000000000000000000e+00
9.974199999999999473e-04 0.000000000000000000e+00
1.017600000000000015e-03 0.000000000000000000e+00
1.038099999999999917e-03 0.000000000000000000e+00
1.059100000000000102e-03 0.000000000000000000e+00
1.080500000000000080e-03 0.000000000000000000e+00
1.102300000000000068e-03 0.000000000000000000e+00
1.124599999999999905e-03 0.000000000000000000e+00
1.147299999999999969e-03 0.000000000000000000e+00
1.170500000000000099e-03 0.000000000000000000e+00
1.194100000000000023e-03 0.000000000000000000e+00
1.218200000000000012e-03 0.000000000000000000e+00
1.242899999999999908e-03 0.000000000000000000e+00
1.268000000000000030e-03 0.000000000000000000e+00
1.293600000000000002e-03 0.000000000000000000e+00
1.319700000000000040e-03 0.000000000000000000e+00
1.346399999999999984e-03 0.000000000000000000e+00
1.373599999999999995e-03 0.000000000000000000e+00
1.401300000000000072e-03 0.000000000000000000e+00
1.429600000000000055e-03 0.000000000000000000e+00
1.458499999999999944e-03 0.000000000000000000e+00
1.487999999999999956e-03 0.000000000000000000e+00
1.518000000000000035e-03 0.000000000000000000e+00
1.548700000000000077e-03 0.000000000000000000e+00
1.580000000000000024e-03 0.000000000000000000e+00
1.611900000000000095e-03 0.000000000000000000e+00
1.644499999999999912e-03 0.000000000000000000e+00
1.677700000000000068e-03 0.000000000000000000e+00
1.711599999999999970e-03 0.000000000000000000e+00
1.746200000000000052e-03 0.000000000000000000e+00
1.781400000000000041e-03 0.000000000000000000e+00
1.817400000000000048e-03 0.000000000000000000e+00
1.854100000000000019e-03 0.000000000000000000e+00
1.891600000000000009e-03 0.000000000000000000e+00
1.929799999999999962e-03 0.000000000000000000e+00
1.968800000000000151e-03 0.000000000000000000e+00
2.008600000000000142e-03 0.000000000000000000e+00
2.049099999999999880e-03 0.000000000000000000e+00
2.090499999999999910e-03 0.000000000000000000e+00
2.132799999999999800e-03 0.000000000000000000e+00
2.175799999999999870e-03 0.000000000000000000e+00
2.219800000000000072e-03 0.000000000000000000e+00
2.264599999999999860e-03 0.000000000000000000e+00
2.310400000000000214e-03 0.000000000000000000e+00
2.357099999999999994e-03 0.000000000000000000e+00
2.404700000000000067e-03 0.000000000000000000e+00
2.453299999999999838e-03 0.000000000000000000e+00
2.502799999999999903e-03 0.000000000000000000e+00
2.553399999999999941e-03 0.000000000000000000e+00
2.605000000000000111e-03 0.000000000000000000e+00
2.657599999999999980e-03 0.000000000000000000e+00
2.711299999999999821e-03 0.000000000000000000e+00
2.765999999999999796e-03 0.000000000000000000e+00
2.821900000000000016e-03 0.000000000000000000e+00
2.878900000000000209e-03 0.000000000000000000e+00
2.937100000000000214e-03 0.000000000000000000e+00
2.996400000000000192e-03 0.000000000000000000e+00
3.056899999999999982e-03 0.000000000000000000e+00
3.118699999999999858e-03 0.000000000000000000e+00
3.181699999999999980e-03 0.000000000000000000e+00
3.246000000000000187e-03 0.000000000000000000e+00
3.311500000000000207e-03 0.000000000000000000e+00
3.378400000000000153e-03 0.000000000000000000e+00
3.446700000000000024e-03 0.000000000000000000e+00
3.516299999999999981e-03 0.000000000000000000e+00
3.587400000000000137e-03 0.000000000000000000e+00
3.659799999999999946e-03 0.000000000000000000e+00
3.733799999999999793e-03 0.000000000000000000e+00
3.809199999999999999e-03 0.000000000000000000e+00
3.886099999999999971e-03 0.000000000000000000e+00
3.964600000000000415e-03 -8.191014461722103735e-05
4.044700000000000031e-03 -8.075261440975395170e-05
4.126399999999999686e-03 0.000000000000000000e+00
4.209799999999999653e-03 7.850217847578005493e-05
4.294799999999999660e-03 1.548347142522991124e-04
4.381600000000000251e-03 1.527067270280383423e-04
4.470100000000000288e-03 1.506364392394504475e-04
4.560400000000000044e-03 -7.430800672186099038e-05
4.652500000000000385e-03 -2.932981396593334648e-04
4.746499999999999851e-03 -6.513008154390819825e-04
4.842400000000000176e-03 -9.286046597496755471e-04
4.940199999999999626e-03 -1.269304168725764225e-03
5.040000000000000209e-03 -1.531607094170898660e-03
5.141899999999999596e-03 -1.649711674669843749e-03
5.245699999999999842e-03 -1.696928966509434226e-03
5.351700000000000033e-03 -1.675772085024710865e-03
5.459799999999999896e-03 -1.655136264506666113e-03
5.570099999999999704e-03 -1.635002489731260736e-03
5.682600000000000325e-03 -1.615352659591953342e-03
5.797400000000000296e-03 -1.660069337949558440e-03
5.914499999999999619e-03 -1.703739172180813131e-03
6.034000000000000301e-03 -1.808826315732179908e-03
6.155899999999999740e-03 -1.788192244649817846e-03
6.280299999999999945e-03 -1.829157268736124158e-03
6.407200000000000048e-03 -1.869103073467451087e-03
6.536600000000000049e-03 -1.908397525760363025e-03
6.668600000000000222e-03 -1.887906165457566444e-03
6.803299999999999972e-03 -1.926276753582004944e-03
6.940799999999999574e-03 -2.021778119869922698e-03
7.080999999999999621e-03 -2.001086971747546590e-03
7.224000000000000386e-03 -2.037582774237539987e-03
7.369999999999999815e-03 -2.073584961334662760e-03
7.518900000000000236e-03 -2.109002890720091446e-03
7.670800000000000188e-03 -2.143977072596810977e-03
7.825699999999999670e-03 -2.178531442731630047e-03
7.983799999999999231e-03 -2.212688778864489812e-03
8.145100000000000603e-03 -2.246470777877955603e-03
8.309600000000000319e-03 -2.280019015769720481e-03
8.477500000000000660e-03 -2.365869508688889667e-03
8.648799999999999891e-03 -2.346378530416590516e-03
8.823499999999999746e-03 -2.379229424820222469e-03
9.001699999999999632e-03 -2.411927374581875408e-03
9.183600000000000096e-03 -2.495481420318283999e-03
9.369099999999999998e-03 -2.527679420732511454e-03
9.558300000000000476e-03 -2.509663516708169392e-03
9.751400000000000345e-03 -2.592095564303252553e-03
9.948399999999999604e-03 -2.624478467973911759e-03
1.014900000000000004e-02 -2.656958854921880313e-03
1.035400000000000036e-02 -2.689553933076855273e-03
1.056400000000000047e-02 -2.722412959997386282e-03
1.077700000000000012e-02 -2.755555150571394139e-03
1.099499999999999957e-02 -2.837017746862287131e-03
1.121699999999999954e-02 -2.870540675534054460e-03
1.144300000000000005e-02 -2.904556478597831917e-03
1.167499999999999961e-02 -2.938947887117711235e-03
1.191000000000000045e-02 -2.973874598438769074e-03
1.215100000000000034e-02 -3.009359491228841971e-03
1.239700000000000003e-02 -3.045426019046321760e-03
1.264700000000000026e-02 -3.128869855925279705e-03
1.290200000000000027e-02 -3.166180416567231874e-03
1.316299999999999935e-02 -3.204312305885748113e-03
1.342899999999999996e-02 -3.243296175723883040e-03
1.370000000000000037e-02 -3.283164032125065069e-03
1.397699999999999984e-02 -3.277858940042086954e-03
1.425900000000000084e-02 -3.319811237867375739e-03
1.454699999999999917e-02 -3.362741266807742820e-03
1.484100000000000003e-02 -3.452962616810285098e-03
1.514099999999999994e-02 -3.452326842550513218e-03
1.544700000000000066e-02 -3.498921667304408234e-03
1.575899999999999870e-02 -3.547001438582753161e-03
1.607700000000000101e-02 -3.550436006265789233e-03
1.640199999999999991e-02 -3.601444468907367882e-03
1.673399999999999888e-02 -3.654112625370433548e-03
1.707200000000000037e-02 -3.662073857348369446e-03
1.741600000000000092e-02 -3.718167510927212083e-03
1.776799999999999907e-02 -3.729434186028997116e-03
1.812700000000000075e-02 -3.742519338338223030e-03
1.849299999999999902e-02 -3.757284149659017008e-03
1.886699999999999836e-02 -3.821029721526833164e-03
1.924800000000000122e-02 -3.839686166078392932e-03
1.963700000000000168e-02 -3.860180645825945622e-03
2.003399999999999972e-02 -3.834911943034399143e-03
2.043800000000000130e-02 -3.859146130569246318e-03
2.085100000000000148e-02 -3.837098230979287938e-03
2.127199999999999924e-02 -3.865448238096714281e-03
2.170199999999999907e-02 -3.895948707905271934e-03
2.214100000000000096e-02 -3.879057977226232651e-03
2.258800000000000044e-02 -3.863624064093439288e-03
2.304399999999999851e-02 -3.799107981035545686e-03
2.350999999999999965e-02 -3.786139084073397547e-03
2.398499999999999938e-02 -3.774662564998232904e-03
2.446900000000000117e-02 -3.764710328796997112e-03
2.496400000000000008e-02 -3.703120139293068248e-03
2.546800000000000105e-02 -3.641820648895481658e-03
2.598200000000000162e-02 -3.580344499498278737e-03
2.650699999999999931e-02 -3.463730543282343092e-03
2.704300000000000107e-02 -3.345230595050585880e-03
2.758899999999999894e-02 -3.281102677710695005e-03
2.814600000000000088e-02 -3.158834433194704187e-03
2.871500000000000094e-02 -2.975411313879593612e-03
2.929500000000000159e-02 -2.905513621603545305e-03
2.988700000000000037e-02 -2.713542232484989804e-03
3.048999999999999974e-02 -2.515570243947855365e-03
3.110600000000000170e-02 -2.310984445645008177e-03
3.173499999999999932e-02 -2.099304183941223551e-03
3.237600000000000200e-02 -1.944769185486635655e-03
3.302999999999999686e-02 -1.586147976454374596e-03
3.369699999999999779e-02 -1.415523811566090718e-03
3.437799999999999884e-02 -1.031672432369424306e-03
3.507199999999999901e-02 -7.722279158019989100e-04
3.578100000000000031e-02 -3.584100966648802889e-04
3.650400000000000172e-02 0.000000000000000000e+00
3.724100000000000327e-02 3.740135436501002778e-04
3.799299999999999899e-02 8.408179360260512611e-04
3.876099999999999685e-02 1.171829359515677961e-03
3.954400000000000276e-02 1.676847919565761617e-03
4.034299999999999692e-02 2.122276529164262519e-03
4.115800000000000014e-02 2.586460079422591395e-03
4.198899999999999855e-02 3.155249281236595805e-03
4.283800000000000108e-02 3.660453799565699384e-03
4.370299999999999879e-02 4.185783374720044268e-03
4.458600000000000063e-02 4.731582985814348358e-03
4.548599999999999866e-02 5.204956448301624287e-03
4.640500000000000180e-02 5.694776210354234383e-03
4.734300000000000314e-02 6.297555086036366219e-03
4.829900000000000165e-02 6.820567141854938856e-03
4.927499999999999936e-02 7.337854962505350152e-03
5.027000000000000218e-02 7.816672484916612276e-03
5.128599999999999826e-02 8.274841523638734597e-03
5.232200000000000045e-02 8.710708057216881572e-03
5.337900000000000283e-02 9.122687810166771327e-03
5.445699999999999846e-02 9.509242000164629810e-03
5.555700000000000222e-02 9.857814789582490869e-03
5.668000000000000121e-02 1.018901011406458251e-02
5.782500000000000140e-02 1.050218422264582833e-02
5.899299999999999683e-02 1.077306722614440777e-02
6.018400000000000138e-02 1.102439131832930186e-02
6.140000000000000319e-02 1.126888538007174249e-02
6.264100000000000223e-02 1.150760685147994393e-02
6.390600000000000447e-02 1.174181787668319467e-02
6.519700000000000495e-02 1.201104953533589474e-02
6.651400000000000368e-02 1.228008503324627340e-02
6.785800000000000165e-02 1.260343999931552370e-02
6.922899999999999887e-02 1.298606419862345304e-02
7.062699999999999534e-02 1.344741822023864941e-02
7.205400000000000693e-02 1.400887985798933769e-02
7.351000000000000589e-02 1.467960767030266830e-02
7.499400000000000510e-02 1.548425573209183045e-02
7.650899999999999368e-02 1.646614824063039745e-02
7.805499999999999938e-02 1.762655221804758712e-02
7.963199999999999446e-02 1.898299781568199215e-02
8.124099999999999377e-02 2.057211672389950424e-02
8.288199999999999734e-02 2.240001832977674134e-02
8.455600000000000616e-02 2.447305084594491448e-02
8.626399999999999346e-02 2.681504415382316917e-02
8.800700000000000189e-02 2.939398269542498054e-02
8.978500000000000369e-02 3.224731348950944654e-02
9.159799999999999887e-02 3.535372861145686524e-02
9.344900000000000428e-02 3.866073885598606680e-02
9.533700000000000507e-02 4.216782621935628861e-02
9.726300000000000223e-02 4.579798354722132425e-02
9.922699999999999576e-02 4.950467184703973705e-02
1.012300000000000005e-01 5.320284922291532159e-02
1.032799999999999968e-01 5.684823763238670835e-02
1.053599999999999953e-01 6.030814261261258080e-02
1.074900000000000022e-01 6.354923711552427912e-02
1.096599999999999936e-01 6.649557102986590473e-02
1.118799999999999933e-01 6.906933962492914358e-02
1.141400000000000053e-01 7.133174479560960846e-02
1.164400000000000018e-01 7.324077770027100087e-02
1.188000000000000028e-01 7.488991738083106142e-02
1.212000000000000022e-01 7.637053716074759802e-02
1.236499999999999960e-01 7.774701715535631275e-02
1.261400000000000021e-01 7.920284536157969069e-02
1.286899999999999988e-01 8.086826568726317166e-02
1.312899999999999900e-01 8.288477154574021288e-02
1.339400000000000035e-01 8.540597053308097986e-02
1.366499999999999937e-01 8.858989411995665808e-02
1.394100000000000061e-01 9.260496491530516294e-02
1.422299999999999953e-01 9.747127199653925211e-02
1.451000000000000068e-01 1.032779765366619862e-01
1.480299999999999949e-01 1.100177922914161305e-01
1.510199999999999876e-01 1.177042340708548546e-01
1.540700000000000125e-01 1.261774322419982608e-01
1.571799999999999864e-01 1.353161675989004720e-01
1.603600000000000025e-01 1.447603452165824311e-01
1.635999999999999954e-01 1.542583032942450860e-01
1.668999999999999928e-01 1.633966433677893348e-01
1.702799999999999869e-01 1.717299947549803252e-01
1.737100000000000033e-01 1.790828481234082448e-01
1.772199999999999886e-01 1.853454203187585581e-01
1.807999999999999885e-01 1.907059527912923491e-01
1.844600000000000128e-01 1.953192734867214841e-01
1.881799999999999862e-01 1.996208550430527140e-01
1.919800000000000118e-01 2.041083062726145869e-01
1.958600000000000063e-01 2.091497644356417884e-01
1.998199999999999976e-01 2.152846116012523403e-01
2.038600000000000134e-01 2.230422119454672780e-01
2.079699999999999882e-01 2.326821283345178182e-01
2.121800000000000075e-01 2.442508267621560369e-01
2.164600000000000135e-01 2.575463863245573970e-01
2.208299999999999985e-01 2.720361797493188738e-01
2.253000000000000003e-01 2.870819442983026937e-01
2.298499999999999988e-01 3.019951644467810947e-01
2.344900000000000040e-01 3.160955358996299647e-01
2.392299999999999982e-01 3.288314765280716534e-01
2.440599999999999992e-01 3.398365267936963030e-01
2.489899999999999891e-01 3.494786246522896822e-01
2.540200000000000236e-01 3.582768275388066304e-01
2.591499999999999915e-01 3.673031949588708156e-01
2.643900000000000139e-01 3.773834955197657437e-01
2.697300000000000253e-01 3.894291274029167416e-01
2.751799999999999802e-01 4.038094111838214095e-01
2.807399999999999896e-01 4.204746752956916023e-01
2.864099999999999979e-01 4.388270933317878209e-01
2.921900000000000053e-01 4.579522740973595019e-01
2.980999999999999761e-01 4.767919613317601057e-01
3.041200000000000014e-01 4.944537139282533245e-01
3.102599999999999802e-01 5.104055604877834051e-01
3.165299999999999780e-01 5.249168647473237970e-01
3.229199999999999848e-01 5.388147752088371378e-01
3.294500000000000206e-01 5.532834640769570544e-01
3.361000000000000099e-01 5.693038675317750874e-01
3.428899999999999726e-01 5.874272112677669799e-01
3.498200000000000198e-01 6.076118641459201664e-01
3.568899999999999850e-01 6.290968970728133547e-01
3.640900000000000247e-01 6.506460999243475207e-01
3.714500000000000024e-01 6.713734326738862723e-01
3.789500000000000091e-01 6.909257801647917807e-01
3.866100000000000092e-01 7.094413283824542171e-01
3.944199999999999928e-01 7.278086356425061965e-01
4.023900000000000254e-01 7.471255664720373169e-01
4.105199999999999960e-01 7.679789579344949990e-01
4.188100000000000156e-01 7.903353099135972393e-01
4.272699999999999831e-01 8.134916943157177727e-01
4.359000000000000097e-01 8.365400311473804029e-01
4.447099999999999942e-01 8.588926248403455643e-01
4.536899999999999822e-01 8.805104726510928348e-01
4.628599999999999937e-01 9.020685639235651587e-01
4.722100000000000186e-01 9.241478825234991090e-01
4.817400000000000015e-01 9.472328715381546083e-01
4.914799999999999724e-01 9.711936792541510099e-01
5.014100000000000223e-01 9.953488775217833595e-01
5.115300000000000402e-01 1.019281281554917706e+00
5.218699999999999450e-01 1.042767814546019522e+00
5.324100000000000499e-01 1.066227595572688536e+00
5.431700000000000417e-01 1.090018203404943931e+00
5.541399999999999659e-01 1.114396031270864507e+00
5.653299999999999992e-01 1.139110401106773862e+00
5.767499999999999849e-01 1.163790950081693421e+00
5.884000000000000341e-01 1.188249332643543488e+00
6.002899999999999903e-01 1.212862739526768596e+00
6.124199999999999644e-01 1.237513618113151193e+00
6.247899999999999565e-01 1.262255393153857819e+00
6.374100000000000321e-01 1.287076015198406198e+00
6.502900000000000347e-01 1.311885453942749580e+00
6.634200000000000097e-01 1.336739034316074992e+00
6.768300000000000427e-01 1.361586587915446511e+00
6.905000000000000027e-01 1.386456797955271991e+00
7.044500000000000206e-01 1.411254898977325922e+00
7.186799999999999855e-01 1.436083141196234925e+00
7.331999999999999629e-01 1.460807105408981066e+00
7.480099999999999527e-01 1.485526102449075569e+00
7.631200000000000205e-01 1.510140868950295090e+00
7.785400000000000098e-01 1.534673394379211686e+00
7.942599999999999660e-01 1.559107769833900647e+00
8.103099999999999747e-01 1.583477556144412990e+00
8.266799999999999704e-01 1.607672762906794839e+00
8.433800000000000185e-01 1.631778117893582181e+00
8.604100000000000081e-01 1.655711316563423852e+00
8.778000000000000247e-01 1.679505289369398469e+00
8.955300000000000482e-01 1.703148618782690304e+00
9.136199999999999877e-01 1.726619386418289048e+00
9.320800000000000196e-01 1.749912601369409293e+00
9.509100000000000330e-01 1.772961079662149775e+00
9.701100000000000279e-01 1.795823928391653279e+00
9.897099999999999786e-01 1.818519916357064670e+00
1.009700000000000042e+00 1.840955142838408110e+00
1.030100000000000016e+00 1.863209866940620740e+00
1.050899999999999945e+00 1.885211304719732084e+00
1.072100000000000053e+00 1.906984263236213062e+00
1.093800000000000106e+00 1.928481405305987773e+00
1.115899999999999892e+00 1.949760457393629576e+00
1.138400000000000079e+00 1.970824404825153087e+00
1.161399999999999988e+00 1.991642890701364577e+00
1.184900000000000064e+00 2.012142527712445617e+00
1.208800000000000097e+00 2.032380117286161969e+00
1.233300000000000063e+00 2.052408171286057570e+00
1.258199999999999985e+00 2.072169586722031109e+00
1.283600000000000074e+00 2.091678656872041575e+00
1.309500000000000108e+00 2.110970125519921581e+00
1.336000000000000076e+00 2.129923276593757908e+00
1.362999999999999989e+00 2.148652539462777344e+00
1.390500000000000069e+00 2.167110103127235732e+00
1.418600000000000083e+00 2.185354292568270740e+00
1.447200000000000042e+00 2.203288097915854227e+00
1.476499999999999924e+00 2.221060582426775287e+00
1.506299999999999972e+00 2.238488975735263509e+00
1.536699999999999955e+00 2.255743383962352411e+00
1.567800000000000082e+00 2.272729461145928553e+00
1.599399999999999933e+00 2.289457419951510531e+00
1.631799999999999917e+00 2.305931656331537738e+00
1.664700000000000069e+00 2.322266289997918953e+00
1.698399999999999910e+00 2.338215290742401642e+00
1.732699999999999907e+00 2.354032021271254216e+00
1.767700000000000049e+00 2.369605446872767640e+00
1.803399999999999892e+00 2.384959219413285592e+00
1.839800000000000102e+00 2.400089642954163605e+00
1.877000000000000002e+00 2.415022413594835715e+00
1.914900000000000047e+00 2.429736875980446520e+00
1.953600000000000003e+00 2.444241921259298511e+00
1.993000000000000105e+00 2.458550115329740215e+00
2.033300000000000107e+00 2.472666781389595947e+00
2.074399999999999800e+00 2.486586348310415140e+00
2.116299999999999848e+00 2.500319703082039879e+00
2.158999999999999808e+00 2.513882752470736115e+00
2.202599999999999891e+00 2.527250709179084343e+00
2.247100000000000097e+00 2.540428398235714980e+00
2.292499999999999982e+00 2.553463391595028220e+00
2.338799999999999990e+00 2.566317790772481011e+00
2.386099999999999888e+00 2.579008815840383662e+00
2.434299999999999908e+00 2.591543012517266042e+00
2.483499999999999819e+00 2.603925614172682756e+00
2.533599999999999852e+00 2.616154298317097560e+00
2.584799999999999986e+00 2.628234790726200476e+00
2.637000000000000011e+00 2.640164309271466614e+00
2.690300000000000136e+00 2.651970126469307854e+00
2.744699999999999918e+00 2.663642169841071716e+00
2.800100000000000033e+00 2.675177076730516301e+00
2.856700000000000017e+00 2.686588614058967206e+00
2.914400000000000102e+00 2.697870955732196041e+00
2.973300000000000054e+00 2.709032607182829455e+00
3.033300000000000107e+00 2.720097702190727773e+00
3.094599999999999795e+00 2.731048563982691579e+00
3.157099999999999795e+00 2.741866292057828502e+00
3.220899999999999874e+00 2.752599295317452288e+00
3.286000000000000032e+00 2.763263066595268658e+00
3.352300000000000058e+00 2.773795278911704631e+00
3.420100000000000140e+00 2.784255577439396223e+00
3.489199999999999857e+00 2.794657456041482302e+00
3.559600000000000097e+00 2.804970343305178471e+00
3.631600000000000161e+00 2.815191807814264369e+00
3.704899999999999860e+00 2.825342691705355236e+00
3.779799999999999827e+00 2.835427525631352808e+00
3.856100000000000083e+00 2.845453247533463959e+00
3.934000000000000163e+00 2.855420358125938751e+00
4.013499999999999623e+00 2.865379397947748874e+00
4.094599999999999795e+00 2.875247175249211917e+00
4.177299999999999791e+00 2.885068199598493255e+00
4.261700000000000266e+00 2.894865818167291494e+00
4.347800000000000331e+00 2.904626961408951935e+00
4.435599999999999987e+00 2.914382547004022328e+00
4.525199999999999889e+00 2.924086377960231520e+00
4.616600000000000037e+00 2.933854996564581707e+00
4.709900000000000198e+00 2.943516895191472305e+00
4.804999999999999716e+00 2.953248183082616052e+00
4.902099999999999902e+00 2.962898654840058210e+00
5.001100000000000101e+00 2.972643533872952659e+00
5.102100000000000080e+00 2.982333234324742399e+00
5.205199999999999605e+00 2.992087712775939323e+00
5.310399999999999565e+00 3.001853403210584581e+00
5.417600000000000193e+00 3.011646048390689945e+00
5.527099999999999902e+00 3.021446748536520399e+00
5.638700000000000045e+00 3.031357695405003660e+00
5.752600000000000158e+00 3.041287969929197033e+00
5.868900000000000006e+00 3.051264930093825711e+00
5.987400000000000055e+00 3.061262318160276052e+00
6.108399999999999608e+00 3.071376119228948376e+00
6.231799999999999784e+00 3.081590506831561438e+00
6.357700000000000351e+00 3.091833070499197866e+00
6.486100000000000421e+00 3.102099093496577087e+00
6.617099999999999760e+00 3.112581360094596405e+00
6.750799999999999912e+00 3.123068377842294741e+00
6.887199999999999989e+00 3.133669620906414544e+00
7.026299999999999990e+00 3.144302308106991184e+00
7.168199999999999683e+00 3.155085540390808685e+00
7.312999999999999723e+00 3.165965138176099813e+00
7.460799999999999876e+00 3.176986384531820917e+00
7.611500000000000377e+00 3.188137784669885288e+00
7.765299999999999869e+00 3.199448341164682574e+00
7.922100000000000364e+00 3.210897584357927492e+00
8.082200000000000273e+00 3.222551399564430596e+00
8.245400000000000063e+00 3.234397040545059721e+00
8.412000000000000810e+00 3.246442886686395024e+00
8.581899999999999196e+00 3.258700724365941603e+00
8.755300000000000082e+00 3.271202817038207922e+00
8.932199999999999918e+00 3.283871001771375475e+00
9.112600000000000477e+00 3.296782105664728402e+00
9.296699999999999520e+00 3.309799037497592078e+00
9.484500000000000597e+00 3.323019355349847270e+00
9.676099999999999923e+00 3.336320533219030438e+00
9.871600000000000819e+00 3.349672864008764517e+00
1.007099999999999973e+01 3.363150530649667846e+00
1.027399999999999913e+01 3.376646798159248064e+00
