# # k[h/Mpc], logBoost (P^NLCDM_NL/P^NLCDM_L)
1.000000000000000048e-04 0.000000000000000000e+00
1.020200000000000024e-04 0.000000000000000000e+00
1.040800000000000064e-04 0.000000000000000000e+00
1.061800000000000032e-04 0.000000000000000000e+00
1.083300000000000013e-04 0.000000000000000000e+00
1.105200000000000057e-04 0.000000000000000000e+00
1.127500000000000030e-04 0.000000000000000000e+00
1.150300000000000015e-04 0.000000000000000000e+00
1.173500000000000064e-04 0.000000000000000000e+00
1.197199999999999989e-04 0.000000000000000000e+00
1.221399999999999927e-04 0.000000000000000000e+00
1.246099999999999877e-04 0.000000000000000000e+00
1.271199999999999891e-04 0.000000000000000000e+00
1.296899999999999865e-04 0.000000000000000000e+00
1.323100000000000122e-04 0.000000000000000000e+00
1.349900000000000069e-04 0.000000000000000000e+00
1.377100000000000080e-04 0.000000000000000000e+00
1.404900000000000051e-04 0.000000000000000000e+00
1.433299999999999982e-04 0.000000000000000000e+00
1.462299999999999874e-04 0.000000000000000000e+00
1.491800000000000049e-04 0.000000000000000000e+00
1.522000000000000132e-04 0.000000000000000000e+00
1.552699999999999957e-04 0.000000000000000000e+00
1.584099999999999961e-04 0.000000000000000000e+00
1.616099999999999926e-04 0.000000000000000000e+00
1.648700000000000122e-04 0.000000000000000000e+00
1.681999999999999956e-04 0.000000000000000000e+00
1.715999999999999969e-04 0.000000000000000000e+00
1.750699999999999891e-04 0.000000000000000000e+00
1.786000000000000044e-04 0.000000000000000000e+00
1.822100000000000054e-04 0.000000000000000000e+00
1.858899999999999973e-04 0.000000000000000000e+00
1.896500000000000020e-04 0.000000000000000000e+00
1.934799999999999975e-04 0.000000000000000000e+00
1.973900000000000058e-04 0.000000000000000000e+00
2.013799999999999998e-04 0.000000000000000000e+00
2.054400000000000117e-04 0.000000000000000000e+00
2.095900000000000042e-04 0.000000000000000000e+00
2.138300000000000042e-04 0.000000000000000000e+00
2.181499999999999900e-04 0.000000000000000000e+00
2.225499999999999885e-04 0.000000000000000000e+00
2.270499999999999895e-04 0.000000000000000000e+00
2.316399999999999980e-04 0.000000000000000000e+00
2.363199999999999871e-04 0.000000000000000000e+00
2.410900000000000109e-04 0.000000000000000000e+00
2.459599999999999829e-04 0.000000000000000000e+00
2.509300000000000115e-04 0.000000000000000000e+00
2.559999999999999884e-04 0.000000000000000000e+00
2.611700000000000219e-04 0.000000000000000000e+00
2.664499999999999985e-04 0.000000000000000000e+00
2.718299999999999775e-04 0.000000000000000000e+00
2.773200000000000079e-04 0.000000000000000000e+00
2.829199999999999814e-04 0.000000000000000000e+00
2.886400000000000012e-04 0.000000000000000000e+00
2.944700000000000182e-04 0.000000000000000000e+00
3.004199999999999731e-04 0.000000000000000000e+00
3.064899999999999743e-04 0.000000000000000000e+00
3.126800000000000217e-04 0.000000000000000000e+00
3.189900000000000070e-04 0.000000000000000000e+00
3.254399999999999741e-04 0.000000000000000000e+00
3.320099999999999874e-04 0.000000000000000000e+00
3.387199999999999825e-04 0.000000000000000000e+00
3.455600000000000186e-04 0.000000000000000000e+00
3.525399999999999823e-04 0.000000000000000000e+00
3.596599999999999819e-04 0.000000000000000000e+00
3.669300000000000122e-04 0.000000000000000000e+00
3.743400000000000243e-04 0.000000000000000000e+00
3.819000000000000129e-04 0.000000000000000000e+00
3.896200000000000271e-04 0.000000000000000000e+00
3.974900000000000178e-04 0.000000000000000000e+00
4.055199999999999799e-04 0.000000000000000000e+00
4.137100000000000217e-04 0.000000000000000000e+00
4.220699999999999756e-04 0.000000000000000000e+00
4.306000000000000040e-04 0.000000000000000000e+00
4.392900000000000038e-04 0.000000000000000000e+00
4.481700000000000137e-04 0.000000000000000000e+00
4.572199999999999897e-04 0.000000000000000000e+00
4.664599999999999758e-04 0.000000000000000000e+00
4.758799999999999771e-04 0.000000000000000000e+00
4.854999999999999832e-04 0.000000000000000000e+00
4.952999999999999504e-04 0.000000000000000000e+00
5.053100000000000256e-04 0.000000000000000000e+00
5.155199999999999973e-04 0.000000000000000000e+00
5.259299999999999739e-04 0.000000000000000000e+00
5.365600000000000534e-04 0.000000000000000000e+00
5.473900000000000293e-04 0.000000000000000000e+00
5.584500000000000488e-04 0.000000000000000000e+00
5.697299999999999543e-04 0.000000000000000000e+00
5.812400000000000119e-04 0.000000000000000000e+00
5.929900000000000535e-04 0.000000000000000000e+00
6.049599999999999813e-04 0.000000000000000000e+00
6.171899999999999912e-04 0.000000000000000000e+00
6.296500000000000447e-04 0.000000000000000000e+00
6.423699999999999636e-04 0.000000000000000000e+00
6.553499999999999647e-04 0.000000000000000000e+00
6.685900000000000480e-04 0.000000000000000000e+00
6.821000000000000457e-04 0.000000000000000000e+00
6.958799999999999578e-04 0.000000000000000000e+00
7.099300000000000012e-04 0.000000000000000000e+00
7.242699999999999486e-04 0.000000000000000000e+00
7.389099999999999575e-04 0.000000000000000000e+00
7.538300000000000382e-04 0.000000000000000000e+00
7.690600000000000127e-04 0.000000000000000000e+00
7.845999999999999893e-04 0.000000000000000000e+00
8.004499999999999680e-04 0.000000000000000000e+00
8.166199999999999978e-04 0.000000000000000000e+00
8.331099999999999704e-04 0.000000000000000000e+00
8.499399999999999837e-04 0.000000000000000000e+00
8.671100000000000379e-04 0.000000000000000000e+00
8.846299999999999650e-04 0.000000000000000000e+00
9.024999999999999819e-04 0.000000000000000000e+00
9.207300000000000293e-04 0.000000000000000000e+00
9.393300000000000477e-04 0.000000000000000000e+00
9.583099999999999778e-04 0.000000000000000000e+00
9.776699999999999280e-04 0.000000000000000000e+00
9.974199999999999473e-04 0.000000000000000000e+00
1.017600000000000015e-03 0.000000000000000000e+00
1.038099999999999917e-03 0.000000000000000000e+00
1.059100000000000102e-03 0.000000000000000000e+00
1.080500000000000080e-03 0.000000000000000000e+00
1.102300000000000068e-03 0.000000000000000000e+00
1.124599999999999905e-03 0.000000000000000000e+00
1.147299999999999969e-03 0.000000000000000000e+00
1.170500000000000099e-03 0.000000000000000000e+00
1.194100000000000023e-03 0.000000000000000000e+00
1.218200000000000012e-03 0.000000000000000000e+00
1.242899999999999908e-03 0.000000000000000000e+00
1.268000000000000030e-03 0.000000000000000000e+00
1.293600000000000002e-03 0.000000000000000000e+00
1.319700000000000040e-03 0.000000000000000000e+00
1.346399999999999984e-03 0.000000000000000000e+00
1.373599999999999995e-03 0.000000000000000000e+00
1.401300000000000072e-03 0.000000000000000000e+00
1.429600000000000055e-03 0.000000000000000000e+00
1.458499999999999944e-03 0.000000000000000000e+00
1.487999999999999956e-03 0.000000000000000000e+00
1.518000000000000035e-03 0.000000000000000000e+00
1.548700000000000077e-03 0.000000000000000000e+00
1.580000000000000024e-03 0.000000000000000000e+00
1.611900000000000095e-03 0.000000000000000000e+00
1.644499999999999912e-03 0.000000000000000000e+00
1.677700000000000068e-03 0.000000000000000000e+00
1.711599999999999970e-03 0.000000000000000000e+00
1.746200000000000052e-03 0.000000000000000000e+00
1.781400000000000041e-03 0.000000000000000000e+00
1.817400000000000048e-03 0.000000000000000000e+00
1.854100000000000019e-03 0.000000000000000000e+00
1.891600000000000009e-03 0.000000000000000000e+00
1.929799999999999962e-03 0.000000000000000000e+00
1.968800000000000151e-03 0.000000000000000000e+00
2.008600000000000142e-03 0.000000000000000000e+00
2.049099999999999880e-03 0.000000000000000000e+00
2.090499999999999910e-03 0.000000000000000000e+00
2.132799999999999800e-03 0.000000000000000000e+00
2.175799999999999870e-03 0.000000000000000000e+00
2.219800000000000072e-03 0.000000000000000000e+00
2.264599999999999860e-03 0.000000000000000000e+00
2.310400000000000214e-03 0.000000000000000000e+00
2.357099999999999994e-03 0.000000000000000000e+00
2.404700000000000067e-03 0.000000000000000000e+00
2.453299999999999838e-03 0.000000000000000000e+00
2.502799999999999903e-03 0.000000000000000000e+00
2.553399999999999941e-03 0.000000000000000000e+00
2.605000000000000111e-03 0.000000000000000000e+00
2.657599999999999980e-03 0.000000000000000000e+00
2.711299999999999821e-03 0.000000000000000000e+00
2.765999999999999796e-03 0.000000000000000000e+00
2.821900000000000016e-03 0.000000000000000000e+00
2.878900000000000209e-03 0.000000000000000000e+00
2.937100000000000214e-03 0.000000000000000000e+00
2.996400000000000192e-03 0.000000000000000000e+00
3.056899999999999982e-03 0.000000000000000000e+00
3.118699999999999858e-03 0.000000000000000000e+00
3.181699999999999980e-03 0.000000000000000000e+00
3.246000000000000187e-03 0.000000000000000000e+00
3.311500000000000207e-03 0.000000000000000000e+00
3.378400000000000153e-03 0.000000000000000000e+00
3.446700000000000024e-03 0.000000000000000000e+00
3.516299999999999981e-03 0.000000000000000000e+00
3.587400000000000137e-03 0.000000000000000000e+00
3.659799999999999946e-03 0.000000000000000000e+00
3.733799999999999793e-03 0.000000000000000000e+00
3.809199999999999999e-03 0.000000000000000000e+00
3.886099999999999971e-03 0.000000000000000000e+00
3.964600000000000415e-03 0.000000000000000000e+00
4.044700000000000031e-03 0.000000000000000000e+00
4.126399999999999686e-03 0.000000000000000000e+00
4.209799999999999653e-03 0.000000000000000000e+00
4.294799999999999660e-03 0.000000000000000000e+00
4.381600000000000251e-03 0.000000000000000000e+00
4.470100000000000288e-03 0.000000000000000000e+00
4.560400000000000044e-03 0.000000000000000000e+00
4.652500000000000385e-03 1.347164221355757379e-04
4.746499999999999851e-03 1.330760531605667803e-04
4.842400000000000176e-03 1.314751513857426027e-04
4.940199999999999626e-03 6.495404503590564355e-05
5.040000000000000209e-03 -1.283944278582759262e-04
5.141899999999999596e-03 -3.807589841660313605e-04
5.245699999999999842e-03 -6.901528021217817306e-04
5.351700000000000033e-03 -9.926174895290274490e-04
5.459799999999999896e-03 -1.227069299312777591e-03
5.570099999999999704e-03 -1.456399310771186060e-03
5.682600000000000325e-03 -1.560624566447969732e-03
5.797400000000000296e-03 -1.543943299573383989e-03
5.914499999999999619e-03 -1.468817278848094437e-03
6.034000000000000301e-03 -1.453530881802792213e-03
6.155899999999999740e-03 -1.496144829668139995e-03
6.280299999999999945e-03 -1.481059797930231936e-03
6.407200000000000048e-03 -1.466441323141996636e-03
6.536600000000000049e-03 -1.508001067700910549e-03
6.668600000000000222e-03 -1.548929888703655692e-03
6.803299999999999972e-03 -1.534415031437364558e-03
6.940799999999999574e-03 -1.574589710423245558e-03
7.080999999999999621e-03 -1.560440468375349533e-03
7.224000000000000386e-03 -1.600000341333491496e-03
7.369999999999999815e-03 -1.639041263648287816e-03
7.518900000000000236e-03 -1.625206785150365863e-03
7.670800000000000188e-03 -1.611855282033014493e-03
7.825699999999999670e-03 -1.650505841987431411e-03
7.983799999999999231e-03 -1.688714164333666263e-03
8.145100000000000603e-03 -1.675850378249713665e-03
8.309600000000000319e-03 -1.663432598698099405e-03
8.477500000000000660e-03 -1.701531788764695753e-03
8.648799999999999891e-03 -1.739346941178912054e-03
8.823499999999999746e-03 -1.727585019617372411e-03
9.001699999999999632e-03 -1.716317694827010788e-03
9.183600000000000096e-03 -1.705528761741720474e-03
9.369099999999999998e-03 -1.743595152824729778e-03
9.558300000000000476e-03 -1.733436489522567322e-03
9.751400000000000345e-03 -1.771649293867939888e-03
9.948399999999999604e-03 -1.762198917667903231e-03
1.014900000000000004e-02 -1.753264125759502893e-03
1.035400000000000036e-02 -1.744748515130766344e-03
1.056400000000000047e-02 -1.736804248167753270e-03
1.077700000000000012e-02 -1.729336038934679853e-03
1.099499999999999957e-02 -1.722412734089430290e-03
1.121699999999999954e-02 -1.715942450028798329e-03
1.144300000000000005e-02 -1.709994639672736925e-03
1.167499999999999961e-02 -1.658451570985616883e-03
1.191000000000000045e-02 -1.653652191258418854e-03
1.215100000000000034e-02 -1.649409335730421880e-03
1.239700000000000003e-02 -1.645639427883817309e-03
1.264700000000000026e-02 -1.596752089982995558e-03
1.290200000000000027e-02 -1.548551958205950790e-03
1.316299999999999935e-02 -1.501057845128596531e-03
1.342899999999999996e-02 -1.499557230084223045e-03
1.370000000000000037e-02 -1.453158604564750442e-03
1.397699999999999984e-02 -1.361903243006661046e-03
1.425900000000000084e-02 -1.316536338155995921e-03
1.454699999999999917e-02 -1.226241723244296360e-03
1.484100000000000003e-02 -1.227189209303268351e-03
1.514099999999999994e-02 -1.137578900007358337e-03
1.544700000000000066e-02 -1.048194239756769898e-03
1.575899999999999870e-02 -9.588822907717444496e-04
1.607700000000000101e-02 -8.695453741183695271e-04
1.640199999999999991e-02 -7.801565297833962459e-04
1.673399999999999888e-02 -6.445078945135413644e-04
1.707200000000000037e-02 -5.544261831171567534e-04
1.741600000000000092e-02 -4.174881192495398063e-04
1.776799999999999907e-02 -3.261654619694548288e-04
1.812700000000000075e-02 -1.873009932428845584e-04
1.849299999999999902e-02 -4.707765459991130756e-05
1.886699999999999836e-02 9.471042295280977178e-05
1.924800000000000122e-02 2.859457675681841026e-04
1.963700000000000168e-02 4.798464583434131634e-04
2.003399999999999972e-02 6.767535425304723601e-04
2.043800000000000130e-02 8.770220792122838472e-04
2.085100000000000148e-02 1.080974948027895507e-03
2.127199999999999924e-02 1.338588732634088526e-03
2.170199999999999907e-02 1.551590691418849952e-03
2.214100000000000096e-02 1.769509296623265069e-03
2.258800000000000044e-02 2.094990674520408411e-03
2.304399999999999851e-02 2.377016414795671360e-03
2.350999999999999965e-02 2.718955923405126564e-03
2.398499999999999938e-02 3.017551721944953299e-03
2.446900000000000117e-02 3.325113006789779443e-03
2.496400000000000008e-02 3.696861881326202626e-03
2.546800000000000105e-02 4.025481737978286144e-03
2.598200000000000162e-02 4.421442770313132112e-03
2.650699999999999931e-02 4.888039742674562746e-03
2.704300000000000107e-02 5.313631538973060710e-03
2.758899999999999894e-02 5.755580579939592600e-03
2.814600000000000088e-02 6.274108597807730864e-03
2.871500000000000094e-02 6.752466573037339305e-03
2.929500000000000159e-02 7.250225407640127281e-03
2.988700000000000037e-02 7.832278543040577592e-03
3.048999999999999974e-02 8.374179316347030860e-03
3.110600000000000170e-02 9.071251318353195162e-03
3.173499999999999932e-02 9.664504753696590358e-03
3.237600000000000200e-02 1.035284006003092845e-02
3.302999999999999686e-02 1.100105688850935154e-02
3.369699999999999779e-02 1.175051135731596148e-02
3.437799999999999884e-02 1.253360490669397885e-02
3.507199999999999901e-02 1.335153347084148089e-02
3.578100000000000031e-02 1.428266619863567156e-02
3.650400000000000172e-02 1.509818725094553594e-02
3.724100000000000327e-02 1.594878751391777191e-02
3.799299999999999899e-02 1.691808455501692468e-02
3.876099999999999685e-02 1.792708250363550873e-02
3.954400000000000276e-02 1.897721696806826952e-02
4.034299999999999692e-02 2.006815705157977137e-02
4.115800000000000014e-02 2.110896321023526465e-02
4.198899999999999855e-02 2.218584658094591155e-02
4.283800000000000108e-02 2.349005169844508786e-02
4.370299999999999879e-02 2.454530891149773325e-02
4.458600000000000063e-02 2.582984725520030833e-02
4.548599999999999866e-02 2.709043285481489011e-02
4.640500000000000180e-02 2.838288957840199439e-02
4.734300000000000314e-02 2.969236832144919042e-02
4.829900000000000165e-02 3.103578469413574917e-02
4.927499999999999936e-02 3.238633700795875286e-02
5.027000000000000218e-02 3.375083140641841478e-02
5.128599999999999826e-02 3.513901718003545338e-02
5.232200000000000045e-02 3.651434904417050209e-02
5.337900000000000283e-02 3.793429647197962135e-02
5.445699999999999846e-02 3.935030185332805130e-02
5.555700000000000222e-02 4.077580700757388321e-02
5.668000000000000121e-02 4.223775630063905662e-02
5.782500000000000140e-02 4.370103102803406941e-02
5.899299999999999683e-02 4.519375669666148704e-02
6.018400000000000138e-02 4.669544831305279253e-02
6.140000000000000319e-02 4.824996005309260816e-02
6.264100000000000223e-02 4.981036381212645969e-02
6.390600000000000447e-02 5.142521180743718501e-02
6.519700000000000495e-02 5.307598615099273776e-02
6.651400000000000368e-02 5.477466879247688825e-02
6.785800000000000165e-02 5.653366659564337121e-02
6.922899999999999887e-02 5.835494004641494925e-02
7.062699999999999534e-02 6.025488903883926411e-02
7.205400000000000693e-02 6.222425096279366602e-02
7.351000000000000589e-02 6.429797708765569442e-02
7.499400000000000510e-02 6.646680785599619334e-02
7.650899999999999368e-02 6.875381422042695090e-02
7.805499999999999938e-02 7.116208465665942173e-02
7.963199999999999446e-02 7.372792705046252171e-02
8.124099999999999377e-02 7.643678192847554176e-02
8.288199999999999734e-02 7.931522763075211924e-02
8.455600000000000616e-02 8.237255132339003916e-02
8.626399999999999346e-02 8.561092391357959241e-02
8.800700000000000189e-02 8.906475670658739463e-02
8.978500000000000369e-02 9.272466592615336012e-02
9.159799999999999887e-02 9.659843629278605515e-02
9.344900000000000428e-02 1.006809747796420934e-01
9.533700000000000507e-02 1.049868848388500753e-01
9.726300000000000223e-02 1.093983187521778561e-01
9.922699999999999576e-02 1.139815095401294498e-01
1.012300000000000005e-01 1.186746295363141079e-01
1.032799999999999968e-01 1.233782082895052840e-01
1.053599999999999953e-01 1.280557234383142284e-01
1.074900000000000022e-01 1.326294057323773312e-01
1.096599999999999936e-01 1.370019430154063578e-01
1.118799999999999933e-01 1.411991367820006893e-01
1.141400000000000053e-01 1.451392876648835706e-01
1.164400000000000018e-01 1.488284070421705962e-01
1.188000000000000028e-01 1.522382224895182934e-01
1.212000000000000022e-01 1.555608628927948600e-01
1.236499999999999960e-01 1.587333719671099319e-01
1.261400000000000021e-01 1.619674745751569223e-01
1.286899999999999988e-01 1.653247499325834202e-01
1.312899999999999900e-01 1.688821026286733973e-01
1.339400000000000035e-01 1.727711684499898259e-01
1.366499999999999937e-01 1.770665013789911035e-01
1.394100000000000061e-01 1.818896846214032581e-01
1.422299999999999953e-01 1.873447022382499494e-01
1.451000000000000068e-01 1.934248441675788521e-01
1.480299999999999949e-01 2.002814540886641570e-01
1.510199999999999876e-01 2.079104203429889830e-01
1.540700000000000125e-01 2.163067403222695417e-01
1.571799999999999864e-01 2.253797671581116158e-01
1.603600000000000025e-01 2.349844585673615815e-01
1.635999999999999954e-01 2.447933915915016245e-01
1.668999999999999928e-01 2.545127334467078284e-01
1.702799999999999869e-01 2.637998464737726367e-01
1.737100000000000033e-01 2.723125751206794676e-01
1.772199999999999886e-01 2.799106769024866104e-01
1.807999999999999885e-01 2.866073159428798034e-01
1.844600000000000128e-01 2.924782447152738940e-01
1.881799999999999862e-01 2.977091849232985088e-01
1.919800000000000118e-01 3.027316559228120929e-01
1.958600000000000063e-01 3.080828329606114524e-01
1.998199999999999976e-01 3.141862696238016950e-01
2.038600000000000134e-01 3.215220750313860787e-01
2.079699999999999882e-01 3.303800741059592094e-01
2.121800000000000075e-01 3.407801848035796888e-01
2.164600000000000135e-01 3.527698754104350853e-01
2.208299999999999985e-01 3.662573548056466954e-01
2.253000000000000003e-01 3.808067888976608417e-01
2.298499999999999988e-01 3.956863374416750845e-01
2.344900000000000040e-01 4.100761526836831372e-01
2.392299999999999982e-01 4.232927766824414184e-01
2.440599999999999992e-01 4.349438046445276984e-01
2.489899999999999891e-01 4.449524711987160597e-01
2.540200000000000236e-01 4.536235789162697540e-01
2.591499999999999915e-01 4.617821971341798948e-01
2.643900000000000139e-01 4.704729475694970353e-01
2.697300000000000253e-01 4.806600031994393563e-01
2.751799999999999802e-01 4.929347526134419955e-01
2.807399999999999896e-01 5.074677617397699292e-01
2.864099999999999979e-01 5.240782061112286838e-01
2.921900000000000053e-01 5.421502309017292021e-01
2.980999999999999761e-01 5.605722256119006763e-01
3.041200000000000014e-01 5.780881299166671372e-01
3.102599999999999802e-01 5.939697069494938031e-01
3.165299999999999780e-01 6.079683722999480455e-01
3.229199999999999848e-01 6.206554667234377431e-01
3.294500000000000206e-01 6.330459342610541551e-01
3.361000000000000099e-01 6.464637462050744077e-01
3.428899999999999726e-01 6.618894253183446041e-01
3.498200000000000198e-01 6.796757273128283261e-01
3.568899999999999850e-01 6.993525686082865400e-01
3.640900000000000247e-01 7.198606113859161715e-01
3.714500000000000024e-01 7.399482009004075822e-01
3.789500000000000091e-01 7.587690471308425888e-01
3.866100000000000092e-01 7.760411971165596112e-01
3.944199999999999928e-01 7.924228068718514040e-01
4.023900000000000254e-01 8.091997021893017061e-01
4.105199999999999960e-01 8.273430344699715944e-01
4.188100000000000156e-01 8.473455214219336451e-01
4.272699999999999831e-01 8.688051314091194133e-01
4.359000000000000097e-01 8.906987735011302476e-01
4.447099999999999942e-01 9.120797327437312196e-01
4.536899999999999822e-01 9.324619181558776448e-01
4.628599999999999937e-01 9.521204712879741683e-01
4.722100000000000186e-01 9.720765838938090209e-01
4.817400000000000015e-01 9.929612249311505767e-01
4.914799999999999724e-01 1.015146745244425164e+00
5.014100000000000223e-01 1.038050277900407492e+00
5.115300000000000402e-01 1.060931180640035887e+00
5.218699999999999450e-01 1.083390799062726728e+00
5.324100000000000499e-01 1.105392547871884679e+00
5.431700000000000417e-01 1.127579529523947244e+00
5.541399999999999659e-01 1.150416338029353724e+00
5.653299999999999992e-01 1.174105607339221535e+00
5.767499999999999849e-01 1.198044493538772182e+00
5.884000000000000341e-01 1.221915543073353039e+00
6.002899999999999903e-01 1.245687601421657575e+00
6.124199999999999644e-01 1.269511152714219993e+00
6.247899999999999565e-01 1.293470375180977516e+00
6.374100000000000321e-01 1.317623774711868645e+00
6.502900000000000347e-01 1.342018248929481405e+00
6.634200000000000097e-01 1.366650924556252145e+00
6.768300000000000427e-01 1.391443558599618990e+00
6.905000000000000027e-01 1.416465909191358508e+00
7.044500000000000206e-01 1.441670614900121494e+00
7.186799999999999855e-01 1.466980467262507304e+00
7.331999999999999629e-01 1.492447815491717344e+00
7.480099999999999527e-01 1.517986689037613690e+00
7.631200000000000205e-01 1.543657063331864032e+00
7.785400000000000098e-01 1.569397367947549249e+00
7.942599999999999660e-01 1.595232544184572721e+00
8.103099999999999747e-01 1.621078493847884161e+00
8.266799999999999704e-01 1.646992462116804834e+00
8.433800000000000185e-01 1.672970388973471279e+00
8.604100000000000081e-01 1.699012025887997490e+00
8.778000000000000247e-01 1.725150265031572649e+00
8.955300000000000482e-01 1.751261004742968419e+00
9.136199999999999877e-01 1.777415660830178323e+00
9.320800000000000196e-01 1.803625904362909038e+00
9.509100000000000330e-01 1.829896513954837545e+00
9.701100000000000279e-01 1.856227446116716973e+00
9.897099999999999786e-01 1.882562525980448598e+00
1.009700000000000042e+00 1.908906394155022390e+00
1.030100000000000016e+00 1.935162437980059602e+00
1.050899999999999945e+00 1.961558937415187831e+00
1.072100000000000053e+00 1.987903646759068277e+00
1.093800000000000106e+00 2.014220426659105723e+00
1.115899999999999892e+00 2.040544086974496629e+00
1.138400000000000079e+00 2.066808893222861876e+00
1.161399999999999988e+00 2.092986034699191311e+00
1.184900000000000064e+00 2.119205974536332082e+00
1.208800000000000097e+00 2.145337476656254072e+00
1.233300000000000063e+00 2.171463316096665874e+00
1.258199999999999985e+00 2.197510379114218981e+00
1.283600000000000074e+00 2.223432288844057414e+00
1.309500000000000108e+00 2.249328473900627845e+00
1.336000000000000076e+00 2.275152711419555107e+00
1.362999999999999989e+00 2.300864156017528472e+00
1.390500000000000069e+00 2.326512383698984276e+00
1.418600000000000083e+00 2.352013545139076900e+00
1.447200000000000042e+00 2.377454655639311909e+00
1.476499999999999924e+00 2.402743405605565208e+00
1.506299999999999972e+00 2.427960348252293343e+00
1.536699999999999955e+00 2.453052938459495902e+00
1.567800000000000082e+00 2.478012033779743550e+00
1.599399999999999933e+00 2.502845928315230672e+00
1.631799999999999917e+00 2.527571850793174146e+00
1.664700000000000069e+00 2.552124428108620169e+00
1.698399999999999910e+00 2.576557425082094621e+00
1.732699999999999907e+00 2.600840266755255925e+00
1.767700000000000049e+00 2.624958151681501484e+00
1.803399999999999892e+00 2.648920537606649805e+00
1.839800000000000102e+00 2.672741651983774336e+00
1.877000000000000002e+00 2.696376126078400493e+00
1.914900000000000047e+00 2.719866261246815853e+00
1.953600000000000003e+00 2.743178604485315475e+00
1.993000000000000105e+00 2.766297879008940086e+00
2.033300000000000107e+00 2.789240355832223184e+00
2.074399999999999800e+00 2.812013419242741286e+00
2.116299999999999848e+00 2.834610121598297727e+00
2.158999999999999808e+00 2.856989542494065226e+00
2.202599999999999891e+00 2.879178452854194603e+00
2.247100000000000097e+00 2.901175629121942823e+00
2.292499999999999982e+00 2.922997566376644762e+00
2.338799999999999990e+00 2.944593656542050297e+00
2.386099999999999888e+00 2.965969592917361286e+00
2.434299999999999908e+00 2.987185922166092578e+00
2.483499999999999819e+00 3.008169303234133451e+00
2.533599999999999852e+00 3.028955522886540130e+00
2.584799999999999986e+00 3.049524738096722309e+00
2.637000000000000011e+00 3.069858431857505288e+00
2.690300000000000136e+00 3.089973740908577682e+00
2.744699999999999918e+00 3.109872180399218866e+00
2.800100000000000033e+00 3.129617215726582469e+00
2.856700000000000017e+00 3.149057989202467933e+00
2.914400000000000102e+00 3.168295441325701400e+00
2.973300000000000054e+00 3.187341393643082998e+00
3.033300000000000107e+00 3.206104824880789739e+00
3.094599999999999795e+00 3.224669548122732543e+00
3.157099999999999795e+00 3.243064067899886549e+00
3.220899999999999874e+00 3.261178204558889959e+00
3.286000000000000032e+00 3.279047773835044755e+00
3.352300000000000058e+00 3.296724177508863374e+00
3.420100000000000140e+00 3.314156864383889012e+00
3.489199999999999857e+00 3.331346625689723950e+00
3.559600000000000097e+00 3.348338335996514203e+00
3.631600000000000161e+00 3.365096334183912408e+00
3.704899999999999860e+00 3.381594318036687863e+00
3.779799999999999827e+00 3.397896834206024952e+00
3.856100000000000083e+00 3.413982745633019622e+00
3.934000000000000163e+00 3.429803367384943513e+00
4.013499999999999623e+00 3.445459951110362962e+00
4.094599999999999795e+00 3.460841521556548450e+00
4.177299999999999791e+00 3.476036396182976329e+00
4.261700000000000266e+00 3.491012297257524377e+00
4.347800000000000331e+00 3.505739140296200596e+00
4.435599999999999987e+00 3.520305889807218147e+00
4.525199999999999889e+00 3.534642895358737658e+00
4.616600000000000037e+00 3.548759506798825125e+00
4.709900000000000198e+00 3.562631173440865773e+00
4.804999999999999716e+00 3.576372289819937045e+00
4.902099999999999902e+00 3.589888922010956662e+00
5.001100000000000101e+00 3.603198041411313390e+00
5.102100000000000080e+00 3.616250630438610170e+00
5.205199999999999605e+00 3.629182892938479288e+00
5.310399999999999565e+00 3.641886681112951774e+00
5.417600000000000193e+00 3.654464564072839483e+00
5.527099999999999902e+00 3.666778435624579391e+00
5.638700000000000045e+00 3.678984225626977356e+00
5.752600000000000158e+00 3.690949317463430468e+00
5.868900000000000006e+00 3.702742360082906359e+00
5.987400000000000055e+00 3.714430791197328663e+00
6.108399999999999608e+00 3.725872629913225431e+00
6.231799999999999784e+00 3.737201546431340393e+00
6.357700000000000351e+00 3.748344802624449468e+00
6.486100000000000421e+00 3.759345315056711545e+00
6.617099999999999760e+00 3.770197560522408065e+00
6.750799999999999912e+00 3.780897099381710369e+00
6.887199999999999989e+00 3.791463005809615705e+00
7.026299999999999990e+00 3.801827216659128705e+00
7.168199999999999683e+00 3.812112094537884577e+00
7.312999999999999723e+00 3.822231947665420737e+00
7.460799999999999876e+00 3.832283749273216689e+00
7.611500000000000377e+00 3.842125076595911182e+00
7.765299999999999869e+00 3.851850076579832471e+00
7.922100000000000364e+00 3.861475788550404964e+00
8.082200000000000273e+00 3.870957644968560984e+00
8.245400000000000063e+00 3.880266382016704263e+00
8.412000000000000810e+00 3.889450770694018011e+00
8.581899999999999196e+00 3.898575691605783877e+00
8.755300000000000082e+00 3.907539211705731041e+00
8.932199999999999918e+00 3.916417805652244066e+00
9.112600000000000477e+00 3.925163925963181200e+00
9.296699999999999520e+00 3.933851803317738316e+00
9.484500000000000597e+00 3.942482481852925602e+00
9.676099999999999923e+00 3.951046800833116546e+00
9.871600000000000819e+00 3.959553857913838737e+00
1.007099999999999973e+01 3.968061565218967246e+00
1.027399999999999913e+01 3.976518345609745708e+00
