#           k/h    P           
    0.10000E-03    0.29698E+03
    0.10202E-03    0.30290E+03
    0.10408E-03    0.30894E+03
    0.10618E-03    0.31510E+03
    0.10833E-03    0.32138E+03
    0.11052E-03    0.32778E+03
    0.11275E-03    0.33432E+03
    0.11503E-03    0.34098E+03
    0.11735E-03    0.34778E+03
    0.11972E-03    0.35471E+03
    0.12214E-03    0.36178E+03
    0.12461E-03    0.36899E+03
    0.12712E-03    0.37635E+03
    0.12969E-03    0.38385E+03
    0.13231E-03    0.39150E+03
    0.13499E-03    0.39930E+03
    0.13771E-03    0.40726E+03
    0.14049E-03    0.41537E+03
    0.14333E-03    0.42365E+03
    0.14623E-03    0.43209E+03
    0.14918E-03    0.44070E+03
    0.15220E-03    0.44948E+03
    0.15527E-03    0.45844E+03
    0.15841E-03    0.46757E+03
    0.16161E-03    0.47688E+03
    0.16487E-03    0.48638E+03
    0.16820E-03    0.49607E+03
    0.17160E-03    0.50595E+03
    0.17507E-03    0.51603E+03
    0.17860E-03    0.52631E+03
    0.18221E-03    0.53679E+03
    0.18589E-03    0.54748E+03
    0.18965E-03    0.55838E+03
    0.19348E-03    0.56950E+03
    0.19739E-03    0.58084E+03
    0.20138E-03    0.59241E+03
    0.20544E-03    0.60420E+03
    0.20959E-03    0.61623E+03
    0.21383E-03    0.62849E+03
    0.21815E-03    0.64100E+03
    0.22255E-03    0.65376E+03
    0.22705E-03    0.66677E+03
    0.23164E-03    0.68004E+03
    0.23632E-03    0.69357E+03
    0.24109E-03    0.70737E+03
    0.24596E-03    0.72144E+03
    0.25093E-03    0.73579E+03
    0.25600E-03    0.75042E+03
    0.26117E-03    0.76535E+03
    0.26645E-03    0.78056E+03
    0.27183E-03    0.79608E+03
    0.27732E-03    0.81191E+03
    0.28292E-03    0.82805E+03
    0.28864E-03    0.84450E+03
    0.29447E-03    0.86129E+03
    0.30042E-03    0.87840E+03
    0.30649E-03    0.89585E+03
    0.31268E-03    0.91364E+03
    0.31899E-03    0.93179E+03
    0.32544E-03    0.95029E+03
    0.33201E-03    0.96915E+03
    0.33872E-03    0.98839E+03
    0.34556E-03    0.10080E+04
    0.35254E-03    0.10280E+04
    0.35966E-03    0.10484E+04
    0.36693E-03    0.10692E+04
    0.37434E-03    0.10904E+04
    0.38190E-03    0.11120E+04
    0.38962E-03    0.11340E+04
    0.39749E-03    0.11565E+04
    0.40552E-03    0.11794E+04
    0.41371E-03    0.12028E+04
    0.42207E-03    0.12266E+04
    0.43060E-03    0.12509E+04
    0.43929E-03    0.12756E+04
    0.44817E-03    0.13009E+04
    0.45722E-03    0.13266E+04
    0.46646E-03    0.13528E+04
    0.47588E-03    0.13796E+04
    0.48550E-03    0.14068E+04
    0.49530E-03    0.14346E+04
    0.50531E-03    0.14629E+04
    0.51552E-03    0.14918E+04
    0.52593E-03    0.15213E+04
    0.53656E-03    0.15513E+04
    0.54739E-03    0.15818E+04
    0.55845E-03    0.16130E+04
    0.56973E-03    0.16448E+04
    0.58124E-03    0.16772E+04
    0.59299E-03    0.17102E+04
    0.60496E-03    0.17438E+04
    0.61719E-03    0.17781E+04
    0.62965E-03    0.18130E+04
    0.64237E-03    0.18486E+04
    0.65535E-03    0.18849E+04
    0.66859E-03    0.19219E+04
    0.68210E-03    0.19596E+04
    0.69588E-03    0.19980E+04
    0.70993E-03    0.20371E+04
    0.72427E-03    0.20770E+04
    0.73891E-03    0.21176E+04
    0.75383E-03    0.21590E+04
    0.76906E-03    0.22012E+04
    0.78460E-03    0.22442E+04
    0.80045E-03    0.22879E+04
    0.81662E-03    0.23325E+04
    0.83311E-03    0.23780E+04
    0.84994E-03    0.24243E+04
    0.86711E-03    0.24714E+04
    0.88463E-03    0.25194E+04
    0.90250E-03    0.25683E+04
    0.92073E-03    0.26182E+04
    0.93933E-03    0.26689E+04
    0.95831E-03    0.27206E+04
    0.97767E-03    0.27732E+04
    0.99742E-03    0.28268E+04
    0.10176E-02    0.28814E+04
    0.10381E-02    0.29370E+04
    0.10591E-02    0.29936E+04
    0.10805E-02    0.30512E+04
    0.11023E-02    0.31099E+04
    0.11246E-02    0.31696E+04
    0.11473E-02    0.32304E+04
    0.11705E-02    0.32924E+04
    0.11941E-02    0.33554E+04
    0.12182E-02    0.34195E+04
    0.12429E-02    0.34848E+04
    0.12680E-02    0.35512E+04
    0.12936E-02    0.36189E+04
    0.13197E-02    0.36877E+04
    0.13464E-02    0.37577E+04
    0.13736E-02    0.38289E+04
    0.14013E-02    0.39014E+04
    0.14296E-02    0.39752E+04
    0.14585E-02    0.40502E+04
    0.14880E-02    0.41265E+04
    0.15180E-02    0.42041E+04
    0.15487E-02    0.42831E+04
    0.15800E-02    0.43634E+04
    0.16119E-02    0.44450E+04
    0.16445E-02    0.45280E+04
    0.16777E-02    0.46125E+04
    0.17116E-02    0.46983E+04
    0.17462E-02    0.47855E+04
    0.17814E-02    0.48742E+04
    0.18174E-02    0.49644E+04
    0.18541E-02    0.50560E+04
    0.18916E-02    0.51491E+04
    0.19298E-02    0.52437E+04
    0.19688E-02    0.53398E+04
    0.20086E-02    0.54374E+04
    0.20491E-02    0.55366E+04
    0.20905E-02    0.56373E+04
    0.21328E-02    0.57396E+04
    0.21758E-02    0.58435E+04
    0.22198E-02    0.59490E+04
    0.22646E-02    0.60561E+04
    0.23104E-02    0.61648E+04
    0.23571E-02    0.62751E+04
    0.24047E-02    0.63871E+04
    0.24533E-02    0.65007E+04
    0.25028E-02    0.66160E+04
    0.25534E-02    0.67330E+04
    0.26050E-02    0.68516E+04
    0.26576E-02    0.69719E+04
    0.27113E-02    0.70939E+04
    0.27660E-02    0.72176E+04
    0.28219E-02    0.73430E+04
    0.28789E-02    0.74701E+04
    0.29371E-02    0.75988E+04
    0.29964E-02    0.77293E+04
    0.30569E-02    0.78615E+04
    0.31187E-02    0.79955E+04
    0.31817E-02    0.81311E+04
    0.32460E-02    0.82684E+04
    0.33115E-02    0.84074E+04
    0.33784E-02    0.85481E+04
    0.34467E-02    0.86905E+04
    0.35163E-02    0.88346E+04
    0.35874E-02    0.89803E+04
    0.36598E-02    0.91277E+04
    0.37338E-02    0.92768E+04
    0.38092E-02    0.94275E+04
    0.38861E-02    0.95798E+04
    0.39646E-02    0.97337E+04
    0.40447E-02    0.98892E+04
    0.41264E-02    0.10046E+05
    0.42098E-02    0.10205E+05
    0.42948E-02    0.10365E+05
    0.43816E-02    0.10527E+05
    0.44701E-02    0.10690E+05
    0.45604E-02    0.10854E+05
    0.46525E-02    0.11020E+05
    0.47465E-02    0.11187E+05
    0.48424E-02    0.11356E+05
    0.49402E-02    0.11526E+05
    0.50400E-02    0.11697E+05
    0.51419E-02    0.11869E+05
    0.52457E-02    0.12042E+05
    0.53517E-02    0.12217E+05
    0.54598E-02    0.12393E+05
    0.55701E-02    0.12569E+05
    0.56826E-02    0.12747E+05
    0.57974E-02    0.12925E+05
    0.59145E-02    0.13104E+05
    0.60340E-02    0.13284E+05
    0.61559E-02    0.13465E+05
    0.62803E-02    0.13646E+05
    0.64072E-02    0.13827E+05
    0.65366E-02    0.14009E+05
    0.66686E-02    0.14192E+05
    0.68033E-02    0.14375E+05
    0.69408E-02    0.14558E+05
    0.70810E-02    0.14740E+05
    0.72240E-02    0.14923E+05
    0.73700E-02    0.15106E+05
    0.75189E-02    0.15289E+05
    0.76708E-02    0.15471E+05
    0.78257E-02    0.15653E+05
    0.79838E-02    0.15834E+05
    0.81451E-02    0.16014E+05
    0.83096E-02    0.16194E+05
    0.84775E-02    0.16372E+05
    0.86488E-02    0.16550E+05
    0.88235E-02    0.16726E+05
    0.90017E-02    0.16901E+05
    0.91836E-02    0.17075E+05
    0.93691E-02    0.17246E+05
    0.95583E-02    0.17416E+05
    0.97514E-02    0.17584E+05
    0.99484E-02    0.17750E+05
    0.10149E-01    0.17913E+05
    0.10354E-01    0.18074E+05
    0.10564E-01    0.18232E+05
    0.10777E-01    0.18387E+05
    0.10995E-01    0.18539E+05
    0.11217E-01    0.18688E+05
    0.11443E-01    0.18833E+05
    0.11675E-01    0.18975E+05
    0.11910E-01    0.19112E+05
    0.12151E-01    0.19246E+05
    0.12397E-01    0.19375E+05
    0.12647E-01    0.19500E+05
    0.12902E-01    0.19620E+05
    0.13163E-01    0.19735E+05
    0.13429E-01    0.19845E+05
    0.13700E-01    0.19949E+05
    0.13977E-01    0.20048E+05
    0.14259E-01    0.20141E+05
    0.14547E-01    0.20227E+05
    0.14841E-01    0.20308E+05
    0.15141E-01    0.20381E+05
    0.15447E-01    0.20448E+05
    0.15759E-01    0.20508E+05
    0.16077E-01    0.20560E+05
    0.16402E-01    0.20605E+05
    0.16734E-01    0.20642E+05
    0.17072E-01    0.20670E+05
    0.17416E-01    0.20691E+05
    0.17768E-01    0.20703E+05
    0.18127E-01    0.20707E+05
    0.18493E-01    0.20701E+05
    0.18867E-01    0.20687E+05
    0.19248E-01    0.20663E+05
    0.19637E-01    0.20630E+05
    0.20034E-01    0.20587E+05
    0.20438E-01    0.20534E+05
    0.20851E-01    0.20472E+05
    0.21272E-01    0.20400E+05
    0.21702E-01    0.20317E+05
    0.22141E-01    0.20224E+05
    0.22588E-01    0.20121E+05
    0.23044E-01    0.20008E+05
    0.23510E-01    0.19885E+05
    0.23985E-01    0.19751E+05
    0.24469E-01    0.19607E+05
    0.24964E-01    0.19453E+05
    0.25468E-01    0.19290E+05
    0.25982E-01    0.19116E+05
    0.26507E-01    0.18933E+05
    0.27043E-01    0.18740E+05
    0.27589E-01    0.18538E+05
    0.28146E-01    0.18327E+05
    0.28715E-01    0.18108E+05
    0.29295E-01    0.17880E+05
    0.29887E-01    0.17645E+05
    0.30490E-01    0.17403E+05
    0.31106E-01    0.17154E+05
    0.31735E-01    0.16898E+05
    0.32376E-01    0.16637E+05
    0.33030E-01    0.16371E+05
    0.33697E-01    0.16100E+05
    0.34378E-01    0.15826E+05
    0.35072E-01    0.15549E+05
    0.35781E-01    0.15269E+05
    0.36504E-01    0.14988E+05
    0.37241E-01    0.14706E+05
    0.37993E-01    0.14424E+05
    0.38761E-01    0.14142E+05
    0.39544E-01    0.13863E+05
    0.40343E-01    0.13585E+05
    0.41158E-01    0.13311E+05
    0.41989E-01    0.13041E+05
    0.42838E-01    0.12775E+05
    0.43703E-01    0.12516E+05
    0.44586E-01    0.12262E+05
    0.45486E-01    0.12014E+05
    0.46405E-01    0.11774E+05
    0.47343E-01    0.11540E+05
    0.48299E-01    0.11313E+05
    0.49275E-01    0.11095E+05
    0.50270E-01    0.10886E+05
    0.51286E-01    0.10687E+05
    0.52322E-01    0.10499E+05
    0.53379E-01    0.10321E+05
    0.54457E-01    0.10153E+05
    0.55557E-01    0.99936E+04
    0.56680E-01    0.98424E+04
    0.57825E-01    0.96986E+04
    0.58993E-01    0.95616E+04
    0.60184E-01    0.94310E+04
    0.61400E-01    0.93063E+04
    0.62641E-01    0.91867E+04
    0.63906E-01    0.90709E+04
    0.65197E-01    0.89574E+04
    0.66514E-01    0.88449E+04
    0.67858E-01    0.87322E+04
    0.69229E-01    0.86178E+04
    0.70627E-01    0.85005E+04
    0.72054E-01    0.83792E+04
    0.73510E-01    0.82525E+04
    0.74994E-01    0.81190E+04
    0.76509E-01    0.79777E+04
    0.78055E-01    0.78277E+04
    0.79632E-01    0.76682E+04
    0.81241E-01    0.74987E+04
    0.82882E-01    0.73193E+04
    0.84556E-01    0.71302E+04
    0.86264E-01    0.69318E+04
    0.88007E-01    0.67255E+04
    0.89785E-01    0.65125E+04
    0.91598E-01    0.62944E+04
    0.93449E-01    0.60734E+04
    0.95337E-01    0.58514E+04
    0.97263E-01    0.56307E+04
    0.99227E-01    0.54138E+04
    0.10123E+00    0.52028E+04
    0.10328E+00    0.50002E+04
    0.10536E+00    0.48082E+04
    0.10749E+00    0.46285E+04
    0.10966E+00    0.44628E+04
    0.11188E+00    0.43124E+04
    0.11414E+00    0.41776E+04
    0.11644E+00    0.40584E+04
    0.11880E+00    0.39543E+04
    0.12120E+00    0.38637E+04
    0.12365E+00    0.37851E+04
    0.12614E+00    0.37161E+04
    0.12869E+00    0.36541E+04
    0.13129E+00    0.35963E+04
    0.13394E+00    0.35396E+04
    0.13665E+00    0.34810E+04
    0.13941E+00    0.34175E+04
    0.14223E+00    0.33467E+04
    0.14510E+00    0.32667E+04
    0.14803E+00    0.31766E+04
    0.15102E+00    0.30766E+04
    0.15407E+00    0.29674E+04
    0.15718E+00    0.28512E+04
    0.16036E+00    0.27302E+04
    0.16360E+00    0.26073E+04
    0.16690E+00    0.24857E+04
    0.17028E+00    0.23688E+04
    0.17371E+00    0.22599E+04
    0.17722E+00    0.21619E+04
    0.18080E+00    0.20765E+04
    0.18446E+00    0.20043E+04
    0.18818E+00    0.19441E+04
    0.19198E+00    0.18941E+04
    0.19586E+00    0.18516E+04
    0.19982E+00    0.18138E+04
    0.20386E+00    0.17776E+04
    0.20797E+00    0.17398E+04
    0.21218E+00    0.16974E+04
    0.21646E+00    0.16483E+04
    0.22083E+00    0.15917E+04
    0.22530E+00    0.15286E+04
    0.22985E+00    0.14614E+04
    0.23449E+00    0.13930E+04
    0.23923E+00    0.13263E+04
    0.24406E+00    0.12641E+04
    0.24899E+00    0.12085E+04
    0.25402E+00    0.11609E+04
    0.25915E+00    0.11211E+04
    0.26439E+00    0.10879E+04
    0.26973E+00    0.10590E+04
    0.27518E+00    0.10316E+04
    0.28074E+00    0.10032E+04
    0.28641E+00    0.97174E+03
    0.29219E+00    0.93650E+03
    0.29810E+00    0.89806E+03
    0.30412E+00    0.85803E+03
    0.31026E+00    0.81849E+03
    0.31653E+00    0.78145E+03
    0.32292E+00    0.74836E+03
    0.32945E+00    0.71978E+03
    0.33610E+00    0.69511E+03
    0.34289E+00    0.67291E+03
    0.34982E+00    0.65140E+03
    0.35689E+00    0.62917E+03
    0.36409E+00    0.60548E+03
    0.37145E+00    0.58046E+03
    0.37895E+00    0.55507E+03
    0.38661E+00    0.53069E+03
    0.39442E+00    0.50826E+03
    0.40239E+00    0.48809E+03
    0.41052E+00    0.46996E+03
    0.41881E+00    0.45306E+03
    0.42727E+00    0.43640E+03
    0.43590E+00    0.41941E+03
    0.44471E+00    0.40211E+03
    0.45369E+00    0.38494E+03
    0.46286E+00    0.36853E+03
    0.47221E+00    0.35331E+03
    0.48174E+00    0.33927E+03
    0.49148E+00    0.32608E+03
    0.50141E+00    0.31326E+03
    0.51153E+00    0.30054E+03
    0.52187E+00    0.28796E+03
    0.53241E+00    0.27575E+03
    0.54317E+00    0.26419E+03
    0.55414E+00    0.25331E+03
    0.56533E+00    0.24301E+03
    0.57675E+00    0.23306E+03
    0.58840E+00    0.22334E+03
    0.60029E+00    0.21389E+03
    0.61242E+00    0.20482E+03
    0.62479E+00    0.19619E+03
    0.63741E+00    0.18794E+03
    0.65029E+00    0.18004E+03
    0.66342E+00    0.17246E+03
    0.67683E+00    0.16517E+03
    0.69050E+00    0.15816E+03
    0.70445E+00    0.15142E+03
    0.71868E+00    0.14495E+03
    0.73320E+00    0.13874E+03
    0.74801E+00    0.13277E+03
    0.76312E+00    0.12704E+03
    0.77854E+00    0.12155E+03
    0.79426E+00    0.11628E+03
    0.81031E+00    0.11123E+03
    0.82668E+00    0.10639E+03
    0.84338E+00    0.10176E+03
    0.86041E+00    0.97315E+02
    0.87780E+00    0.93060E+02
    0.89553E+00    0.88985E+02
    0.91362E+00    0.85080E+02
    0.93208E+00    0.81340E+02
    0.95091E+00    0.77758E+02
    0.97011E+00    0.74327E+02
    0.98971E+00    0.71040E+02
    0.10097E+01    0.67893E+02
    0.10301E+01    0.64879E+02
    0.10509E+01    0.61993E+02
    0.10721E+01    0.59230E+02
    0.10938E+01    0.56585E+02
    0.11159E+01    0.54053E+02
    0.11384E+01    0.51631E+02
    0.11614E+01    0.49312E+02
    0.11849E+01    0.47094E+02
    0.12088E+01    0.44972E+02
    0.12333E+01    0.42942E+02
    0.12582E+01    0.41001E+02
    0.12836E+01    0.39144E+02
    0.13095E+01    0.37369E+02
    0.13360E+01    0.35671E+02
    0.13630E+01    0.34048E+02
    0.13905E+01    0.32496E+02
    0.14186E+01    0.31012E+02
    0.14472E+01    0.29595E+02
    0.14765E+01    0.28239E+02
    0.15063E+01    0.26944E+02
    0.15367E+01    0.25706E+02
    0.15678E+01    0.24524E+02
    0.15994E+01    0.23394E+02
    0.16318E+01    0.22315E+02
    0.16647E+01    0.21283E+02
    0.16984E+01    0.20298E+02
    0.17327E+01    0.19358E+02
    0.17677E+01    0.18459E+02
    0.18034E+01    0.17602E+02
    0.18398E+01    0.16782E+02
    0.18770E+01    0.16000E+02
    0.19149E+01    0.15254E+02
    0.19536E+01    0.14541E+02
    0.19930E+01    0.13861E+02
    0.20333E+01    0.13211E+02
    0.20744E+01    0.12591E+02
    0.21163E+01    0.12000E+02
    0.21590E+01    0.11436E+02
    0.22026E+01    0.10897E+02
    0.22471E+01    0.10383E+02
    0.22925E+01    0.98931E+01
    0.23388E+01    0.94255E+01
    0.23861E+01    0.89794E+01
    0.24343E+01    0.85539E+01
    0.24835E+01    0.81481E+01
    0.25336E+01    0.77611E+01
    0.25848E+01    0.73921E+01
    0.26370E+01    0.70402E+01
    0.26903E+01    0.67047E+01
    0.27447E+01    0.63848E+01
    0.28001E+01    0.60798E+01
    0.28567E+01    0.57890E+01
    0.29144E+01    0.55119E+01
    0.29733E+01    0.52477E+01
    0.30333E+01    0.49960E+01
    0.30946E+01    0.47560E+01
    0.31571E+01    0.45273E+01
    0.32209E+01    0.43094E+01
    0.32860E+01    0.41018E+01
    0.33523E+01    0.39040E+01
    0.34201E+01    0.37155E+01
    0.34892E+01    0.35359E+01
    0.35596E+01    0.33649E+01
    0.36316E+01    0.32019E+01
    0.37049E+01    0.30467E+01
    0.37798E+01    0.28989E+01
    0.38561E+01    0.27581E+01
    0.39340E+01    0.26240E+01
    0.40135E+01    0.24963E+01
    0.40946E+01    0.23747E+01
    0.41773E+01    0.22590E+01
    0.42617E+01    0.21487E+01
    0.43478E+01    0.20438E+01
    0.44356E+01    0.19439E+01
    0.45252E+01    0.18488E+01
    0.46166E+01    0.17582E+01
    0.47099E+01    0.16720E+01
    0.48050E+01    0.15900E+01
    0.49021E+01    0.15119E+01
    0.50011E+01    0.14376E+01
    0.51021E+01    0.13669E+01
    0.52052E+01    0.12996E+01
    0.53104E+01    0.12356E+01
    0.54176E+01    0.11747E+01
    0.55271E+01    0.11167E+01
    0.56387E+01    0.10616E+01
    0.57526E+01    0.10091E+01
    0.58689E+01    0.95915E+00
    0.59874E+01    0.91166E+00
    0.61084E+01    0.86649E+00
    0.62318E+01    0.82352E+00
    0.63577E+01    0.78265E+00
    0.64861E+01    0.74378E+00
    0.66171E+01    0.70681E+00
    0.67508E+01    0.67165E+00
    0.68872E+01    0.63821E+00
    0.70263E+01    0.60642E+00
    0.71682E+01    0.57619E+00
    0.73130E+01    0.54745E+00
    0.74608E+01    0.52012E+00
    0.76115E+01    0.49414E+00
    0.77653E+01    0.46943E+00
    0.79221E+01    0.44595E+00
    0.80822E+01    0.42362E+00
    0.82454E+01    0.40240E+00
    0.84120E+01    0.38222E+00
    0.85819E+01    0.36304E+00
    0.87553E+01    0.34481E+00
    0.89322E+01    0.32748E+00
    0.91126E+01    0.31101E+00
    0.92967E+01    0.29535E+00
    0.94845E+01    0.28047E+00
    0.96761E+01    0.26634E+00
    0.98716E+01    0.25290E+00
    0.10071E+02    0.24014E+00
    0.10274E+02    0.22802E+00
    0.10482E+02    0.21651E+00
    0.10694E+02    0.20557E+00
    0.10910E+02    0.19519E+00
