#           k/h    P           
    0.10000E-03    0.90377E+03
    0.10202E-03    0.92024E+03
    0.10408E-03    0.93700E+03
    0.10618E-03    0.95407E+03
    0.10833E-03    0.97146E+03
    0.11052E-03    0.98916E+03
    0.11275E-03    0.10072E+04
    0.11503E-03    0.10255E+04
    0.11735E-03    0.10442E+04
    0.11972E-03    0.10632E+04
    0.12214E-03    0.10826E+04
    0.12461E-03    0.11023E+04
    0.12712E-03    0.11224E+04
    0.12969E-03    0.11428E+04
    0.13231E-03    0.11636E+04
    0.13499E-03    0.11848E+04
    0.13771E-03    0.12064E+04
    0.14049E-03    0.12284E+04
    0.14333E-03    0.12508E+04
    0.14623E-03    0.12735E+04
    0.14918E-03    0.12967E+04
    0.15220E-03    0.13203E+04
    0.15527E-03    0.13444E+04
    0.15841E-03    0.13688E+04
    0.16161E-03    0.13937E+04
    0.16487E-03    0.14191E+04
    0.16820E-03    0.14449E+04
    0.17160E-03    0.14712E+04
    0.17507E-03    0.14980E+04
    0.17860E-03    0.15253E+04
    0.18221E-03    0.15530E+04
    0.18589E-03    0.15813E+04
    0.18965E-03    0.16101E+04
    0.19348E-03    0.16393E+04
    0.19739E-03    0.16692E+04
    0.20138E-03    0.16995E+04
    0.20544E-03    0.17304E+04
    0.20959E-03    0.17619E+04
    0.21383E-03    0.17939E+04
    0.21815E-03    0.18265E+04
    0.22255E-03    0.18597E+04
    0.22705E-03    0.18935E+04
    0.23164E-03    0.19280E+04
    0.23632E-03    0.19630E+04
    0.24109E-03    0.19987E+04
    0.24596E-03    0.20350E+04
    0.25093E-03    0.20719E+04
    0.25600E-03    0.21096E+04
    0.26117E-03    0.21479E+04
    0.26645E-03    0.21869E+04
    0.27183E-03    0.22266E+04
    0.27732E-03    0.22670E+04
    0.28292E-03    0.23081E+04
    0.28864E-03    0.23500E+04
    0.29447E-03    0.23926E+04
    0.30042E-03    0.24360E+04
    0.30649E-03    0.24802E+04
    0.31268E-03    0.25251E+04
    0.31899E-03    0.25709E+04
    0.32544E-03    0.26175E+04
    0.33201E-03    0.26649E+04
    0.33872E-03    0.27132E+04
    0.34556E-03    0.27623E+04
    0.35254E-03    0.28123E+04
    0.35966E-03    0.28632E+04
    0.36693E-03    0.29150E+04
    0.37434E-03    0.29677E+04
    0.38190E-03    0.30214E+04
    0.38962E-03    0.30760E+04
    0.39749E-03    0.31316E+04
    0.40552E-03    0.31882E+04
    0.41371E-03    0.32457E+04
    0.42207E-03    0.33043E+04
    0.43060E-03    0.33640E+04
    0.43929E-03    0.34247E+04
    0.44817E-03    0.34864E+04
    0.45722E-03    0.35492E+04
    0.46646E-03    0.36132E+04
    0.47588E-03    0.36783E+04
    0.48550E-03    0.37445E+04
    0.49530E-03    0.38119E+04
    0.50531E-03    0.38804E+04
    0.51552E-03    0.39502E+04
    0.52593E-03    0.40211E+04
    0.53656E-03    0.40933E+04
    0.54739E-03    0.41668E+04
    0.55845E-03    0.42416E+04
    0.56973E-03    0.43176E+04
    0.58124E-03    0.43950E+04
    0.59299E-03    0.44737E+04
    0.60496E-03    0.45537E+04
    0.61719E-03    0.46352E+04
    0.62965E-03    0.47180E+04
    0.64237E-03    0.48023E+04
    0.65535E-03    0.48880E+04
    0.66859E-03    0.49752E+04
    0.68210E-03    0.50638E+04
    0.69588E-03    0.51540E+04
    0.70993E-03    0.52457E+04
    0.72427E-03    0.53390E+04
    0.73891E-03    0.54339E+04
    0.75383E-03    0.55303E+04
    0.76906E-03    0.56284E+04
    0.78460E-03    0.57282E+04
    0.80045E-03    0.58296E+04
    0.81662E-03    0.59327E+04
    0.83311E-03    0.60375E+04
    0.84994E-03    0.61441E+04
    0.86711E-03    0.62525E+04
    0.88463E-03    0.63626E+04
    0.90250E-03    0.64746E+04
    0.92073E-03    0.65884E+04
    0.93933E-03    0.67041E+04
    0.95831E-03    0.68217E+04
    0.97767E-03    0.69412E+04
    0.99742E-03    0.70627E+04
    0.10176E-02    0.71861E+04
    0.10381E-02    0.73115E+04
    0.10591E-02    0.74389E+04
    0.10805E-02    0.75684E+04
    0.11023E-02    0.77000E+04
    0.11246E-02    0.78336E+04
    0.11473E-02    0.79694E+04
    0.11705E-02    0.81073E+04
    0.11941E-02    0.82474E+04
    0.12182E-02    0.83896E+04
    0.12429E-02    0.85341E+04
    0.12680E-02    0.86809E+04
    0.12936E-02    0.88299E+04
    0.13197E-02    0.89811E+04
    0.13464E-02    0.91347E+04
    0.13736E-02    0.92907E+04
    0.14013E-02    0.94490E+04
    0.14296E-02    0.96096E+04
    0.14585E-02    0.97727E+04
    0.14880E-02    0.99382E+04
    0.15180E-02    0.10106E+05
    0.15487E-02    0.10277E+05
    0.15800E-02    0.10449E+05
    0.16119E-02    0.10625E+05
    0.16445E-02    0.10803E+05
    0.16777E-02    0.10983E+05
    0.17116E-02    0.11166E+05
    0.17462E-02    0.11352E+05
    0.17814E-02    0.11540E+05
    0.18174E-02    0.11731E+05
    0.18541E-02    0.11924E+05
    0.18916E-02    0.12120E+05
    0.19298E-02    0.12319E+05
    0.19688E-02    0.12521E+05
    0.20086E-02    0.12725E+05
    0.20491E-02    0.12931E+05
    0.20905E-02    0.13141E+05
    0.21328E-02    0.13353E+05
    0.21758E-02    0.13568E+05
    0.22198E-02    0.13785E+05
    0.22646E-02    0.14005E+05
    0.23104E-02    0.14228E+05
    0.23571E-02    0.14454E+05
    0.24047E-02    0.14682E+05
    0.24533E-02    0.14913E+05
    0.25028E-02    0.15147E+05
    0.25534E-02    0.15383E+05
    0.26050E-02    0.15622E+05
    0.26576E-02    0.15864E+05
    0.27113E-02    0.16108E+05
    0.27660E-02    0.16355E+05
    0.28219E-02    0.16605E+05
    0.28789E-02    0.16857E+05
    0.29371E-02    0.17112E+05
    0.29964E-02    0.17369E+05
    0.30569E-02    0.17629E+05
    0.31187E-02    0.17891E+05
    0.31817E-02    0.18156E+05
    0.32460E-02    0.18423E+05
    0.33115E-02    0.18692E+05
    0.33784E-02    0.18964E+05
    0.34467E-02    0.19238E+05
    0.35163E-02    0.19515E+05
    0.35874E-02    0.19793E+05
    0.36598E-02    0.20074E+05
    0.37338E-02    0.20357E+05
    0.38092E-02    0.20642E+05
    0.38861E-02    0.20928E+05
    0.39646E-02    0.21217E+05
    0.40447E-02    0.21508E+05
    0.41264E-02    0.21800E+05
    0.42098E-02    0.22094E+05
    0.42948E-02    0.22389E+05
    0.43816E-02    0.22686E+05
    0.44701E-02    0.22984E+05
    0.45604E-02    0.23284E+05
    0.46525E-02    0.23584E+05
    0.47465E-02    0.23886E+05
    0.48424E-02    0.24189E+05
    0.49402E-02    0.24492E+05
    0.50400E-02    0.24797E+05
    0.51419E-02    0.25101E+05
    0.52457E-02    0.25407E+05
    0.53517E-02    0.25712E+05
    0.54598E-02    0.26018E+05
    0.55701E-02    0.26324E+05
    0.56826E-02    0.26629E+05
    0.57974E-02    0.26935E+05
    0.59145E-02    0.27240E+05
    0.60340E-02    0.27544E+05
    0.61559E-02    0.27847E+05
    0.62803E-02    0.28150E+05
    0.64072E-02    0.28451E+05
    0.65366E-02    0.28751E+05
    0.66686E-02    0.29049E+05
    0.68033E-02    0.29346E+05
    0.69408E-02    0.29640E+05
    0.70810E-02    0.29932E+05
    0.72240E-02    0.30222E+05
    0.73700E-02    0.30509E+05
    0.75189E-02    0.30793E+05
    0.76708E-02    0.31074E+05
    0.78257E-02    0.31352E+05
    0.79838E-02    0.31625E+05
    0.81451E-02    0.31895E+05
    0.83096E-02    0.32161E+05
    0.84775E-02    0.32422E+05
    0.86488E-02    0.32678E+05
    0.88235E-02    0.32929E+05
    0.90017E-02    0.33175E+05
    0.91836E-02    0.33415E+05
    0.93691E-02    0.33648E+05
    0.95583E-02    0.33876E+05
    0.97514E-02    0.34097E+05
    0.99484E-02    0.34310E+05
    0.10149E-01    0.34517E+05
    0.10354E-01    0.34716E+05
    0.10564E-01    0.34906E+05
    0.10777E-01    0.35089E+05
    0.10995E-01    0.35262E+05
    0.11217E-01    0.35426E+05
    0.11443E-01    0.35581E+05
    0.11675E-01    0.35726E+05
    0.11910E-01    0.35861E+05
    0.12151E-01    0.35986E+05
    0.12397E-01    0.36099E+05
    0.12647E-01    0.36201E+05
    0.12902E-01    0.36291E+05
    0.13163E-01    0.36370E+05
    0.13429E-01    0.36436E+05
    0.13700E-01    0.36489E+05
    0.13977E-01    0.36529E+05
    0.14259E-01    0.36556E+05
    0.14547E-01    0.36569E+05
    0.14841E-01    0.36568E+05
    0.15141E-01    0.36552E+05
    0.15447E-01    0.36522E+05
    0.15759E-01    0.36477E+05
    0.16077E-01    0.36416E+05
    0.16402E-01    0.36340E+05
    0.16734E-01    0.36249E+05
    0.17072E-01    0.36141E+05
    0.17416E-01    0.36018E+05
    0.17768E-01    0.35878E+05
    0.18127E-01    0.35722E+05
    0.18493E-01    0.35549E+05
    0.18867E-01    0.35360E+05
    0.19248E-01    0.35155E+05
    0.19637E-01    0.34933E+05
    0.20034E-01    0.34695E+05
    0.20438E-01    0.34440E+05
    0.20851E-01    0.34170E+05
    0.21272E-01    0.33884E+05
    0.21702E-01    0.33582E+05
    0.22141E-01    0.33265E+05
    0.22588E-01    0.32933E+05
    0.23044E-01    0.32587E+05
    0.23510E-01    0.32226E+05
    0.23985E-01    0.31853E+05
    0.24469E-01    0.31467E+05
    0.24964E-01    0.31068E+05
    0.25468E-01    0.30659E+05
    0.25982E-01    0.30238E+05
    0.26507E-01    0.29809E+05
    0.27043E-01    0.29370E+05
    0.27589E-01    0.28923E+05
    0.28146E-01    0.28470E+05
    0.28715E-01    0.28011E+05
    0.29295E-01    0.27548E+05
    0.29887E-01    0.27081E+05
    0.30490E-01    0.26611E+05
    0.31106E-01    0.26140E+05
    0.31735E-01    0.25670E+05
    0.32376E-01    0.25200E+05
    0.33030E-01    0.24733E+05
    0.33697E-01    0.24269E+05
    0.34378E-01    0.23811E+05
    0.35072E-01    0.23358E+05
    0.35781E-01    0.22913E+05
    0.36504E-01    0.22476E+05
    0.37241E-01    0.22048E+05
    0.37993E-01    0.21630E+05
    0.38761E-01    0.21220E+05
    0.39544E-01    0.20821E+05
    0.40343E-01    0.20433E+05
    0.41158E-01    0.20058E+05
    0.41989E-01    0.19696E+05
    0.42838E-01    0.19349E+05
    0.43703E-01    0.19018E+05
    0.44586E-01    0.18702E+05
    0.45486E-01    0.18399E+05
    0.46405E-01    0.18107E+05
    0.47343E-01    0.17827E+05
    0.48299E-01    0.17556E+05
    0.49275E-01    0.17294E+05
    0.50270E-01    0.17039E+05
    0.51286E-01    0.16791E+05
    0.52322E-01    0.16549E+05
    0.53379E-01    0.16310E+05
    0.54457E-01    0.16075E+05
    0.55557E-01    0.15841E+05
    0.56680E-01    0.15606E+05
    0.57825E-01    0.15368E+05
    0.58993E-01    0.15125E+05
    0.60184E-01    0.14873E+05
    0.61400E-01    0.14613E+05
    0.62641E-01    0.14341E+05
    0.63906E-01    0.14057E+05
    0.65197E-01    0.13760E+05
    0.66514E-01    0.13448E+05
    0.67858E-01    0.13123E+05
    0.69229E-01    0.12784E+05
    0.70627E-01    0.12434E+05
    0.72054E-01    0.12073E+05
    0.73510E-01    0.11705E+05
    0.74994E-01    0.11331E+05
    0.76509E-01    0.10955E+05
    0.78055E-01    0.10580E+05
    0.79632E-01    0.10208E+05
    0.81241E-01    0.98424E+04
    0.82882E-01    0.94862E+04
    0.84556E-01    0.91424E+04
    0.86264E-01    0.88139E+04
    0.88007E-01    0.85033E+04
    0.89785E-01    0.82129E+04
    0.91598E-01    0.79448E+04
    0.93449E-01    0.77004E+04
    0.95337E-01    0.74794E+04
    0.97263E-01    0.72815E+04
    0.99227E-01    0.71049E+04
    0.10123E+00    0.69462E+04
    0.10328E+00    0.68021E+04
    0.10536E+00    0.66683E+04
    0.10749E+00    0.65402E+04
    0.10966E+00    0.64136E+04
    0.11188E+00    0.62844E+04
    0.11414E+00    0.61489E+04
    0.11644E+00    0.60043E+04
    0.11880E+00    0.58483E+04
    0.12120E+00    0.56797E+04
    0.12365E+00    0.54984E+04
    0.12614E+00    0.53057E+04
    0.12869E+00    0.51040E+04
    0.13129E+00    0.48968E+04
    0.13394E+00    0.46883E+04
    0.13665E+00    0.44832E+04
    0.13941E+00    0.42862E+04
    0.14223E+00    0.41017E+04
    0.14510E+00    0.39332E+04
    0.14803E+00    0.37830E+04
    0.15102E+00    0.36516E+04
    0.15407E+00    0.35379E+04
    0.15718E+00    0.34391E+04
    0.16036E+00    0.33516E+04
    0.16360E+00    0.32710E+04
    0.16690E+00    0.31929E+04
    0.17028E+00    0.31129E+04
    0.17371E+00    0.30273E+04
    0.17722E+00    0.29331E+04
    0.18080E+00    0.28297E+04
    0.18446E+00    0.27185E+04
    0.18818E+00    0.26027E+04
    0.19198E+00    0.24863E+04
    0.19586E+00    0.23734E+04
    0.19982E+00    0.22675E+04
    0.20386E+00    0.21714E+04
    0.20797E+00    0.20869E+04
    0.21218E+00    0.20136E+04
    0.21646E+00    0.19496E+04
    0.22083E+00    0.18916E+04
    0.22530E+00    0.18360E+04
    0.22985E+00    0.17797E+04
    0.23449E+00    0.17200E+04
    0.23923E+00    0.16557E+04
    0.24406E+00    0.15877E+04
    0.24899E+00    0.15185E+04
    0.25402E+00    0.14508E+04
    0.25915E+00    0.13873E+04
    0.26439E+00    0.13294E+04
    0.26973E+00    0.12778E+04
    0.27518E+00    0.12319E+04
    0.28074E+00    0.11896E+04
    0.28641E+00    0.11485E+04
    0.29219E+00    0.11068E+04
    0.29810E+00    0.10638E+04
    0.30412E+00    0.10196E+04
    0.31026E+00    0.97543E+03
    0.31653E+00    0.93305E+03
    0.32292E+00    0.89375E+03
    0.32945E+00    0.85780E+03
    0.33610E+00    0.82465E+03
    0.34289E+00    0.79339E+03
    0.34982E+00    0.76283E+03
    0.35689E+00    0.73217E+03
    0.36409E+00    0.70150E+03
    0.37145E+00    0.67145E+03
    0.37895E+00    0.64272E+03
    0.38661E+00    0.61581E+03
    0.39442E+00    0.59069E+03
    0.40239E+00    0.56684E+03
    0.41052E+00    0.54376E+03
    0.41881E+00    0.52111E+03
    0.42727E+00    0.49891E+03
    0.43590E+00    0.47750E+03
    0.44471E+00    0.45714E+03
    0.45369E+00    0.43788E+03
    0.46286E+00    0.41954E+03
    0.47221E+00    0.40184E+03
    0.48174E+00    0.38470E+03
    0.49148E+00    0.36810E+03
    0.50141E+00    0.35220E+03
    0.51153E+00    0.33704E+03
    0.52187E+00    0.32257E+03
    0.53241E+00    0.30868E+03
    0.54317E+00    0.29529E+03
    0.55414E+00    0.28245E+03
    0.56533E+00    0.27012E+03
    0.57675E+00    0.25831E+03
    0.58840E+00    0.24698E+03
    0.60029E+00    0.23613E+03
    0.61242E+00    0.22574E+03
    0.62479E+00    0.21578E+03
    0.63741E+00    0.20624E+03
    0.65029E+00    0.19711E+03
    0.66342E+00    0.18836E+03
    0.67683E+00    0.17998E+03
    0.69050E+00    0.17196E+03
    0.70445E+00    0.16427E+03
    0.71868E+00    0.15692E+03
    0.73320E+00    0.14987E+03
    0.74801E+00    0.14313E+03
    0.76312E+00    0.13668E+03
    0.77854E+00    0.13051E+03
    0.79426E+00    0.12460E+03
    0.81031E+00    0.11895E+03
    0.82668E+00    0.11354E+03
    0.84338E+00    0.10837E+03
    0.86041E+00    0.10342E+03
    0.87780E+00    0.98696E+02
    0.89553E+00    0.94176E+02
    0.91362E+00    0.89855E+02
    0.93208E+00    0.85725E+02
    0.95091E+00    0.81777E+02
    0.97011E+00    0.78005E+02
    0.98971E+00    0.74400E+02
    0.10097E+01    0.70955E+02
    0.10301E+01    0.67665E+02
    0.10509E+01    0.64521E+02
    0.10721E+01    0.61519E+02
    0.10938E+01    0.58651E+02
    0.11159E+01    0.55912E+02
    0.11384E+01    0.53297E+02
    0.11614E+01    0.50800E+02
    0.11849E+01    0.48417E+02
    0.12088E+01    0.46141E+02
    0.12333E+01    0.43969E+02
    0.12582E+01    0.41896E+02
    0.12836E+01    0.39918E+02
    0.13095E+01    0.38030E+02
    0.13360E+01    0.36229E+02
    0.13630E+01    0.34510E+02
    0.13905E+01    0.32871E+02
    0.14186E+01    0.31307E+02
    0.14472E+01    0.29816E+02
    0.14765E+01    0.28393E+02
    0.15063E+01    0.27037E+02
    0.15367E+01    0.25743E+02
    0.15678E+01    0.24510E+02
    0.15994E+01    0.23334E+02
    0.16318E+01    0.22213E+02
    0.16647E+01    0.21144E+02
    0.16984E+01    0.20125E+02
    0.17327E+01    0.19155E+02
    0.17677E+01    0.18229E+02
    0.18034E+01    0.17348E+02
    0.18398E+01    0.16508E+02
    0.18770E+01    0.15707E+02
    0.19149E+01    0.14945E+02
    0.19536E+01    0.14218E+02
    0.19930E+01    0.13526E+02
    0.20333E+01    0.12867E+02
    0.20744E+01    0.12240E+02
    0.21163E+01    0.11642E+02
    0.21590E+01    0.11072E+02
    0.22026E+01    0.10530E+02
    0.22471E+01    0.10014E+02
    0.22925E+01    0.95229E+01
    0.23388E+01    0.90550E+01
    0.23861E+01    0.86097E+01
    0.24343E+01    0.81858E+01
    0.24835E+01    0.77823E+01
    0.25336E+01    0.73983E+01
    0.25848E+01    0.70328E+01
    0.26370E+01    0.66851E+01
    0.26903E+01    0.63541E+01
    0.27447E+01    0.60393E+01
    0.28001E+01    0.57397E+01
    0.28567E+01    0.54546E+01
    0.29144E+01    0.51835E+01
    0.29733E+01    0.49256E+01
    0.30333E+01    0.46802E+01
    0.30946E+01    0.44469E+01
    0.31571E+01    0.42250E+01
    0.32209E+01    0.40139E+01
    0.32860E+01    0.38132E+01
    0.33523E+01    0.36223E+01
    0.34201E+01    0.34408E+01
    0.34892E+01    0.32683E+01
    0.35596E+01    0.31042E+01
    0.36316E+01    0.29483E+01
    0.37049E+01    0.28000E+01
    0.37798E+01    0.26591E+01
    0.38561E+01    0.25251E+01
    0.39340E+01    0.23978E+01
    0.40135E+01    0.22768E+01
    0.40946E+01    0.21618E+01
    0.41773E+01    0.20525E+01
    0.42617E+01    0.19487E+01
    0.43478E+01    0.18500E+01
    0.44356E+01    0.17562E+01
    0.45252E+01    0.16671E+01
    0.46166E+01    0.15825E+01
    0.47099E+01    0.15021E+01
    0.48050E+01    0.14257E+01
    0.49021E+01    0.13531E+01
    0.50011E+01    0.12842E+01
    0.51021E+01    0.12188E+01
    0.52052E+01    0.11566E+01
    0.53104E+01    0.10975E+01
    0.54176E+01    0.10415E+01
    0.55271E+01    0.98821E+00
    0.56387E+01    0.93764E+00
    0.57526E+01    0.88963E+00
    0.58689E+01    0.84403E+00
    0.59874E+01    0.80075E+00
    0.61084E+01    0.75965E+00
    0.62318E+01    0.72063E+00
    0.63577E+01    0.68359E+00
    0.64861E+01    0.64843E+00
    0.66171E+01    0.61505E+00
    0.67508E+01    0.58337E+00
    0.68872E+01    0.55330E+00
    0.70263E+01    0.52475E+00
    0.71682E+01    0.49767E+00
    0.73130E+01    0.47196E+00
    0.74608E+01    0.44757E+00
    0.76115E+01    0.42442E+00
    0.77653E+01    0.40245E+00
    0.79221E+01    0.38161E+00
    0.80822E+01    0.36184E+00
    0.82454E+01    0.34307E+00
    0.84120E+01    0.32527E+00
    0.85819E+01    0.30839E+00
    0.87553E+01    0.29236E+00
    0.89322E+01    0.27716E+00
    0.91126E+01    0.26274E+00
    0.92967E+01    0.24906E+00
    0.94845E+01    0.23608E+00
    0.96761E+01    0.22377E+00
    0.98716E+01    0.21209E+00
    0.10071E+02    0.20102E+00
    0.10274E+02    0.19052E+00
    0.10482E+02    0.18056E+00
    0.10694E+02    0.17111E+00
    0.10910E+02    0.16216E+00
    0.11130E+02    0.15368E+00
    0.11355E+02    0.14563E+00
    0.11584E+02    0.13801E+00
