# # k[h/Mpc], Boost (P^NLCDM_NL/P^NLCDM_L)
1.000000000000000048e-04 1.000000000000000000e+00
1.020200000000000024e-04 1.000000000000000000e+00
1.040800000000000064e-04 1.000000000000000000e+00
1.061800000000000032e-04 1.000000000000000000e+00
1.083300000000000013e-04 1.000000000000000000e+00
1.105200000000000057e-04 1.000000000000000000e+00
1.127500000000000030e-04 1.000000000000000000e+00
1.150300000000000015e-04 1.000000000000000000e+00
1.173500000000000064e-04 1.000000000000000000e+00
1.197199999999999989e-04 1.000000000000000000e+00
1.221399999999999927e-04 1.000000000000000000e+00
1.246099999999999877e-04 1.000000000000000000e+00
1.271199999999999891e-04 1.000000000000000000e+00
1.296899999999999865e-04 1.000000000000000000e+00
1.323100000000000122e-04 1.000000000000000000e+00
1.349900000000000069e-04 1.000000000000000000e+00
1.377100000000000080e-04 1.000000000000000000e+00
1.404900000000000051e-04 1.000000000000000000e+00
1.433299999999999982e-04 1.000000000000000000e+00
1.462299999999999874e-04 1.000000000000000000e+00
1.491800000000000049e-04 1.000000000000000000e+00
1.522000000000000132e-04 1.000000000000000000e+00
1.552699999999999957e-04 1.000000000000000000e+00
1.584099999999999961e-04 1.000000000000000000e+00
1.616099999999999926e-04 1.000000000000000000e+00
1.648700000000000122e-04 1.000000000000000000e+00
1.681999999999999956e-04 1.000000000000000000e+00
1.715999999999999969e-04 1.000000000000000000e+00
1.750699999999999891e-04 1.000000000000000000e+00
1.786000000000000044e-04 1.000000000000000000e+00
1.822100000000000054e-04 1.000000000000000000e+00
1.858899999999999973e-04 1.000000000000000000e+00
1.896500000000000020e-04 1.000000000000000000e+00
1.934799999999999975e-04 1.000000000000000000e+00
1.973900000000000058e-04 1.000000000000000000e+00
2.013799999999999998e-04 1.000000000000000000e+00
2.054400000000000117e-04 1.000000000000000000e+00
2.095900000000000042e-04 1.000000000000000000e+00
2.138300000000000042e-04 1.000000000000000000e+00
2.181499999999999900e-04 1.000000000000000000e+00
2.225499999999999885e-04 1.000000000000000000e+00
2.270499999999999895e-04 1.000000000000000000e+00
2.316399999999999980e-04 1.000000000000000000e+00
2.363199999999999871e-04 1.000000000000000000e+00
2.410900000000000109e-04 1.000000000000000000e+00
2.459599999999999829e-04 1.000000000000000000e+00
2.509300000000000115e-04 1.000000000000000000e+00
2.559999999999999884e-04 1.000000000000000000e+00
2.611700000000000219e-04 1.000000000000000000e+00
2.664499999999999985e-04 1.000000000000000000e+00
2.718299999999999775e-04 1.000000000000000000e+00
2.773200000000000079e-04 1.000000000000000000e+00
2.829199999999999814e-04 1.000000000000000000e+00
2.886400000000000012e-04 1.000000000000000000e+00
2.944700000000000182e-04 1.000000000000000000e+00
3.004199999999999731e-04 1.000000000000000000e+00
3.064899999999999743e-04 1.000000000000000000e+00
3.126800000000000217e-04 1.000000000000000000e+00
3.189900000000000070e-04 1.000000000000000000e+00
3.254399999999999741e-04 1.000000000000000000e+00
3.320099999999999874e-04 1.000000000000000000e+00
3.387199999999999825e-04 1.000000000000000000e+00
3.455600000000000186e-04 1.000000000000000000e+00
3.525399999999999823e-04 1.000000000000000000e+00
3.596599999999999819e-04 1.000000000000000000e+00
3.669300000000000122e-04 1.000000000000000000e+00
3.743400000000000243e-04 1.000000000000000000e+00
3.819000000000000129e-04 1.000000000000000000e+00
3.896200000000000271e-04 1.000000000000000000e+00
3.974900000000000178e-04 1.000000000000000000e+00
4.055199999999999799e-04 1.000000000000000000e+00
4.137100000000000217e-04 1.000000000000000000e+00
4.220699999999999756e-04 1.000000000000000000e+00
4.306000000000000040e-04 1.000000000000000000e+00
4.392900000000000038e-04 1.000000000000000000e+00
4.481700000000000137e-04 1.000000000000000000e+00
4.572199999999999897e-04 1.000000000000000000e+00
4.664599999999999758e-04 1.000000000000000000e+00
4.758799999999999771e-04 1.000000000000000000e+00
4.854999999999999832e-04 1.000000000000000000e+00
4.952999999999999504e-04 1.000000000000000000e+00
5.053100000000000256e-04 1.000000000000000000e+00
5.155199999999999973e-04 1.000000000000000000e+00
5.259299999999999739e-04 1.000000000000000000e+00
5.365600000000000534e-04 1.000000000000000000e+00
5.473900000000000293e-04 1.000000000000000000e+00
5.584500000000000488e-04 1.000000000000000000e+00
5.697299999999999543e-04 1.000000000000000000e+00
5.812400000000000119e-04 1.000000000000000000e+00
5.929900000000000535e-04 1.000000000000000000e+00
6.049599999999999813e-04 1.000000000000000000e+00
6.171899999999999912e-04 1.000000000000000000e+00
6.296500000000000447e-04 1.000000000000000000e+00
6.423699999999999636e-04 1.000000000000000000e+00
6.553499999999999647e-04 1.000000000000000000e+00
6.685900000000000480e-04 1.000000000000000000e+00
6.821000000000000457e-04 1.000000000000000000e+00
6.958799999999999578e-04 1.000000000000000000e+00
7.099300000000000012e-04 1.000000000000000000e+00
7.242699999999999486e-04 1.000000000000000000e+00
7.389099999999999575e-04 1.000000000000000000e+00
7.538300000000000382e-04 1.000000000000000000e+00
7.690600000000000127e-04 1.000000000000000000e+00
7.845999999999999893e-04 1.000000000000000000e+00
8.004499999999999680e-04 1.000000000000000000e+00
8.166199999999999978e-04 1.000000000000000000e+00
8.331099999999999704e-04 1.000000000000000000e+00
8.499399999999999837e-04 1.000000000000000000e+00
8.671100000000000379e-04 1.000000000000000000e+00
8.846299999999999650e-04 1.000000000000000000e+00
9.024999999999999819e-04 1.000000000000000000e+00
9.207300000000000293e-04 1.000000000000000000e+00
9.393300000000000477e-04 1.000000000000000000e+00
9.583099999999999778e-04 1.000000000000000000e+00
9.776699999999999280e-04 1.000000000000000000e+00
9.974199999999999473e-04 1.000000000000000000e+00
1.017600000000000015e-03 1.000000000000000000e+00
1.038099999999999917e-03 1.000000000000000000e+00
1.059100000000000102e-03 1.000000000000000000e+00
1.080500000000000080e-03 1.000000000000000000e+00
1.102300000000000068e-03 1.000000000000000000e+00
1.124599999999999905e-03 1.000000000000000000e+00
1.147299999999999969e-03 1.000000000000000000e+00
1.170500000000000099e-03 1.000000000000000000e+00
1.194100000000000023e-03 1.000000000000000000e+00
1.218200000000000012e-03 1.000000000000000000e+00
1.242899999999999908e-03 1.000000000000000000e+00
1.268000000000000030e-03 1.000000000000000000e+00
1.293600000000000002e-03 1.000000000000000000e+00
1.319700000000000040e-03 1.000000000000000000e+00
1.346399999999999984e-03 1.000000000000000000e+00
1.373599999999999995e-03 1.000000000000000000e+00
1.401300000000000072e-03 1.000000000000000000e+00
1.429600000000000055e-03 1.000000000000000000e+00
1.458499999999999944e-03 1.000000000000000000e+00
1.487999999999999956e-03 1.000000000000000000e+00
1.518000000000000035e-03 1.000000000000000000e+00
1.548700000000000077e-03 1.000000000000000000e+00
1.580000000000000024e-03 1.000000000000000000e+00
1.611900000000000095e-03 1.000000000000000000e+00
1.644499999999999912e-03 1.000000000000000000e+00
1.677700000000000068e-03 1.000000000000000000e+00
1.711599999999999970e-03 1.000000000000000000e+00
1.746200000000000052e-03 1.000000000000000000e+00
1.781400000000000041e-03 1.000000000000000000e+00
1.817400000000000048e-03 1.000000000000000000e+00
1.854100000000000019e-03 1.000000000000000000e+00
1.891600000000000009e-03 1.000000000000000000e+00
1.929799999999999962e-03 1.000000000000000000e+00
1.968800000000000151e-03 1.000000000000000000e+00
2.008600000000000142e-03 1.000000000000000000e+00
2.049099999999999880e-03 1.000000000000000000e+00
2.090499999999999910e-03 1.000000000000000000e+00
2.132799999999999800e-03 1.000000000000000000e+00
2.175799999999999870e-03 1.000000000000000000e+00
2.219800000000000072e-03 1.000000000000000000e+00
2.264599999999999860e-03 1.000000000000000000e+00
2.310400000000000214e-03 1.000000000000000000e+00
2.357099999999999994e-03 1.000000000000000000e+00
2.404700000000000067e-03 1.000000000000000000e+00
2.453299999999999838e-03 1.000000000000000000e+00
2.502799999999999903e-03 1.000000000000000000e+00
2.553399999999999941e-03 1.000000000000000000e+00
2.605000000000000111e-03 1.000000000000000000e+00
2.657599999999999980e-03 1.000000000000000000e+00
2.711299999999999821e-03 1.000000000000000000e+00
2.765999999999999796e-03 1.000000000000000000e+00
2.821900000000000016e-03 1.000000000000000000e+00
2.878900000000000209e-03 1.000000000000000000e+00
2.937100000000000214e-03 1.000000000000000000e+00
2.996400000000000192e-03 1.000000000000000000e+00
3.056899999999999982e-03 1.000000000000000000e+00
3.118699999999999858e-03 1.000000000000000000e+00
3.181699999999999980e-03 1.000000000000000000e+00
3.246000000000000187e-03 1.000000000000000000e+00
3.311500000000000207e-03 1.000000000000000000e+00
3.378400000000000153e-03 1.000000000000000000e+00
3.446700000000000024e-03 1.000000000000000000e+00
3.516299999999999981e-03 1.000059403587976625e+00
3.587400000000000137e-03 1.000058431693350514e+00
3.659799999999999946e-03 1.000000000000000000e+00
3.733799999999999793e-03 1.000000000000000000e+00
3.809199999999999999e-03 1.000000000000000000e+00
3.886099999999999971e-03 9.998905069528084555e-01
3.964600000000000415e-03 9.998922471849577276e-01
4.044700000000000031e-03 9.998409247574102654e-01
4.126399999999999686e-03 9.998956158663883098e-01
4.209799999999999653e-03 1.000102759081333836e+00
4.294799999999999660e-03 1.000303505488390865e+00
4.381600000000000251e-03 1.000448251817910084e+00
4.470100000000000288e-03 1.000441414488204339e+00
4.560400000000000044e-03 1.000241522558206864e+00
4.652500000000000385e-03 9.996669521362641087e-01
4.746499999999999851e-03 9.987345924919154294e-01
4.842400000000000176e-03 9.977374520940112124e-01
4.940199999999999626e-03 9.966786478001729011e-01
5.040000000000000209e-03 9.957406743185078790e-01
5.141899999999999596e-03 9.951391957578435976e-01
5.245699999999999842e-03 9.948166216569387377e-01
5.351700000000000033e-03 9.947610254648516781e-01
5.459799999999999896e-03 9.948344483021424045e-01
5.570099999999999704e-03 9.949060542797494300e-01
5.682600000000000325e-03 9.949349365837588666e-01
5.797400000000000296e-03 9.949224144934600833e-01
5.914499999999999619e-03 9.947904143624268780e-01
6.034000000000000301e-03 9.946223803875049452e-01
6.155899999999999740e-03 9.944977756965581728e-01
6.280299999999999945e-03 9.943380965219735801e-01
6.407200000000000048e-03 9.941827306946503517e-01
6.536600000000000049e-03 9.940686237705533834e-01
6.668600000000000222e-03 9.939202965708989757e-01
6.803299999999999972e-03 9.938486324191717625e-01
6.940799999999999574e-03 9.937063695880203884e-01
7.080999999999999621e-03 9.935672932599528551e-01
7.224000000000000386e-03 9.934312756038988779e-01
7.369999999999999815e-03 9.932979614632784227e-01
7.518900000000000236e-03 9.931674660961385959e-01
7.670800000000000188e-03 9.930053227787635217e-01
7.825699999999999670e-03 9.928462966087396868e-01
7.983799999999999231e-03 9.927233886311291888e-01
8.145100000000000603e-03 9.925695980978170851e-01
8.309600000000000319e-03 9.923856209150326846e-01
8.477500000000000660e-03 9.922370293699055432e-01
8.648799999999999891e-03 9.920584091200205235e-01
8.823499999999999746e-03 9.919140030441400135e-01
9.001699999999999632e-03 9.917399497487436877e-01
9.183600000000000096e-03 9.915370255133789668e-01
9.369099999999999998e-03 9.913365191922306474e-01
9.558300000000000476e-03 9.911685613005745132e-01
9.751400000000000345e-03 9.909718856034900325e-01
9.948399999999999604e-03 9.907769032025476319e-01
1.014900000000000004e-02 9.905536682758209199e-01
1.035400000000000036e-02 9.903613032937141902e-01
1.056400000000000047e-02 9.901408450704225483e-01
1.077700000000000012e-02 9.899213515875328051e-01
1.099499999999999957e-02 9.897023516820456779e-01
1.121699999999999954e-02 9.894839673600736019e-01
1.144300000000000005e-02 9.892371816832248310e-01
1.167499999999999961e-02 9.889907215617286251e-01
1.191000000000000045e-02 9.887437582870201025e-01
1.215100000000000034e-02 9.884960718294051318e-01
1.239700000000000003e-02 9.882198587499650966e-01
1.264700000000000026e-02 9.879698830328119685e-01
1.290200000000000027e-02 9.876631998229696840e-01
1.316299999999999935e-02 9.873822249159733833e-01
1.342899999999999996e-02 9.870985451550919887e-01
1.370000000000000037e-02 9.867848641549700206e-01
1.397699999999999984e-02 9.864949663056230555e-01
1.425900000000000084e-02 9.861738609765391406e-01
1.454699999999999917e-02 9.858213820078226552e-01
1.484100000000000003e-02 9.855178585957204973e-01
1.514099999999999994e-02 9.851817738527387514e-01
1.544700000000000066e-02 9.848123883263847356e-01
1.575899999999999870e-02 9.844633915279469294e-01
1.607700000000000101e-02 9.840797097525315618e-01
1.640199999999999991e-02 9.836878471751795416e-01
1.673399999999999888e-02 9.833138888135225519e-01
1.707200000000000037e-02 9.829029627616200360e-01
1.741600000000000092e-02 9.824814734088928025e-01
1.776799999999999907e-02 9.820755232526368061e-01
1.812700000000000075e-02 9.816302470320511508e-01
1.849299999999999902e-02 9.811990750935917216e-01
1.886699999999999836e-02 9.807532769205242751e-01
1.924800000000000122e-02 9.802929649498290932e-01
1.963700000000000168e-02 9.797886615229788321e-01
2.003399999999999972e-02 9.793225679401339479e-01
2.043800000000000130e-02 9.788107985609473261e-01
2.085100000000000148e-02 9.783080260303688158e-01
2.127199999999999924e-02 9.777848119478576017e-01
2.170199999999999907e-02 9.772694283972479523e-01
2.214100000000000096e-02 9.767032967032966972e-01
2.258800000000000044e-02 9.761721524982239773e-01
2.304399999999999851e-02 9.756170531039640714e-01
2.350999999999999965e-02 9.750075642965204681e-01
2.398499999999999938e-02 9.744319921611855895e-01
2.446900000000000117e-02 9.738302688288734688e-01
2.496400000000000008e-02 9.732319582770428967e-01
2.546800000000000105e-02 9.726062304899025790e-01
2.598200000000000162e-02 9.719834550507335802e-01
2.650699999999999931e-02 9.713320431659395737e-01
2.704300000000000107e-02 9.706852326859655156e-01
2.758899999999999894e-02 9.700416370468163407e-01
2.814600000000000088e-02 9.693694933920704582e-01
2.871500000000000094e-02 9.686679502888150273e-01
2.929500000000000159e-02 9.679729248307802347e-01
2.988700000000000037e-02 9.672856521108370575e-01
3.048999999999999974e-02 9.665706264775413281e-01
3.110600000000000170e-02 9.658299777970119626e-01
3.173499999999999932e-02 9.651376850502416671e-01
3.237600000000000200e-02 9.643471462079750145e-01
3.302999999999999686e-02 9.636110003985651762e-01
3.369699999999999779e-02 9.628560978583330376e-01
3.437799999999999884e-02 9.620835405271009888e-01
3.507199999999999901e-02 9.613369390687062088e-01
3.578100000000000031e-02 9.605359527810090059e-01
3.650400000000000172e-02 9.597224052356481128e-01
3.724100000000000327e-02 9.588985896574881984e-01
3.799299999999999899e-02 9.581108829568788510e-01
3.876099999999999685e-02 9.572736993816541862e-01
3.954400000000000276e-02 9.563899805862019488e-01
4.034299999999999692e-02 9.555073511689563537e-01
4.115800000000000014e-02 9.546346248160862968e-01
4.198899999999999855e-02 9.537249426548319864e-01
4.283800000000000108e-02 9.527814368223730401e-01
4.370299999999999879e-02 9.518493749678481608e-01
4.458600000000000063e-02 9.508795740460406209e-01
4.548599999999999866e-02 9.498676548438327316e-01
4.640500000000000180e-02 9.488624168276453830e-01
4.734300000000000314e-02 9.479177992823747401e-01
4.829900000000000165e-02 9.468729354767672080e-01
4.927499999999999936e-02 9.458314757021846209e-01
5.027000000000000218e-02 9.447890818858560857e-01
5.128599999999999826e-02 9.437407280611662674e-01
5.232200000000000045e-02 9.426229508196721785e-01
5.337900000000000283e-02 9.415956079897208619e-01
5.445699999999999846e-02 9.405367064664853505e-01
5.555700000000000222e-02 9.395571514063435492e-01
5.668000000000000121e-02 9.385268263110033704e-01
5.782500000000000140e-02 9.375614552605703311e-01
5.899299999999999683e-02 9.366425542529308590e-01
6.018400000000000138e-02 9.357065940330652198e-01
6.140000000000000319e-02 9.349226804123711432e-01
6.264100000000000223e-02 9.341690732475715908e-01
6.390600000000000447e-02 9.333690484162593393e-01
6.519700000000000495e-02 9.327811622972140837e-01
6.651400000000000368e-02 9.322770611329220802e-01
6.785800000000000165e-02 9.318705035971223127e-01
6.922899999999999887e-02 9.314987424175174002e-01
7.062699999999999534e-02 9.313209848311608807e-01
7.205400000000000693e-02 9.311457349700975605e-01
7.351000000000000589e-02 9.311467404573939843e-01
7.499400000000000510e-02 9.313659359190556986e-01
7.650899999999999368e-02 9.316015044170383730e-01
7.805499999999999938e-02 9.320555908801889666e-01
7.963199999999999446e-02 9.325467245610722378e-01
8.124099999999999377e-02 9.332842704346973051e-01
8.288199999999999734e-02 9.340450916210344401e-01
8.455600000000000616e-02 9.349428208386277861e-01
8.626399999999999346e-02 9.359365734741835752e-01
8.800700000000000189e-02 9.369828134945894504e-01
8.978500000000000369e-02 9.380693022819043270e-01
9.159799999999999887e-02 9.391788969752654648e-01
9.344900000000000428e-02 9.402746052239547847e-01
9.533700000000000507e-02 9.413446873411286386e-01
9.726300000000000223e-02 9.424030102504217243e-01
9.922699999999999576e-02 9.434645315575991287e-01
1.012300000000000005e-01 9.445503611610859274e-01
1.032799999999999968e-01 9.456683151455701486e-01
1.053599999999999953e-01 9.468943412908931156e-01
1.074900000000000022e-01 9.482666816130930210e-01
1.096599999999999936e-01 9.498463377155540455e-01
1.118799999999999933e-01 9.516799119873771140e-01
1.141400000000000053e-01 9.538297935190381827e-01
1.164400000000000018e-01 9.563448859856045203e-01
1.188000000000000028e-01 9.592347382817357770e-01
1.212000000000000022e-01 9.625827973889753419e-01
1.236499999999999960e-01 9.664157402329794921e-01
1.261400000000000021e-01 9.707757980056339608e-01
1.286899999999999988e-01 9.756576930705566086e-01
1.312899999999999900e-01 9.811039659041620453e-01
1.339400000000000035e-01 9.870642835983015617e-01
1.366499999999999937e-01 9.934858135495078235e-01
1.394100000000000061e-01 1.000172931843237079e+00
1.422299999999999953e-01 1.006936155838306535e+00
1.451000000000000068e-01 1.013593684308871090e+00
1.480299999999999949e-01 1.019956135065435809e+00
1.510199999999999876e-01 1.026037670470014485e+00
1.540700000000000125e-01 1.031817146328498858e+00
1.571799999999999864e-01 1.037394513406797669e+00
1.603600000000000025e-01 1.042948330662744061e+00
1.635999999999999954e-01 1.048716577540106831e+00
1.668999999999999928e-01 1.054946553228621298e+00
1.702799999999999869e-01 1.061973089163084083e+00
1.737100000000000033e-01 1.070064060210852874e+00
1.772199999999999886e-01 1.079404245198882117e+00
1.807999999999999885e-01 1.090054428500742301e+00
1.844600000000000128e-01 1.101966990730273599e+00
1.881799999999999862e-01 1.115071179792378020e+00
1.919800000000000118e-01 1.128993412198058932e+00
1.958600000000000063e-01 1.143322716835790009e+00
1.998199999999999976e-01 1.157433839981482970e+00
2.038600000000000134e-01 1.170824338370512363e+00
2.079699999999999882e-01 1.183245426075490325e+00
2.121800000000000075e-01 1.194789816459443488e+00
2.164600000000000135e-01 1.205932019917731024e+00
2.208299999999999985e-01 1.217316132464423495e+00
2.253000000000000003e-01 1.229740182918505731e+00
2.298499999999999988e-01 1.243936764085002533e+00
2.344900000000000040e-01 1.260391851815839237e+00
2.392299999999999982e-01 1.279119210326499667e+00
2.440599999999999992e-01 1.299836126235661027e+00
2.489899999999999891e-01 1.321878453038674017e+00
2.540200000000000236e-01 1.344171566931857464e+00
2.591499999999999915e-01 1.365739630783984637e+00
2.643900000000000139e-01 1.385942055958806263e+00
2.697300000000000253e-01 1.404772567334143796e+00
2.751799999999999802e-01 1.423386034255599286e+00
2.807399999999999896e-01 1.442777626934564239e+00
2.864099999999999979e-01 1.464057788063678922e+00
2.921900000000000053e-01 1.488432998690528253e+00
2.980999999999999761e-01 1.515713744793638851e+00
3.041200000000000014e-01 1.545088439671509661e+00
3.102599999999999802e-01 1.575343593119908014e+00
3.165299999999999780e-01 1.605238380552940214e+00
3.229199999999999848e-01 1.633910341766533492e+00
3.294500000000000206e-01 1.661462160176341074e+00
3.361000000000000099e-01 1.689494680851064023e+00
3.428899999999999726e-01 1.719358646468621021e+00
3.498200000000000198e-01 1.752026792460536386e+00
3.568899999999999850e-01 1.787964094120146452e+00
3.640900000000000247e-01 1.825965750696933343e+00
3.714500000000000024e-01 1.864601922744804741e+00
3.789500000000000091e-01 1.902870338242860226e+00
3.866100000000000092e-01 1.940609792432217873e+00
3.944199999999999928e-01 1.978883667031481552e+00
4.023900000000000254e-01 2.019084275519204663e+00
4.105199999999999960e-01 2.062091957216280136e+00
4.188100000000000156e-01 2.108009656109512964e+00
4.272699999999999831e-01 2.155461615994463731e+00
4.359000000000000097e-01 2.203445524104586273e+00
4.447099999999999942e-01 2.251727782746564710e+00
4.536899999999999822e-01 2.300881965329638845e+00
4.628599999999999937e-01 2.352290290852887100e+00
4.722100000000000186e-01 2.406402455736447177e+00
4.817400000000000015e-01 2.462773139607858042e+00
4.914799999999999724e-01 2.520682420931797285e+00
5.014100000000000223e-01 2.579635539997941152e+00
5.115300000000000402e-01 2.639864633310486486e+00
5.218699999999999450e-01 2.702413585612088109e+00
5.324100000000000499e-01 2.767275173389621923e+00
5.431700000000000417e-01 2.834271087392238986e+00
5.541399999999999659e-01 2.903404233921657251e+00
5.653299999999999992e-01 2.974763076600869027e+00
5.767499999999999849e-01 3.048278494125344462e+00
5.884000000000000341e-01 3.123545108726508701e+00
6.002899999999999903e-01 3.201182557280118246e+00
6.124199999999999644e-01 3.281399144009607305e+00
6.247899999999999565e-01 3.363586799653635051e+00
6.374100000000000321e-01 3.448368021915611870e+00
6.502900000000000347e-01 3.535307834197612742e+00
6.634200000000000097e-01 3.625244760316194359e+00
6.768300000000000427e-01 3.717610609438168456e+00
6.905000000000000027e-01 3.812812536913809058e+00
7.044500000000000206e-01 3.910743598161523504e+00
7.186799999999999855e-01 4.011506544614594993e+00
7.331999999999999629e-01 4.115134219209846123e+00
7.480099999999999527e-01 4.221757322175732519e+00
7.631200000000000205e-01 4.331475107857870377e+00
7.785400000000000098e-01 4.444242240420584800e+00
7.942599999999999660e-01 4.560048502741459231e+00
8.103099999999999747e-01 4.678928846365335126e+00
8.266799999999999704e-01 4.801135711827463126e+00
8.433800000000000185e-01 4.926460028721876050e+00
8.604100000000000081e-01 5.055187913597203320e+00
8.778000000000000247e-01 5.187349358347990602e+00
8.955300000000000482e-01 5.322615729726054568e+00
9.136199999999999877e-01 5.461478433598183635e+00
9.320800000000000196e-01 5.603924472417622482e+00
9.509100000000000330e-01 5.750096622091675158e+00
9.701100000000000279e-01 5.899693350548741222e+00
9.897099999999999786e-01 6.053168183350185139e+00
1.009700000000000042e+00 6.210294764628243591e+00
1.030100000000000016e+00 6.371255283955155946e+00
1.050899999999999945e+00 6.535464056051444537e+00
1.072100000000000053e+00 6.704031603116195726e+00
1.093800000000000106e+00 6.876309394117154916e+00
1.115899999999999892e+00 7.052526734017053656e+00
1.138400000000000079e+00 7.232579951502951410e+00
1.161399999999999988e+00 7.416350878031868987e+00
1.184900000000000064e+00 7.604148444333374002e+00
1.208800000000000097e+00 7.795833061197829927e+00
1.233300000000000063e+00 7.991204949264575141e+00
1.258199999999999985e+00 8.190529231999542858e+00
1.283600000000000074e+00 8.393566500403212061e+00
1.309500000000000108e+00 8.600659138122237479e+00
1.336000000000000076e+00 8.811247079582399166e+00
1.362999999999999989e+00 9.025757601654504469e+00
1.390500000000000069e+00 9.243919885550786475e+00
1.418600000000000083e+00 9.465943113772455675e+00
1.447200000000000042e+00 9.691373739351806904e+00
1.476499999999999924e+00 9.920473877308408461e+00
1.506299999999999972e+00 1.015340384904203042e+01
1.536699999999999955e+00 1.038924576613808881e+01
1.567800000000000082e+00 1.062883615925499114e+01
1.599399999999999933e+00 1.087197419291290146e+01
1.631799999999999917e+00 1.111847534557458061e+01
1.664700000000000069e+00 1.136810545081303125e+01
1.698399999999999910e+00 1.162097162097161984e+01
1.732699999999999907e+00 1.187716750155615308e+01
1.767700000000000049e+00 1.213633540372670794e+01
1.803399999999999892e+00 1.239871131504442126e+01
1.839800000000000102e+00 1.266421117249846517e+01
1.877000000000000002e+00 1.293287103231341284e+01
1.914900000000000047e+00 1.320382165605095537e+01
1.953600000000000003e+00 1.347814132526807818e+01
1.993000000000000105e+00 1.375489025243997787e+01
2.033300000000000107e+00 1.403489075049658652e+01
2.074399999999999800e+00 1.431734818638772033e+01
2.116299999999999848e+00 1.460248860182370834e+01
2.158999999999999808e+00 1.489040549965129046e+01
2.202599999999999891e+00 1.518133361204013454e+01
2.247100000000000097e+00 1.547508087066176863e+01
2.292499999999999982e+00 1.577058045216590898e+01
2.338799999999999990e+00 1.606784981286973490e+01
2.386099999999999888e+00 1.636870446626544151e+01
2.434299999999999908e+00 1.667198616929317012e+01
2.483499999999999819e+00 1.697773434773504775e+01
2.533599999999999852e+00 1.728458382180539488e+01
2.584799999999999986e+00 1.759519963074082582e+01
2.637000000000000011e+00 1.790710823909531513e+01
2.690300000000000136e+00 1.822207142251251000e+01
2.744699999999999918e+00 1.853821485836451188e+01
2.800100000000000033e+00 1.885759730538921985e+01
2.856700000000000017e+00 1.917837837837837611e+01
2.914400000000000102e+00 1.950111505740480666e+01
2.973300000000000054e+00 1.982666044755881884e+01
3.033300000000000107e+00 2.015386368816959717e+01
3.094599999999999795e+00 2.048337066002371287e+01
3.157099999999999795e+00 2.081508332074711731e+01
3.220899999999999874e+00 2.114898739367964353e+01
3.286000000000000032e+00 2.148438586246211557e+01
3.352300000000000058e+00 2.182110494007600465e+01
3.420100000000000140e+00 2.216127347039119400e+01
3.489199999999999857e+00 2.250294816083227190e+01
3.559600000000000097e+00 2.284578669339085977e+01
3.631600000000000161e+00 2.319068371793956018e+01
3.704899999999999860e+00 2.353725652247412725e+01
3.779799999999999827e+00 2.388731949191047121e+01
3.856100000000000083e+00 2.423694653950840561e+01
3.934000000000000163e+00 2.458966233198557561e+01
4.013499999999999623e+00 2.494482251241493742e+01
4.094599999999999795e+00 2.530172935058652683e+01
4.177299999999999791e+00 2.565844720971066550e+01
4.261700000000000266e+00 2.601959944307593275e+01
4.347800000000000331e+00 2.638107849213951894e+01
4.435599999999999987e+00 2.674464111002401268e+01
4.525199999999999889e+00 2.711014040561622451e+01
4.616600000000000037e+00 2.747766977538421074e+01
4.709900000000000198e+00 2.784605813431030086e+01
4.804999999999999716e+00 2.821733910575909121e+01
4.902099999999999902e+00 2.858882548921992850e+01
5.001100000000000101e+00 2.896351542027816706e+01
5.102100000000000080e+00 2.933919022154316636e+01
5.205199999999999605e+00 2.971626452189454781e+01
5.310399999999999565e+00 3.009597290176891349e+01
5.417600000000000193e+00 3.047602536160094644e+01
5.527099999999999902e+00 3.085906530356770006e+01
5.638700000000000045e+00 3.124237930466304292e+01
5.752600000000000158e+00 3.162695199537304447e+01
5.868900000000000006e+00 3.201425264953100225e+01
5.987400000000000055e+00 3.240361793572390781e+01
6.108399999999999608e+00 3.279354141332252226e+01
6.231799999999999784e+00 3.318485840330154701e+01
6.357700000000000351e+00 3.357865547478078128e+01
6.486100000000000421e+00 3.397300284180612806e+01
6.617099999999999760e+00 3.436767273634323061e+01
6.750799999999999912e+00 3.476440707654580820e+01
6.887199999999999989e+00 3.516468308884583394e+01
7.026299999999999990e+00 3.556268221574344324e+01
7.168199999999999683e+00 3.596363710816731896e+01
7.312999999999999723e+00 3.636657751703908303e+01
7.460799999999999876e+00 3.676951740434427052e+01
7.611500000000000377e+00 3.717417841499317888e+01
7.765299999999999869e+00 3.757911192919640087e+01
7.922100000000000364e+00 3.798544334059395311e+01
8.082200000000000273e+00 3.839233244718063531e+01
8.245400000000000063e+00 3.880044809999704825e+01
8.412000000000000810e+00 3.920929221404391285e+01
8.581899999999999196e+00 3.961850543122627499e+01
8.755300000000000082e+00 4.002757432141317651e+01
8.932199999999999918e+00 4.043646398808983378e+01
9.112600000000000477e+00 4.084692921217222050e+01
9.296699999999999520e+00 4.125528913963329103e+01
9.484500000000000597e+00 4.166542845619919433e+01
9.676099999999999923e+00 4.207513416815742602e+01
9.871600000000000819e+00 4.248763250883392573e+01
1.007099999999999973e+01 4.290003970617431150e+01
1.027399999999999913e+01 4.331390029018849219e+01
