# # k[h/Mpc], Boost (P^NLCDM_NL/P^NLCDM_L)
1.000000000000000048e-04 1.000000000000000000e+00
1.020200000000000024e-04 1.000000000000000000e+00
1.040800000000000064e-04 1.000000000000000000e+00
1.061800000000000032e-04 1.000000000000000000e+00
1.083300000000000013e-04 1.000000000000000000e+00
1.105200000000000057e-04 1.000000000000000000e+00
1.127500000000000030e-04 1.000000000000000000e+00
1.150300000000000015e-04 1.000000000000000000e+00
1.173500000000000064e-04 1.000000000000000000e+00
1.197199999999999989e-04 1.000000000000000000e+00
1.221399999999999927e-04 1.000000000000000000e+00
1.246099999999999877e-04 1.000000000000000000e+00
1.271199999999999891e-04 1.000000000000000000e+00
1.296899999999999865e-04 1.000000000000000000e+00
1.323100000000000122e-04 1.000000000000000000e+00
1.349900000000000069e-04 1.000000000000000000e+00
1.377100000000000080e-04 1.000000000000000000e+00
1.404900000000000051e-04 1.000000000000000000e+00
1.433299999999999982e-04 1.000000000000000000e+00
1.462299999999999874e-04 1.000000000000000000e+00
1.491800000000000049e-04 1.000000000000000000e+00
1.522000000000000132e-04 1.000000000000000000e+00
1.552699999999999957e-04 1.000000000000000000e+00
1.584099999999999961e-04 1.000000000000000000e+00
1.616099999999999926e-04 1.000000000000000000e+00
1.648700000000000122e-04 1.000000000000000000e+00
1.681999999999999956e-04 1.000000000000000000e+00
1.715999999999999969e-04 1.000000000000000000e+00
1.750699999999999891e-04 1.000000000000000000e+00
1.786000000000000044e-04 1.000000000000000000e+00
1.822100000000000054e-04 1.000000000000000000e+00
1.858899999999999973e-04 1.000000000000000000e+00
1.896500000000000020e-04 1.000000000000000000e+00
1.934799999999999975e-04 1.000000000000000000e+00
1.973900000000000058e-04 1.000000000000000000e+00
2.013799999999999998e-04 1.000000000000000000e+00
2.054400000000000117e-04 1.000000000000000000e+00
2.095900000000000042e-04 1.000000000000000000e+00
2.138300000000000042e-04 1.000000000000000000e+00
2.181499999999999900e-04 1.000000000000000000e+00
2.225499999999999885e-04 1.000000000000000000e+00
2.270499999999999895e-04 1.000000000000000000e+00
2.316399999999999980e-04 1.000000000000000000e+00
2.363199999999999871e-04 1.000000000000000000e+00
2.410900000000000109e-04 1.000000000000000000e+00
2.459599999999999829e-04 1.000000000000000000e+00
2.509300000000000115e-04 1.000000000000000000e+00
2.559999999999999884e-04 1.000000000000000000e+00
2.611700000000000219e-04 1.000000000000000000e+00
2.664499999999999985e-04 1.000000000000000000e+00
2.718299999999999775e-04 1.000000000000000000e+00
2.773200000000000079e-04 1.000000000000000000e+00
2.829199999999999814e-04 1.000000000000000000e+00
2.886400000000000012e-04 1.000000000000000000e+00
2.944700000000000182e-04 1.000000000000000000e+00
3.004199999999999731e-04 1.000000000000000000e+00
3.064899999999999743e-04 1.000000000000000000e+00
3.126800000000000217e-04 1.000000000000000000e+00
3.189900000000000070e-04 1.000000000000000000e+00
3.254399999999999741e-04 1.000000000000000000e+00
3.320099999999999874e-04 1.000000000000000000e+00
3.387199999999999825e-04 1.000000000000000000e+00
3.455600000000000186e-04 1.000000000000000000e+00
3.525399999999999823e-04 1.000000000000000000e+00
3.596599999999999819e-04 1.000000000000000000e+00
3.669300000000000122e-04 1.000000000000000000e+00
3.743400000000000243e-04 1.000000000000000000e+00
3.819000000000000129e-04 1.000000000000000000e+00
3.896200000000000271e-04 1.000000000000000000e+00
3.974900000000000178e-04 1.000000000000000000e+00
4.055199999999999799e-04 1.000000000000000000e+00
4.137100000000000217e-04 1.000000000000000000e+00
4.220699999999999756e-04 1.000000000000000000e+00
4.306000000000000040e-04 1.000000000000000000e+00
4.392900000000000038e-04 1.000000000000000000e+00
4.481700000000000137e-04 1.000000000000000000e+00
4.572199999999999897e-04 1.000000000000000000e+00
4.664599999999999758e-04 1.000000000000000000e+00
4.758799999999999771e-04 1.000000000000000000e+00
4.854999999999999832e-04 1.000000000000000000e+00
4.952999999999999504e-04 1.000000000000000000e+00
5.053100000000000256e-04 1.000000000000000000e+00
5.155199999999999973e-04 1.000000000000000000e+00
5.259299999999999739e-04 1.000000000000000000e+00
5.365600000000000534e-04 1.000000000000000000e+00
5.473900000000000293e-04 1.000000000000000000e+00
5.584500000000000488e-04 1.000000000000000000e+00
5.697299999999999543e-04 1.000000000000000000e+00
5.812400000000000119e-04 1.000000000000000000e+00
5.929900000000000535e-04 1.000000000000000000e+00
6.049599999999999813e-04 1.000000000000000000e+00
6.171899999999999912e-04 1.000000000000000000e+00
6.296500000000000447e-04 1.000000000000000000e+00
6.423699999999999636e-04 1.000000000000000000e+00
6.553499999999999647e-04 1.000000000000000000e+00
6.685900000000000480e-04 1.000000000000000000e+00
6.821000000000000457e-04 1.000000000000000000e+00
6.958799999999999578e-04 1.000000000000000000e+00
7.099300000000000012e-04 1.000000000000000000e+00
7.242699999999999486e-04 1.000000000000000000e+00
7.389099999999999575e-04 1.000000000000000000e+00
7.538300000000000382e-04 1.000000000000000000e+00
7.690600000000000127e-04 1.000000000000000000e+00
7.845999999999999893e-04 1.000000000000000000e+00
8.004499999999999680e-04 1.000000000000000000e+00
8.166199999999999978e-04 1.000000000000000000e+00
8.331099999999999704e-04 1.000000000000000000e+00
8.499399999999999837e-04 1.000000000000000000e+00
8.671100000000000379e-04 1.000000000000000000e+00
8.846299999999999650e-04 1.000000000000000000e+00
9.024999999999999819e-04 1.000000000000000000e+00
9.207300000000000293e-04 1.000000000000000000e+00
9.393300000000000477e-04 1.000000000000000000e+00
9.583099999999999778e-04 1.000000000000000000e+00
9.776699999999999280e-04 1.000000000000000000e+00
9.974199999999999473e-04 1.000000000000000000e+00
1.017600000000000015e-03 1.000000000000000000e+00
1.038099999999999917e-03 1.000000000000000000e+00
1.059100000000000102e-03 1.000000000000000000e+00
1.080500000000000080e-03 1.000000000000000000e+00
1.102300000000000068e-03 1.000000000000000000e+00
1.124599999999999905e-03 1.000000000000000000e+00
1.147299999999999969e-03 1.000000000000000000e+00
1.170500000000000099e-03 1.000000000000000000e+00
1.194100000000000023e-03 1.000000000000000000e+00
1.218200000000000012e-03 1.000000000000000000e+00
1.242899999999999908e-03 1.000000000000000000e+00
1.268000000000000030e-03 1.000000000000000000e+00
1.293600000000000002e-03 1.000000000000000000e+00
1.319700000000000040e-03 1.000000000000000000e+00
1.346399999999999984e-03 1.000000000000000000e+00
1.373599999999999995e-03 1.000000000000000000e+00
1.401300000000000072e-03 1.000000000000000000e+00
1.429600000000000055e-03 1.000000000000000000e+00
1.458499999999999944e-03 1.000000000000000000e+00
1.487999999999999956e-03 1.000000000000000000e+00
1.518000000000000035e-03 1.000000000000000000e+00
1.548700000000000077e-03 1.000000000000000000e+00
1.580000000000000024e-03 1.000000000000000000e+00
1.611900000000000095e-03 1.000000000000000000e+00
1.644499999999999912e-03 1.000000000000000000e+00
1.677700000000000068e-03 1.000000000000000000e+00
1.711599999999999970e-03 1.000000000000000000e+00
1.746200000000000052e-03 1.000000000000000000e+00
1.781400000000000041e-03 1.000000000000000000e+00
1.817400000000000048e-03 1.000000000000000000e+00
1.854100000000000019e-03 1.000000000000000000e+00
1.891600000000000009e-03 1.000000000000000000e+00
1.929799999999999962e-03 1.000000000000000000e+00
1.968800000000000151e-03 1.000000000000000000e+00
2.008600000000000142e-03 1.000000000000000000e+00
2.049099999999999880e-03 1.000000000000000000e+00
2.090499999999999910e-03 1.000000000000000000e+00
2.132799999999999800e-03 1.000000000000000000e+00
2.175799999999999870e-03 1.000000000000000000e+00
2.219800000000000072e-03 1.000000000000000000e+00
2.264599999999999860e-03 1.000000000000000000e+00
2.310400000000000214e-03 1.000000000000000000e+00
2.357099999999999994e-03 1.000000000000000000e+00
2.404700000000000067e-03 1.000000000000000000e+00
2.453299999999999838e-03 1.000000000000000000e+00
2.502799999999999903e-03 1.000000000000000000e+00
2.553399999999999941e-03 1.000000000000000000e+00
2.605000000000000111e-03 1.000000000000000000e+00
2.657599999999999980e-03 1.000000000000000000e+00
2.711299999999999821e-03 1.000000000000000000e+00
2.765999999999999796e-03 1.000000000000000000e+00
2.821900000000000016e-03 1.000000000000000000e+00
2.878900000000000209e-03 1.000000000000000000e+00
2.937100000000000214e-03 1.000000000000000000e+00
2.996400000000000192e-03 1.000000000000000000e+00
3.056899999999999982e-03 1.000000000000000000e+00
3.118699999999999858e-03 1.000000000000000000e+00
3.181699999999999980e-03 1.000000000000000000e+00
3.246000000000000187e-03 1.000000000000000000e+00
3.311500000000000207e-03 1.000000000000000000e+00
3.378400000000000153e-03 9.999283821528325289e-01
3.446700000000000024e-03 1.000000000000000000e+00
3.516299999999999981e-03 1.000069324090121281e+00
3.587400000000000137e-03 1.000000000000000000e+00
3.659799999999999946e-03 1.000067123103772326e+00
3.733799999999999793e-03 1.000000000000000000e+00
3.809199999999999999e-03 1.000000000000000000e+00
3.886099999999999971e-03 9.999360040957379070e-01
3.964600000000000415e-03 9.998739998739998303e-01
4.044700000000000031e-03 9.998759536066489373e-01
4.126399999999999686e-03 9.999389312977099431e-01
4.209799999999999653e-03 1.000120279047389982e+00
4.294799999999999660e-03 1.000355366027007920e+00
4.381600000000000251e-03 1.000408329930583928e+00
4.470100000000000288e-03 1.000402229500660711e+00
4.560400000000000044e-03 1.000113218228134704e+00
4.652500000000000385e-03 9.994980199676501975e-01
4.746499999999999851e-03 9.986808838078486961e-01
4.842400000000000176e-03 9.976167262485104992e-01
4.940199999999999626e-03 9.966899791789013419e-01
5.040000000000000209e-03 9.958951689295864051e-01
5.141899999999999596e-03 9.953823804088409721e-01
5.245699999999999842e-03 9.951910779147695729e-01
5.351700000000000033e-03 9.951568963777620569e-01
5.459799999999999896e-03 9.952234053139615844e-01
5.570099999999999704e-03 9.953374233128834403e-01
5.682600000000000325e-03 9.953515398024403993e-01
5.797400000000000296e-03 9.952701734269743250e-01
5.914499999999999619e-03 9.951440290415350942e-01
6.034000000000000301e-03 9.950674732433689718e-01
6.155899999999999740e-03 9.948555417757567465e-01
6.280299999999999945e-03 9.947848170151013525e-01
6.407200000000000048e-03 9.946713236611141040e-01
6.536600000000000049e-03 9.945606509529916206e-01
6.668600000000000222e-03 9.944090154625666589e-01
6.803299999999999972e-03 9.943471131440407840e-01
6.940799999999999574e-03 9.942864452308872725e-01
7.080999999999999621e-03 9.941429293780549292e-01
7.224000000000000386e-03 9.940441482715535182e-01
7.369999999999999815e-03 9.939062049656194331e-01
7.518900000000000236e-03 9.937711191629686747e-01
7.670800000000000188e-03 9.936787856826508891e-01
7.825699999999999670e-03 9.935481301525349584e-01
7.983799999999999231e-03 9.934200157604412551e-01
8.145100000000000603e-03 9.932938240798502294e-01
8.309600000000000319e-03 9.931694516265966444e-01
8.477500000000000660e-03 9.930088630806845895e-01
8.648799999999999891e-03 9.928884853986987835e-01
8.823499999999999746e-03 9.927319046905439537e-01
9.001699999999999632e-03 9.926143111638955352e-01
9.183600000000000096e-03 9.924610179464548043e-01
9.369099999999999998e-03 9.923455440131219163e-01
9.558300000000000476e-03 9.921587049215870868e-01
9.751400000000000345e-03 9.920450066291611746e-01
9.948399999999999604e-03 9.918959266368095884e-01
1.014900000000000004e-02 9.917477782479898751e-01
1.035400000000000036e-02 9.915651686966260314e-01
1.056400000000000047e-02 9.914179493415795630e-01
1.077700000000000012e-02 9.912707449194355647e-01
1.099499999999999957e-02 9.910891767770237948e-01
1.121699999999999954e-02 9.909415971394517353e-01
1.144300000000000005e-02 9.907933929054968392e-01
1.167499999999999961e-02 9.906108026249369480e-01
1.191000000000000045e-02 9.904605703574775877e-01
1.215100000000000034e-02 9.902760664690798409e-01
1.239700000000000003e-02 9.900901498077687712e-01
1.264700000000000026e-02 9.899356541824780864e-01
1.290200000000000027e-02 9.897462863152359791e-01
1.316299999999999935e-02 9.895874263261296155e-01
1.342899999999999996e-02 9.893610077671169956e-01
1.370000000000000037e-02 9.891965767466076587e-01
1.397699999999999984e-02 9.890291797851277211e-01
1.425900000000000084e-02 9.888259109311741124e-01
1.454699999999999917e-02 9.886510605276771502e-01
1.484100000000000003e-02 9.884400529561819804e-01
1.514099999999999994e-02 9.882565492321589984e-01
1.544700000000000066e-02 9.880683650435343468e-01
1.575899999999999870e-02 9.878748790712673644e-01
1.607700000000000101e-02 9.876439655450527377e-01
1.640199999999999991e-02 9.874709377421855283e-01
1.673399999999999888e-02 9.872594987873888339e-01
1.707200000000000037e-02 9.870415964753141980e-01
1.741600000000000092e-02 9.868485143692158346e-01
1.776799999999999907e-02 9.866479955710424354e-01
1.812700000000000075e-02 9.864070056201803549e-01
1.849299999999999902e-02 9.862227324913892534e-01
1.886699999999999836e-02 9.859971664854535467e-01
1.924800000000000122e-02 9.857620608589119371e-01
1.963700000000000168e-02 9.855834859330780962e-01
2.003399999999999972e-02 9.853616051988074442e-01
2.043800000000000130e-02 9.851632047477745235e-01
2.085100000000000148e-02 9.849539788744353652e-01
2.127199999999999924e-02 9.847338695875406112e-01
2.170199999999999907e-02 9.845362603983293104e-01
2.214100000000000096e-02 9.842928290321457663e-01
2.258800000000000044e-02 9.840717299578058963e-01
2.304399999999999851e-02 9.838383120804177207e-01
2.350999999999999965e-02 9.836630641628666405e-01
2.398499999999999938e-02 9.834041471474742613e-01
2.446900000000000117e-02 9.832040868830166369e-01
2.496400000000000008e-02 9.829915516022181832e-01
2.546800000000000105e-02 9.828034845570765565e-01
2.598200000000000162e-02 9.825648084423033168e-01
2.650699999999999931e-02 9.823513440130328123e-01
2.704300000000000107e-02 9.821639499173163701e-01
2.758899999999999894e-02 9.819250609829247578e-01
2.814600000000000088e-02 9.817531596700126428e-01
2.871500000000000094e-02 9.815296888558323607e-01
2.929500000000000159e-02 9.813366960907944359e-01
2.988700000000000037e-02 9.811320754716981174e-01
3.048999999999999974e-02 9.809610944103167585e-01
3.110600000000000170e-02 9.807376503484088737e-01
3.173499999999999932e-02 9.805500271394970158e-01
3.237600000000000200e-02 9.804002951484965811e-01
3.302999999999999686e-02 9.801994167999247276e-01
3.369699999999999779e-02 9.800403032338547149e-01
3.437799999999999884e-02 9.798785861157348620e-01
3.507199999999999901e-02 9.797152135898076208e-01
3.578100000000000031e-02 9.796022437531871629e-01
3.650400000000000172e-02 9.794420734880816548e-01
3.724100000000000327e-02 9.793370870073302425e-01
3.799299999999999899e-02 9.791847354726799235e-01
3.876099999999999685e-02 9.791482300884956080e-01
3.954400000000000276e-02 9.790115098171969787e-01
4.034299999999999692e-02 9.789976408308878053e-01
4.115800000000000014e-02 9.789393406077672166e-01
4.198899999999999855e-02 9.788963950499193212e-01
4.283800000000000108e-02 9.788698087930824965e-01
4.370299999999999879e-02 9.789858666005455401e-01
4.458600000000000063e-02 9.790037831021437542e-01
4.548599999999999866e-02 9.790451778276193506e-01
4.640500000000000180e-02 9.791124414367516904e-01
4.734300000000000314e-02 9.792684537171530978e-01
4.829900000000000165e-02 9.794497623669590203e-01
4.927499999999999936e-02 9.796554997965549738e-01
5.027000000000000218e-02 9.799533159412330274e-01
5.128599999999999826e-02 9.802042092102520865e-01
5.232200000000000045e-02 9.804761570334995513e-01
5.337900000000000283e-02 9.809057353776263755e-01
5.445699999999999846e-02 9.813539873780837697e-01
5.555700000000000222e-02 9.818181818181818121e-01
5.668000000000000121e-02 9.823688638525129857e-01
5.782500000000000140e-02 9.829318752770799250e-01
5.899299999999999683e-02 9.835050007463800315e-01
6.018400000000000138e-02 9.842359330215718627e-01
6.140000000000000319e-02 9.849004804392587076e-01
6.264100000000000223e-02 9.857253086419752730e-01
6.390600000000000447e-02 9.865593498476205037e-01
6.519700000000000495e-02 9.874811821567228698e-01
6.651400000000000368e-02 9.884160566326120057e-01
6.785800000000000165e-02 9.894469895287958394e-01
6.922899999999999887e-02 9.905000000000000471e-01
7.062699999999999534e-02 9.915794845623883136e-01
7.205400000000000693e-02 9.926918392204628905e-01
7.351000000000000589e-02 9.938464282529206884e-01
7.499400000000000510e-02 9.951438519332966859e-01
7.650899999999999368e-02 9.964150943396226090e-01
7.805499999999999938e-02 9.976637788377299421e-01
7.963199999999999446e-02 9.990741020299307440e-01
8.124099999999999377e-02 1.000542011069533777e+00
8.288199999999999734e-02 1.002097410670847122e+00
8.455600000000000616e-02 1.003760833445596967e+00
8.626399999999999346e-02 1.005541167961550020e+00
8.800700000000000189e-02 1.007456805092452168e+00
8.978500000000000369e-02 1.009511571361981330e+00
9.159799999999999887e-02 1.011731317517198026e+00
9.344900000000000428e-02 1.014113149225200239e+00
9.533700000000000507e-02 1.016647499368881657e+00
9.726300000000000223e-02 1.019347929901740946e+00
9.922699999999999576e-02 1.022182191719640976e+00
1.012300000000000005e-01 1.025173266571001163e+00
1.032799999999999968e-01 1.028269212767949137e+00
1.053599999999999953e-01 1.031516711962999988e+00
1.074900000000000022e-01 1.034888038617393979e+00
1.096599999999999936e-01 1.038385391953139170e+00
1.118799999999999933e-01 1.042021258982085419e+00
1.141400000000000053e-01 1.045842681579211675e+00
1.164400000000000018e-01 1.049812841923408957e+00
1.188000000000000028e-01 1.053922830133648958e+00
1.212000000000000022e-01 1.058212854903326949e+00
1.236499999999999960e-01 1.062676293707534247e+00
1.261400000000000021e-01 1.067303855780042721e+00
1.286899999999999988e-01 1.072116190298854965e+00
1.312899999999999900e-01 1.077137260926338325e+00
1.339400000000000035e-01 1.082395066640143177e+00
1.366499999999999937e-01 1.087975993377483519e+00
1.394100000000000061e-01 1.093918831309158568e+00
1.422299999999999953e-01 1.100291914643253044e+00
1.451000000000000068e-01 1.107142857142857206e+00
1.480299999999999949e-01 1.114420062695924862e+00
1.510199999999999876e-01 1.122055340083817132e+00
1.540700000000000125e-01 1.129961744037767613e+00
1.571799999999999864e-01 1.137864077669902940e+00
1.603600000000000025e-01 1.145797648425025406e+00
1.635999999999999954e-01 1.153518441279866691e+00
1.668999999999999928e-01 1.161147970052955225e+00
1.702799999999999869e-01 1.168670219358036944e+00
1.737100000000000033e-01 1.176163193351381864e+00
1.772199999999999886e-01 1.183856932625247937e+00
1.807999999999999885e-01 1.191956720114717871e+00
1.844600000000000128e-01 1.200593610351497365e+00
1.881799999999999862e-01 1.210063842932656009e+00
1.919800000000000118e-01 1.220417303522553620e+00
1.958600000000000063e-01 1.231859914112246601e+00
1.998199999999999976e-01 1.244451330518650645e+00
2.038600000000000134e-01 1.258128759551292442e+00
2.079699999999999882e-01 1.272680720320901182e+00
2.121800000000000075e-01 1.287681645428124355e+00
2.164600000000000135e-01 1.302579411353141481e+00
2.208299999999999985e-01 1.316787614900822634e+00
2.253000000000000003e-01 1.330289876764955359e+00
2.298499999999999988e-01 1.342892257271609990e+00
2.344900000000000040e-01 1.355068665478561529e+00
2.392299999999999982e-01 1.367387455062510027e+00
2.440599999999999992e-01 1.380771349862258912e+00
2.489899999999999891e-01 1.395871246587806924e+00
2.540200000000000236e-01 1.413094816389184105e+00
2.591499999999999915e-01 1.432575617569149307e+00
2.643900000000000139e-01 1.454105656969618909e+00
2.697300000000000253e-01 1.477079107505070876e+00
2.751799999999999802e-01 1.500389050010610292e+00
2.807399999999999896e-01 1.522693781314470751e+00
2.864099999999999979e-01 1.543843568591506177e+00
2.921900000000000053e-01 1.563530246864894613e+00
2.980999999999999761e-01 1.582879440695878381e+00
3.041200000000000014e-01 1.602985575310298616e+00
3.102599999999999802e-01 1.625347222222222276e+00
3.165299999999999780e-01 1.650812274368230970e+00
3.229199999999999848e-01 1.679540316503391306e+00
3.294500000000000206e-01 1.710668899615801264e+00
3.361000000000000099e-01 1.742640320438234358e+00
3.428899999999999726e-01 1.774203937903935602e+00
3.498200000000000198e-01 1.804306593774406053e+00
3.568899999999999850e-01 1.833333333333333259e+00
3.640900000000000247e-01 1.862725126718032920e+00
3.714500000000000024e-01 1.894079757271291520e+00
3.789500000000000091e-01 1.929034512209325092e+00
3.866100000000000092e-01 1.967332613390929019e+00
3.944199999999999928e-01 2.008092143290146847e+00
4.023900000000000254e-01 2.049671163947209607e+00
4.105199999999999960e-01 2.090638793526238270e+00
4.188100000000000156e-01 2.131050861505602523e+00
4.272699999999999831e-01 2.171968190854870695e+00
4.359000000000000097e-01 2.215002240683925816e+00
4.447099999999999942e-01 2.261778600039516363e+00
4.536899999999999822e-01 2.311512584568676143e+00
4.628599999999999937e-01 2.363191863876393572e+00
4.722100000000000186e-01 2.415368300840198934e+00
4.817400000000000015e-01 2.467918755842610334e+00
4.914799999999999724e-01 2.521240817771484455e+00
5.014100000000000223e-01 2.577298194646192364e+00
5.115300000000000402e-01 2.636400798326400174e+00
5.218699999999999450e-01 2.698416681303791975e+00
5.324100000000000499e-01 2.762041884816753612e+00
5.431700000000000417e-01 2.826799170033854391e+00
5.541399999999999659e-01 2.893590364190324671e+00
5.653299999999999992e-01 2.962370062370062396e+00
5.767499999999999849e-01 3.033334365996468218e+00
5.884000000000000341e-01 3.106651153771572638e+00
6.002899999999999903e-01 3.182317833900933923e+00
6.124199999999999644e-01 3.260387714175139617e+00
6.247899999999999565e-01 3.340724696207643785e+00
6.374100000000000321e-01 3.423661928661737353e+00
6.502900000000000347e-01 3.509096725178935561e+00
6.634200000000000097e-01 3.597011810859312764e+00
6.768300000000000427e-01 3.687445548004879115e+00
6.905000000000000027e-01 3.780592060388340503e+00
7.044500000000000206e-01 3.876246083736827330e+00
7.186799999999999855e-01 3.974774506888690606e+00
7.331999999999999629e-01 4.075852434418171022e+00
7.480099999999999527e-01 4.179676948841229311e+00
7.631200000000000205e-01 4.286197755090530137e+00
7.785400000000000098e-01 4.395547440956476315e+00
7.942599999999999660e-01 4.507749077490775136e+00
8.103099999999999747e-01 4.622992935131663650e+00
8.266799999999999704e-01 4.740961835133140845e+00
8.433800000000000185e-01 4.861926444833624572e+00
8.604100000000000081e-01 4.985659935616038041e+00
8.778000000000000247e-01 5.112724493695070649e+00
8.955300000000000482e-01 5.242436337510977040e+00
9.136199999999999877e-01 5.375250166777852279e+00
9.320800000000000196e-01 5.511107239306559435e+00
9.509100000000000330e-01 5.649708773207135160e+00
9.701100000000000279e-01 5.792031190566755861e+00
9.897099999999999786e-01 5.936711376055638034e+00
1.009700000000000042e+00 6.085074130985506535e+00
1.030100000000000016e+00 6.236423805132099041e+00
1.050899999999999945e+00 6.390810332705871843e+00
1.072100000000000053e+00 6.548380979471862595e+00
1.093800000000000106e+00 6.709202636404183018e+00
1.115899999999999892e+00 6.872935904575654398e+00
1.138400000000000079e+00 7.039875431588923149e+00
1.161399999999999988e+00 7.209960785424069485e+00
1.184900000000000064e+00 7.382873214417880803e+00
1.208800000000000097e+00 7.559016114301636335e+00
1.233300000000000063e+00 7.737971896652204862e+00
1.258199999999999985e+00 7.919813077782669630e+00
1.283600000000000074e+00 8.104523075833244050e+00
1.309500000000000108e+00 8.291959985179696346e+00
1.336000000000000076e+00 8.481976744186047412e+00
1.362999999999999989e+00 8.674776966747769436e+00
1.390500000000000069e+00 8.870126012983156727e+00
1.418600000000000083e+00 9.067903838043019249e+00
1.447200000000000042e+00 9.268043392413296999e+00
1.476499999999999924e+00 9.470754120678757104e+00
1.506299999999999972e+00 9.675334588570555283e+00
1.536699999999999955e+00 9.882550335570469358e+00
1.567800000000000082e+00 1.009144131586283955e+01
1.599399999999999933e+00 1.030265001167405892e+01
1.631799999999999917e+00 1.051578207596174508e+01
1.664700000000000069e+00 1.073039639120836775e+01
1.698399999999999910e+00 1.094706867671691697e+01
1.732699999999999907e+00 1.116580129104687025e+01
1.767700000000000049e+00 1.138553110188485107e+01
1.803399999999999892e+00 1.160701916416531887e+01
1.839800000000000102e+00 1.182957797573461178e+01
1.877000000000000002e+00 1.205421610437866953e+01
1.914900000000000047e+00 1.227938249214845179e+01
1.953600000000000003e+00 1.250683598275941932e+01
1.993000000000000105e+00 1.273442431894333104e+01
2.033300000000000107e+00 1.296407490331772827e+01
2.074399999999999800e+00 1.319362235375673187e+01
2.116299999999999848e+00 1.342536187335829645e+01
2.158999999999999808e+00 1.365686504217432073e+01
2.202599999999999891e+00 1.389021919322158816e+01
2.247100000000000097e+00 1.412461380020597268e+01
2.292499999999999982e+00 1.435926850664687038e+01
2.338799999999999990e+00 1.459530210839111319e+01
2.386099999999999888e+00 1.483160237388723957e+01
2.434299999999999908e+00 1.506806690003889315e+01
2.483499999999999819e+00 1.530717141225422218e+01
2.533599999999999852e+00 1.554547788140669340e+01
2.584799999999999986e+00 1.578531681924250663e+01
2.637000000000000011e+00 1.602523065336094987e+01
2.690300000000000136e+00 1.626666666666666572e+01
2.744699999999999918e+00 1.650864704114727388e+01
2.800100000000000033e+00 1.675092686215032245e+01
2.856700000000000017e+00 1.699428428005887071e+01
2.914400000000000102e+00 1.723795270876982855e+01
2.973300000000000054e+00 1.748319406923415187e+01
3.033300000000000107e+00 1.772921502426672546e+01
3.094599999999999795e+00 1.797466602062712226e+01
3.157099999999999795e+00 1.822264205784042801e+01
3.220899999999999874e+00 1.847088082269113940e+01
3.286000000000000032e+00 1.871906188424138406e+01
3.352300000000000058e+00 1.896951958013726269e+01
3.420100000000000140e+00 1.921955872741083482e+01
3.489199999999999857e+00 1.947237579310600708e+01
3.559600000000000097e+00 1.972563767805296564e+01
3.631600000000000161e+00 1.997891763550024535e+01
3.704899999999999860e+00 2.023372323041196807e+01
3.779799999999999827e+00 2.049019607843137436e+01
3.856100000000000083e+00 2.074788759137947736e+01
3.934000000000000163e+00 2.100658419792497966e+01
4.013499999999999623e+00 2.126667540296160297e+01
4.094599999999999795e+00 2.152875716174526488e+01
4.177299999999999791e+00 2.179183555298205022e+01
4.261700000000000266e+00 2.205666636233604194e+01
4.347800000000000331e+00 2.232267971974277643e+01
4.435599999999999987e+00 2.259022569035686345e+01
4.525199999999999889e+00 2.286037629084736267e+01
4.616600000000000037e+00 2.313201933804388233e+01
4.709900000000000198e+00 2.340516229956980965e+01
4.804999999999999716e+00 2.368089832181638599e+01
4.902099999999999902e+00 2.395820714718352562e+01
5.001100000000000101e+00 2.423838347062303811e+01
5.102100000000000080e+00 2.452073159053911766e+01
5.205199999999999605e+00 2.480404996977634369e+01
5.310399999999999565e+00 2.509169935333403956e+01
5.417600000000000193e+00 2.538152610441767010e+01
5.527099999999999902e+00 2.567361314939829597e+01
5.638700000000000045e+00 2.596787148594377470e+01
5.752600000000000158e+00 2.626560874089490127e+01
5.868900000000000006e+00 2.656647952896070208e+01
5.987400000000000055e+00 2.687017948533122080e+01
6.108399999999999608e+00 2.717668488160291318e+01
6.231799999999999784e+00 2.748581475265723384e+01
6.357700000000000351e+00 2.779835044605285432e+01
6.486100000000000421e+00 2.811630174629908296e+01
6.617099999999999760e+00 2.843697478991596839e+01
6.750799999999999912e+00 2.876069637061080186e+01
6.887199999999999989e+00 2.908761204082690455e+01
7.026299999999999990e+00 2.941927876584455248e+01
7.168199999999999683e+00 2.975541289892087349e+01
7.312999999999999723e+00 3.009626342717199066e+01
7.460799999999999876e+00 3.044083823153590629e+01
7.611500000000000377e+00 3.079005495097511158e+01
7.765299999999999869e+00 3.114449192849942349e+01
7.922100000000000364e+00 3.150371213028379813e+01
8.082200000000000273e+00 3.186717800609188345e+01
8.245400000000000063e+00 3.223664503245132096e+01
8.412000000000000810e+00 3.261144261144261236e+01
8.581899999999999196e+00 3.298967163958094773e+01
8.755300000000000082e+00 3.337563451776649259e+01
8.932199999999999918e+00 3.376583256101328345e+01
9.112600000000000477e+00 3.416261081175039749e+01
9.296699999999999520e+00 3.456362761055454769e+01
9.484500000000000597e+00 3.497097242380261406e+01
9.676099999999999923e+00 3.538225909380982870e+01
9.871600000000000819e+00 3.580010775862069039e+01
1.007099999999999973e+01 3.622405459198180466e+01
1.027399999999999913e+01 3.665066026410563893e+01
