# # k[h/Mpc], Boost (P^NLCDM_NL/P^NLCDM_L)
1.000000000000000048e-04 1.000000000000000000e+00
1.020200000000000024e-04 1.000000000000000000e+00
1.040800000000000064e-04 1.000000000000000000e+00
1.061800000000000032e-04 1.000000000000000000e+00
1.083300000000000013e-04 1.000000000000000000e+00
1.105200000000000057e-04 1.000000000000000000e+00
1.127500000000000030e-04 1.000000000000000000e+00
1.150300000000000015e-04 1.000000000000000000e+00
1.173500000000000064e-04 1.000000000000000000e+00
1.197199999999999989e-04 1.000000000000000000e+00
1.221399999999999927e-04 1.000000000000000000e+00
1.246099999999999877e-04 1.000000000000000000e+00
1.271199999999999891e-04 1.000000000000000000e+00
1.296899999999999865e-04 1.000000000000000000e+00
1.323100000000000122e-04 1.000000000000000000e+00
1.349900000000000069e-04 1.000000000000000000e+00
1.377100000000000080e-04 1.000000000000000000e+00
1.404900000000000051e-04 1.000000000000000000e+00
1.433299999999999982e-04 1.000000000000000000e+00
1.462299999999999874e-04 1.000000000000000000e+00
1.491800000000000049e-04 1.000000000000000000e+00
1.522000000000000132e-04 1.000000000000000000e+00
1.552699999999999957e-04 1.000000000000000000e+00
1.584099999999999961e-04 1.000000000000000000e+00
1.616099999999999926e-04 1.000000000000000000e+00
1.648700000000000122e-04 1.000000000000000000e+00
1.681999999999999956e-04 1.000000000000000000e+00
1.715999999999999969e-04 1.000000000000000000e+00
1.750699999999999891e-04 1.000000000000000000e+00
1.786000000000000044e-04 1.000000000000000000e+00
1.822100000000000054e-04 1.000000000000000000e+00
1.858899999999999973e-04 1.000000000000000000e+00
1.896500000000000020e-04 1.000000000000000000e+00
1.934799999999999975e-04 1.000000000000000000e+00
1.973900000000000058e-04 1.000000000000000000e+00
2.013799999999999998e-04 1.000000000000000000e+00
2.054400000000000117e-04 1.000000000000000000e+00
2.095900000000000042e-04 1.000000000000000000e+00
2.138300000000000042e-04 1.000000000000000000e+00
2.181499999999999900e-04 1.000000000000000000e+00
2.225499999999999885e-04 1.000000000000000000e+00
2.270499999999999895e-04 1.000000000000000000e+00
2.316399999999999980e-04 1.000000000000000000e+00
2.363199999999999871e-04 1.000000000000000000e+00
2.410900000000000109e-04 1.000000000000000000e+00
2.459599999999999829e-04 1.000000000000000000e+00
2.509300000000000115e-04 1.000000000000000000e+00
2.559999999999999884e-04 1.000000000000000000e+00
2.611700000000000219e-04 1.000000000000000000e+00
2.664499999999999985e-04 1.000000000000000000e+00
2.718299999999999775e-04 1.000000000000000000e+00
2.773200000000000079e-04 1.000000000000000000e+00
2.829199999999999814e-04 1.000000000000000000e+00
2.886400000000000012e-04 1.000000000000000000e+00
2.944700000000000182e-04 1.000000000000000000e+00
3.004199999999999731e-04 1.000000000000000000e+00
3.064899999999999743e-04 1.000000000000000000e+00
3.126800000000000217e-04 1.000000000000000000e+00
3.189900000000000070e-04 1.000000000000000000e+00
3.254399999999999741e-04 1.000000000000000000e+00
3.320099999999999874e-04 1.000000000000000000e+00
3.387199999999999825e-04 1.000000000000000000e+00
3.455600000000000186e-04 1.000000000000000000e+00
3.525399999999999823e-04 1.000000000000000000e+00
3.596599999999999819e-04 1.000000000000000000e+00
3.669300000000000122e-04 1.000000000000000000e+00
3.743400000000000243e-04 1.000000000000000000e+00
3.819000000000000129e-04 1.000000000000000000e+00
3.896200000000000271e-04 1.000000000000000000e+00
3.974900000000000178e-04 1.000000000000000000e+00
4.055199999999999799e-04 1.000000000000000000e+00
4.137100000000000217e-04 1.000000000000000000e+00
4.220699999999999756e-04 1.000000000000000000e+00
4.306000000000000040e-04 1.000000000000000000e+00
4.392900000000000038e-04 1.000000000000000000e+00
4.481700000000000137e-04 1.000000000000000000e+00
4.572199999999999897e-04 1.000000000000000000e+00
4.664599999999999758e-04 1.000000000000000000e+00
4.758799999999999771e-04 1.000000000000000000e+00
4.854999999999999832e-04 1.000000000000000000e+00
4.952999999999999504e-04 1.000000000000000000e+00
5.053100000000000256e-04 1.000000000000000000e+00
5.155199999999999973e-04 1.000000000000000000e+00
5.259299999999999739e-04 1.000000000000000000e+00
5.365600000000000534e-04 1.000000000000000000e+00
5.473900000000000293e-04 1.000000000000000000e+00
5.584500000000000488e-04 1.000000000000000000e+00
5.697299999999999543e-04 1.000000000000000000e+00
5.812400000000000119e-04 1.000000000000000000e+00
5.929900000000000535e-04 1.000000000000000000e+00
6.049599999999999813e-04 1.000000000000000000e+00
6.171899999999999912e-04 1.000000000000000000e+00
6.296500000000000447e-04 1.000000000000000000e+00
6.423699999999999636e-04 1.000000000000000000e+00
6.553499999999999647e-04 1.000000000000000000e+00
6.685900000000000480e-04 1.000000000000000000e+00
6.821000000000000457e-04 1.000000000000000000e+00
6.958799999999999578e-04 1.000000000000000000e+00
7.099300000000000012e-04 1.000000000000000000e+00
7.242699999999999486e-04 1.000000000000000000e+00
7.389099999999999575e-04 1.000000000000000000e+00
7.538300000000000382e-04 1.000000000000000000e+00
7.690600000000000127e-04 1.000000000000000000e+00
7.845999999999999893e-04 1.000000000000000000e+00
8.004499999999999680e-04 1.000000000000000000e+00
8.166199999999999978e-04 1.000000000000000000e+00
8.331099999999999704e-04 1.000000000000000000e+00
8.499399999999999837e-04 1.000000000000000000e+00
8.671100000000000379e-04 1.000000000000000000e+00
8.846299999999999650e-04 1.000000000000000000e+00
9.024999999999999819e-04 1.000000000000000000e+00
9.207300000000000293e-04 1.000000000000000000e+00
9.393300000000000477e-04 1.000000000000000000e+00
9.583099999999999778e-04 1.000000000000000000e+00
9.776699999999999280e-04 1.000000000000000000e+00
9.974199999999999473e-04 1.000000000000000000e+00
1.017600000000000015e-03 1.000000000000000000e+00
1.038099999999999917e-03 1.000000000000000000e+00
1.059100000000000102e-03 1.000000000000000000e+00
1.080500000000000080e-03 1.000000000000000000e+00
1.102300000000000068e-03 1.000000000000000000e+00
1.124599999999999905e-03 1.000000000000000000e+00
1.147299999999999969e-03 1.000000000000000000e+00
1.170500000000000099e-03 1.000000000000000000e+00
1.194100000000000023e-03 1.000000000000000000e+00
1.218200000000000012e-03 1.000000000000000000e+00
1.242899999999999908e-03 1.000000000000000000e+00
1.268000000000000030e-03 1.000000000000000000e+00
1.293600000000000002e-03 1.000000000000000000e+00
1.319700000000000040e-03 1.000000000000000000e+00
1.346399999999999984e-03 1.000000000000000000e+00
1.373599999999999995e-03 1.000000000000000000e+00
1.401300000000000072e-03 1.000000000000000000e+00
1.429600000000000055e-03 1.000000000000000000e+00
1.458499999999999944e-03 1.000000000000000000e+00
1.487999999999999956e-03 1.000000000000000000e+00
1.518000000000000035e-03 1.000000000000000000e+00
1.548700000000000077e-03 1.000000000000000000e+00
1.580000000000000024e-03 1.000000000000000000e+00
1.611900000000000095e-03 1.000000000000000000e+00
1.644499999999999912e-03 1.000000000000000000e+00
1.677700000000000068e-03 1.000000000000000000e+00
1.711599999999999970e-03 1.000000000000000000e+00
1.746200000000000052e-03 1.000000000000000000e+00
1.781400000000000041e-03 1.000000000000000000e+00
1.817400000000000048e-03 1.000000000000000000e+00
1.854100000000000019e-03 1.000000000000000000e+00
1.891600000000000009e-03 1.000000000000000000e+00
1.929799999999999962e-03 1.000000000000000000e+00
1.968800000000000151e-03 1.000000000000000000e+00
2.008600000000000142e-03 1.000000000000000000e+00
2.049099999999999880e-03 1.000000000000000000e+00
2.090499999999999910e-03 1.000000000000000000e+00
2.132799999999999800e-03 1.000000000000000000e+00
2.175799999999999870e-03 1.000000000000000000e+00
2.219800000000000072e-03 1.000000000000000000e+00
2.264599999999999860e-03 1.000000000000000000e+00
2.310400000000000214e-03 1.000000000000000000e+00
2.357099999999999994e-03 1.000000000000000000e+00
2.404700000000000067e-03 1.000000000000000000e+00
2.453299999999999838e-03 1.000000000000000000e+00
2.502799999999999903e-03 1.000000000000000000e+00
2.553399999999999941e-03 1.000000000000000000e+00
2.605000000000000111e-03 1.000000000000000000e+00
2.657599999999999980e-03 1.000000000000000000e+00
2.711299999999999821e-03 1.000000000000000000e+00
2.765999999999999796e-03 1.000000000000000000e+00
2.821900000000000016e-03 1.000000000000000000e+00
2.878900000000000209e-03 1.000000000000000000e+00
2.937100000000000214e-03 1.000000000000000000e+00
2.996400000000000192e-03 1.000000000000000000e+00
3.056899999999999982e-03 1.000000000000000000e+00
3.118699999999999858e-03 1.000000000000000000e+00
3.181699999999999980e-03 1.000000000000000000e+00
3.246000000000000187e-03 1.000000000000000000e+00
3.311500000000000207e-03 1.000000000000000000e+00
3.378400000000000153e-03 1.000000000000000000e+00
3.446700000000000024e-03 1.000000000000000000e+00
3.516299999999999981e-03 1.000000000000000000e+00
3.587400000000000137e-03 1.000000000000000000e+00
3.659799999999999946e-03 1.000000000000000000e+00
3.733799999999999793e-03 1.000000000000000000e+00
3.809199999999999999e-03 1.000000000000000000e+00
3.886099999999999971e-03 1.000049630254603139e+00
3.964600000000000415e-03 1.000000000000000000e+00
4.044700000000000031e-03 1.000000000000000000e+00
4.126399999999999686e-03 1.000000000000000000e+00
4.209799999999999653e-03 1.000000000000000000e+00
4.294799999999999660e-03 1.000000000000000000e+00
4.381600000000000251e-03 9.999543399844755820e-01
4.470100000000000288e-03 1.000000000000000000e+00
4.560400000000000044e-03 1.000088920505068479e+00
4.652500000000000385e-03 1.000087761639387507e+00
4.746499999999999851e-03 1.000086632591180802e+00
4.842400000000000176e-03 1.000085532224265439e+00
4.940199999999999626e-03 9.999155441070900485e-01
5.040000000000000209e-03 9.997497706230711323e-01
5.141899999999999596e-03 9.995468589083419397e-01
5.245699999999999842e-03 9.992674588963047499e-01
5.351700000000000033e-03 9.990751166157310070e-01
5.459799999999999896e-03 9.989667368755712484e-01
5.570099999999999704e-03 9.989393879875868576e-01
5.682600000000000325e-03 9.989126213592233183e-01
5.797400000000000296e-03 9.989248137623838453e-01
5.914499999999999619e-03 9.989746316269177973e-01
6.034000000000000301e-03 9.989857631193418408e-01
6.155899999999999740e-03 9.990337087003382521e-01
6.280299999999999945e-03 9.989702853780523251e-01
6.407200000000000048e-03 9.989808175299385029e-01
6.536600000000000049e-03 9.989910637071202082e-01
6.668600000000000222e-03 9.989653203938918535e-01
6.803299999999999972e-03 9.989399667856259102e-01
6.940799999999999574e-03 9.989499474973748683e-01
7.080999999999999621e-03 9.989595977111149772e-01
7.224000000000000386e-03 9.989689658727703980e-01
7.369999999999999815e-03 9.989779927778156265e-01
7.518900000000000236e-03 9.989866918867796874e-01
7.670800000000000188e-03 9.989616131841628777e-01
7.825699999999999670e-03 9.989699627857522302e-01
7.983799999999999231e-03 9.989780107473708037e-01
8.145100000000000603e-03 9.989857348514592505e-01
8.309600000000000319e-03 9.990256260352723405e-01
8.477500000000000660e-03 9.990002579979360142e-01
8.648799999999999891e-03 9.990390775144137869e-01
8.823499999999999746e-03 9.990453764398905534e-01
9.001699999999999632e-03 9.990513534024790809e-01
9.183600000000000096e-03 9.990884802765991335e-01
9.369099999999999998e-03 9.990937216788025044e-01
9.558300000000000476e-03 9.991297320818052219e-01
9.751400000000000345e-03 9.991342526745408126e-01
9.948399999999999604e-03 9.991999999999999771e-01
1.014900000000000004e-02 9.992036753445635577e-01
1.035400000000000036e-02 9.992680695333943097e-01
1.056400000000000047e-02 9.992709820479329652e-01
1.077700000000000012e-02 9.993039162278312126e-01
1.099499999999999957e-02 9.993665540540540571e-01
1.121699999999999954e-02 9.994285886138762898e-01
1.144300000000000005e-02 9.994900866852635124e-01
1.167499999999999961e-02 9.995211874551113151e-01
1.191000000000000045e-02 9.995818523938950761e-01
1.215100000000000034e-02 9.996421435600751915e-01
1.239700000000000003e-02 9.997021416018824214e-01
1.264700000000000026e-02 9.997619047619047405e-01
1.290200000000000027e-02 9.998512480290363547e-01
1.316299999999999935e-02 9.999404974413900193e-01
1.342899999999999996e-02 1.000000000000000000e+00
1.370000000000000037e-02 1.000089368167058845e+00
1.397699999999999984e-02 1.000208805631786158e+00
1.425900000000000084e-02 1.000328701628567130e+00
1.454699999999999917e-02 1.000419274654847035e+00
1.484100000000000003e-02 1.000540540540540535e+00
1.514099999999999994e-02 1.000662770380189137e+00
1.544700000000000066e-02 1.000816425266850107e+00
1.575899999999999870e-02 1.000941333657233034e+00
1.607700000000000101e-02 1.001098364657066142e+00
1.640199999999999991e-02 1.001257514415409222e+00
1.673399999999999888e-02 1.001419096097485806e+00
1.707200000000000037e-02 1.001614505712866476e+00
1.741600000000000092e-02 1.001782085352509011e+00
1.776799999999999907e-02 1.001984564498346275e+00
1.812700000000000075e-02 1.002191310975609762e+00
1.849299999999999902e-02 1.002434804895239395e+00
1.886699999999999836e-02 1.002651662139438571e+00
1.924800000000000122e-02 1.002939543390926502e+00
1.963700000000000168e-02 1.003168839742531793e+00
2.003399999999999972e-02 1.003471758579249640e+00
2.043800000000000130e-02 1.003749619970948803e+00
2.085100000000000148e-02 1.004070463485548181e+00
2.127199999999999924e-02 1.004401622015041795e+00
2.170199999999999907e-02 1.004743999718874070e+00
2.214100000000000096e-02 1.005134055904164381e+00
2.258800000000000044e-02 1.005465469813233037e+00
2.304399999999999851e-02 1.005883218120311895e+00
2.350999999999999965e-02 1.006354427540836483e+00
2.398499999999999938e-02 1.006767546194205831e+00
2.446900000000000117e-02 1.007236282021515272e+00
2.496400000000000008e-02 1.007724137931034436e+00
2.546800000000000105e-02 1.008272427917436431e+00
2.598200000000000162e-02 1.008802456499488187e+00
2.650699999999999931e-02 1.009355162044771159e+00
2.704300000000000107e-02 1.009931375474191206e+00
2.758899999999999894e-02 1.010575793184488758e+00
2.814600000000000088e-02 1.011202987463323488e+00
2.871500000000000094e-02 1.011948028348173656e+00
2.929500000000000159e-02 1.012631187888919815e+00
2.988700000000000037e-02 1.013390313390313491e+00
3.048999999999999974e-02 1.014131015393580304e+00
3.110600000000000170e-02 1.014900908955446379e+00
3.173499999999999932e-02 1.015699624021948910e+00
3.237600000000000200e-02 1.016579179876305750e+00
3.302999999999999686e-02 1.017436606241029162e+00
3.369699999999999779e-02 1.018377555458895189e+00
3.437799999999999884e-02 1.019236114971924234e+00
3.507199999999999901e-02 1.020177333181766510e+00
3.578100000000000031e-02 1.021145579179737473e+00
3.650400000000000172e-02 1.022137812333076212e+00
3.724100000000000327e-02 1.023152918358688490e+00
3.799299999999999899e-02 1.024124706173450416e+00
3.876099999999999685e-02 1.025173501577287150e+00
3.954400000000000276e-02 1.026168584838937914e+00
4.034299999999999692e-02 1.027170354851381529e+00
4.115800000000000014e-02 1.028177458033573188e+00
4.198899999999999855e-02 1.029192630723381185e+00
4.283800000000000108e-02 1.030142454063725843e+00
4.370299999999999879e-02 1.031169194213432005e+00
4.458600000000000063e-02 1.032203149382891150e+00
4.548599999999999866e-02 1.033249370277078194e+00
4.640500000000000180e-02 1.034233576642335839e+00
4.734300000000000314e-02 1.035307179866765459e+00
4.829900000000000165e-02 1.036403212489679593e+00
4.927499999999999936e-02 1.037445772128776866e+00
5.027000000000000218e-02 1.038517946738710895e+00
5.128599999999999826e-02 1.039624119028974114e+00
5.232200000000000045e-02 1.040855257928622546e+00
5.337900000000000283e-02 1.041979494631468439e+00
5.445699999999999846e-02 1.043249897414854299e+00
5.555700000000000222e-02 1.044600350789275822e+00
5.668000000000000121e-02 1.046046472040173647e+00
5.782500000000000140e-02 1.047610773240660320e+00
5.899299999999999683e-02 1.049124988895798083e+00
6.018400000000000138e-02 1.050973966866921572e+00
6.140000000000000319e-02 1.052808673707823051e+00
6.264100000000000223e-02 1.054737854737854752e+00
6.390600000000000447e-02 1.056972704714640221e+00
6.519700000000000495e-02 1.059336823734729593e+00
6.651400000000000368e-02 1.061908664233032651e+00
6.785800000000000165e-02 1.064668089482588842e+00
6.922899999999999887e-02 1.067664498301767351e+00
7.062699999999999534e-02 1.070862454067295966e+00
7.205400000000000693e-02 1.074283133890268749e+00
7.351000000000000589e-02 1.077941157180896337e+00
7.499400000000000510e-02 1.081791479082024665e+00
7.650899999999999368e-02 1.085835368481540053e+00
7.805499999999999938e-02 1.090031864366019398e+00
7.963199999999999446e-02 1.094328358208955132e+00
8.124099999999999377e-02 1.098661987997245237e+00
8.288199999999999734e-02 1.102991905461252031e+00
8.455600000000000616e-02 1.107181497312924368e+00
8.626399999999999346e-02 1.111233540851743751e+00
8.800700000000000189e-02 1.115031837477258980e+00
8.978500000000000369e-02 1.118588244465232417e+00
9.159799999999999887e-02 1.121848403723978205e+00
9.344900000000000428e-02 1.124877450980392046e+00
9.533700000000000507e-02 1.127716768426097804e+00
9.726300000000000223e-02 1.130446785016563371e+00
9.922699999999999576e-02 1.133177570093458097e+00
1.012300000000000005e-01 1.136047819661645031e+00
1.032799999999999968e-01 1.139152962378914058e+00
1.053599999999999953e-01 1.142629757785467159e+00
1.074900000000000022e-01 1.146602194884922543e+00
1.096599999999999936e-01 1.151115023474178489e+00
1.118799999999999933e-01 1.156395702412325255e+00
1.141400000000000053e-01 1.162432396781427180e+00
1.164400000000000018e-01 1.169357286751110614e+00
1.188000000000000028e-01 1.177253355753341113e+00
1.212000000000000022e-01 1.186103383975789294e+00
1.236499999999999960e-01 1.195812330360604969e+00
1.261400000000000021e-01 1.206229272795651175e+00
1.286899999999999988e-01 1.217017277524759633e+00
1.312899999999999900e-01 1.227901658090337467e+00
1.339400000000000035e-01 1.238291569930349834e+00
1.366499999999999937e-01 1.248013383521539010e+00
1.394100000000000061e-01 1.256692160611854847e+00
1.422299999999999953e-01 1.264328063241106692e+00
1.451000000000000068e-01 1.271017238988769282e+00
1.480299999999999949e-01 1.277011330773242248e+00
1.510199999999999876e-01 1.282710053423992136e+00
1.540700000000000125e-01 1.288666467483318367e+00
1.571799999999999864e-01 1.295620998719590133e+00
1.603600000000000025e-01 1.304007199195384104e+00
1.635999999999999954e-01 1.314398943196829705e+00
1.668999999999999928e-01 1.326921969478836560e+00
1.702799999999999869e-01 1.341654044229021459e+00
1.737100000000000033e-01 1.358491773894116905e+00
1.772199999999999886e-01 1.376991390414209260e+00
1.807999999999999885e-01 1.396353718059144544e+00
1.844600000000000128e-01 1.415611974232664050e+00
1.881799999999999862e-01 1.433588150979455245e+00
1.919800000000000118e-01 1.449879377755594501e+00
1.958600000000000063e-01 1.463930885529157733e+00
1.998199999999999976e-01 1.476326603537609250e+00
2.038600000000000134e-01 1.488016224188790648e+00
2.079699999999999882e-01 1.500285659874309507e+00
2.121800000000000075e-01 1.514708785784797618e+00
2.164600000000000135e-01 1.532121985348588344e+00
2.208299999999999985e-01 1.553194931248314870e+00
2.253000000000000003e-01 1.577656118670634600e+00
2.298499999999999988e-01 1.604884954053600099e+00
2.344900000000000040e-01 1.633509047594911001e+00
2.392299999999999982e-01 1.661460419169670022e+00
2.440599999999999992e-01 1.687573500588004816e+00
2.489899999999999891e-01 1.710987726475745152e+00
2.540200000000000236e-01 1.732642424058230768e+00
2.591499999999999915e-01 1.753859754364916368e+00
2.643900000000000139e-01 1.776956557444362428e+00
2.697300000000000253e-01 1.803292745669696329e+00
2.751799999999999802e-01 1.834238641677758075e+00
2.807399999999999896e-01 1.868990839579074859e+00
2.864099999999999979e-01 1.906210746685275570e+00
2.921900000000000053e-01 1.943914056106926580e+00
2.980999999999999761e-01 1.980247946623213462e+00
3.041200000000000014e-01 2.014442345787073041e+00
3.102599999999999802e-01 2.047490802414215771e+00
3.165299999999999780e-01 2.081511233839588026e+00
3.229199999999999848e-01 2.118547497768208832e+00
3.294500000000000206e-01 2.159970258585079961e+00
3.361000000000000099e-01 2.205255846260708807e+00
3.428899999999999726e-01 2.252845577941445132e+00
3.498200000000000198e-01 2.300754523946543895e+00
3.568899999999999850e-01 2.347658476081928125e+00
3.640900000000000247e-01 2.394130862117382463e+00
3.714500000000000024e-01 2.441659622946602326e+00
3.789500000000000091e-01 2.492296433248593956e+00
3.866100000000000092e-01 2.547046217298127857e+00
3.944199999999999928e-01 2.604979182598351706e+00
4.023900000000000254e-01 2.664777038789448049e+00
4.105199999999999960e-01 2.724780958628121308e+00
4.188100000000000156e-01 2.785422912468668688e+00
4.272699999999999831e-01 2.847482088552137025e+00
4.359000000000000097e-01 2.913059943735122559e+00
4.447099999999999942e-01 2.981987612932552434e+00
4.536899999999999822e-01 3.053850746268656824e+00
4.628599999999999937e-01 3.127233962500783893e+00
4.722100000000000186e-01 3.202212418515835601e+00
4.817400000000000015e-01 3.279156584860006607e+00
4.914799999999999724e-01 3.359181006316707130e+00
5.014100000000000223e-01 3.442410373760488529e+00
5.115300000000000402e-01 3.528775248477075799e+00
5.218699999999999450e-01 3.617535584940621440e+00
5.324100000000000499e-01 3.709745950252279378e+00
5.431700000000000417e-01 3.804186046511627950e+00
5.541399999999999659e-01 3.901652165412063944e+00
5.653299999999999992e-01 4.002445465100747057e+00
5.767499999999999849e-01 4.106116894898267589e+00
5.884000000000000341e-01 4.213047574722168065e+00
6.002899999999999903e-01 4.323369727343236768e+00
6.124199999999999644e-01 4.437029603612645090e+00
6.247899999999999565e-01 4.554254365142162975e+00
6.374100000000000321e-01 4.675198624533770442e+00
6.502900000000000347e-01 4.799895026899357653e+00
6.634200000000000097e-01 4.928478344193177207e+00
6.768300000000000427e-01 5.060946115894360275e+00
6.905000000000000027e-01 5.197381808315810758e+00
7.044500000000000206e-01 5.338160804737105636e+00
7.186799999999999855e-01 5.482787730982083829e+00
7.331999999999999629e-01 5.631968426245682835e+00
7.480099999999999527e-01 5.785190874556286111e+00
7.631200000000000205e-01 5.943048064114602624e+00
7.785400000000000098e-01 6.105125318753014341e+00
7.942599999999999660e-01 6.271751740139211329e+00
8.103099999999999747e-01 6.443082712502224751e+00
8.266799999999999704e-01 6.618783939223710888e+00
8.433800000000000185e-01 6.799121967692913771e+00
8.604100000000000081e-01 6.984042395713059292e+00
8.778000000000000247e-01 7.173290145758066672e+00
8.955300000000000482e-01 7.367472642683965844e+00
9.136199999999999877e-01 7.565909639177034407e+00
9.320800000000000196e-01 7.768595041322313932e+00
9.509100000000000330e-01 7.976058861652242982e+00
9.701100000000000279e-01 8.187467425730664772e+00
9.897099999999999786e-01 8.403102735972344917e+00
1.009700000000000042e+00 8.623287974823812263e+00
1.030100000000000016e+00 8.847623485554519718e+00
1.050899999999999945e+00 9.075679647318148469e+00
1.072100000000000053e+00 9.307557660626029516e+00
1.093800000000000106e+00 9.543388876866478299e+00
1.115899999999999892e+00 9.782299778320922456e+00
1.138400000000000079e+00 1.002448199677554186e+01
1.161399999999999988e+00 1.027032112393376728e+01
1.184900000000000064e+00 1.051900151485213719e+01
1.208800000000000097e+00 1.077034783210013202e+01
1.233300000000000063e+00 1.102504537205081725e+01
1.258199999999999985e+00 1.128152380952380973e+01
1.283600000000000074e+00 1.154061400703549722e+01
1.309500000000000108e+00 1.180254990773360113e+01
1.336000000000000076e+00 1.206687197536295564e+01
1.362999999999999989e+00 1.233182615114884051e+01
1.390500000000000069e+00 1.259990324141267415e+01
1.418600000000000083e+00 1.286769180833367088e+01
1.447200000000000042e+00 1.313842228364873321e+01
1.476499999999999924e+00 1.340938969228369615e+01
1.506299999999999972e+00 1.368156881055211826e+01
1.536699999999999955e+00 1.395382959992174499e+01
1.567800000000000082e+00 1.422735596562896099e+01
1.599399999999999933e+00 1.450083808246731643e+01
1.631799999999999917e+00 1.477524777493893282e+01
1.664700000000000069e+00 1.504812284181911508e+01
1.698399999999999910e+00 1.532200522835614187e+01
1.732699999999999907e+00 1.559483202471360386e+01
1.767700000000000049e+00 1.586672950364398460e+01
1.803399999999999892e+00 1.613812407576931562e+01
1.839800000000000102e+00 1.640832106038291371e+01
1.877000000000000002e+00 1.667673948609373724e+01
1.914900000000000047e+00 1.694446680080482892e+01
1.953600000000000003e+00 1.721000168236877315e+01
1.993000000000000105e+00 1.747368421052631149e+01
2.033300000000000107e+00 1.773563244782219428e+01
2.074399999999999800e+00 1.799549063347005529e+01
2.116299999999999848e+00 1.825303770512338630e+01
2.158999999999999808e+00 1.850788833363857933e+01
2.202599999999999891e+00 1.876024478199104095e+01
2.247100000000000097e+00 1.901026811180832965e+01
2.292499999999999982e+00 1.925742869052581341e+01
2.338799999999999990e+00 1.950091674694676769e+01
2.386099999999999888e+00 1.974216773691379601e+01
2.434299999999999908e+00 1.998037158617889020e+01
2.483499999999999819e+00 2.021432102252665786e+01
2.533599999999999852e+00 2.044570502431118442e+01
2.584799999999999986e+00 2.067396733909702178e+01
2.637000000000000011e+00 2.089812439884578410e+01
2.690300000000000136e+00 2.111933124346917268e+01
2.744699999999999918e+00 2.133728532821898582e+01
2.800100000000000033e+00 2.155076811198981446e+01
2.856700000000000017e+00 2.176049663539000889e+01
2.914400000000000102e+00 2.196739130434782794e+01
2.973300000000000054e+00 2.217111362933965069e+01
3.033300000000000107e+00 2.236952319587629034e+01
3.094599999999999795e+00 2.256632710175752976e+01
3.157099999999999795e+00 2.275713202263578694e+01
3.220899999999999874e+00 2.294618425053207389e+01
3.286000000000000032e+00 2.312947588567082846e+01
3.352300000000000058e+00 2.331043593130779357e+01
3.420100000000000140e+00 2.348729951125489990e+01
3.489199999999999857e+00 2.366166869933280736e+01
3.559600000000000097e+00 2.383074162679426067e+01
3.631600000000000161e+00 2.399766264121542392e+01
3.704899999999999860e+00 2.415929203539823078e+01
3.779799999999999827e+00 2.431931635502157363e+01
3.856100000000000083e+00 2.447451948509962705e+01
3.934000000000000163e+00 2.462831939722503094e+01
4.013499999999999623e+00 2.477832040601359864e+01
4.094599999999999795e+00 2.492366031334197984e+01
4.177299999999999791e+00 2.506577647438097500e+01
4.261700000000000266e+00 2.520619506432419143e+01
4.347800000000000331e+00 2.534253538308615106e+01
4.435599999999999987e+00 2.547678470521755401e+01
4.525199999999999889e+00 2.560767616780574230e+01
4.616600000000000037e+00 2.573730656094129543e+01
4.709900000000000198e+00 2.586351699038833374e+01
4.804999999999999716e+00 2.598593702231733005e+01
4.902099999999999902e+00 2.610711129782271556e+01
5.001100000000000101e+00 2.622628971849703916e+01
5.102100000000000080e+00 2.634263851494969799e+01
5.205199999999999605e+00 2.645774509160154864e+01
5.310399999999999565e+00 2.656921312541723168e+01
5.417600000000000193e+00 2.668094600624721124e+01
5.527099999999999902e+00 2.678927088956313085e+01
5.638700000000000045e+00 2.689612330867936407e+01
5.752600000000000158e+00 2.700196400008099218e+01
5.868900000000000006e+00 2.710511309636951083e+01
5.987400000000000055e+00 2.720863626349416009e+01
6.108399999999999608e+00 2.730992001470993458e+01
6.231799999999999784e+00 2.740941464233471692e+01
6.357700000000000351e+00 2.750907043663205087e+01
6.486100000000000421e+00 2.760646492075511205e+01
6.617099999999999760e+00 2.770450705760531918e+01
6.750799999999999912e+00 2.780160400432285073e+01
6.887199999999999989e+00 2.789740849585893656e+01
7.026299999999999990e+00 2.799349240780911074e+01
7.168199999999999683e+00 2.808773575749733098e+01
7.312999999999999723e+00 2.818341496368856980e+01
7.460799999999999876e+00 2.827772291196388466e+01
7.611500000000000377e+00 2.837231573906957749e+01
7.765299999999999869e+00 2.846695391244133333e+01
7.922100000000000364e+00 2.856063650245117813e+01
8.082200000000000273e+00 2.865622769824944172e+01
8.245400000000000063e+00 2.875169963594894540e+01
8.412000000000000810e+00 2.884774039783664534e+01
8.581899999999999196e+00 2.894333477032140678e+01
8.755300000000000082e+00 2.904070495168477706e+01
8.932199999999999918e+00 2.913849052653616312e+01
9.112600000000000477e+00 2.923826201160117932e+01
9.296699999999999520e+00 2.933741488813869580e+01
9.484500000000000597e+00 2.943756357326632056e+01
9.676099999999999923e+00 2.953760480540608313e+01
9.871600000000000819e+00 2.963813636958512987e+01
1.007099999999999973e+01 2.973925540651519484e+01
1.027399999999999913e+01 2.984251968503937036e+01
