# # k[h/Mpc], Boost (P^NLCDM_NL/P^NLCDM_L)
1.000000000000000048e-04 1.000000000000000000e+00
1.020200000000000024e-04 1.000000000000000000e+00
1.040800000000000064e-04 1.000000000000000000e+00
1.061800000000000032e-04 1.000000000000000000e+00
1.083300000000000013e-04 1.000000000000000000e+00
1.105200000000000057e-04 1.000000000000000000e+00
1.127500000000000030e-04 1.000000000000000000e+00
1.150300000000000015e-04 1.000000000000000000e+00
1.173500000000000064e-04 1.000000000000000000e+00
1.197199999999999989e-04 1.000000000000000000e+00
1.221399999999999927e-04 1.000000000000000000e+00
1.246099999999999877e-04 1.000000000000000000e+00
1.271199999999999891e-04 1.000000000000000000e+00
1.296899999999999865e-04 1.000000000000000000e+00
1.323100000000000122e-04 1.000000000000000000e+00
1.349900000000000069e-04 1.000000000000000000e+00
1.377100000000000080e-04 1.000000000000000000e+00
1.404900000000000051e-04 1.000000000000000000e+00
1.433299999999999982e-04 1.000000000000000000e+00
1.462299999999999874e-04 1.000000000000000000e+00
1.491800000000000049e-04 1.000000000000000000e+00
1.522000000000000132e-04 1.000000000000000000e+00
1.552699999999999957e-04 1.000000000000000000e+00
1.584099999999999961e-04 1.000000000000000000e+00
1.616099999999999926e-04 1.000000000000000000e+00
1.648700000000000122e-04 1.000000000000000000e+00
1.681999999999999956e-04 1.000000000000000000e+00
1.715999999999999969e-04 1.000000000000000000e+00
1.750699999999999891e-04 1.000000000000000000e+00
1.786000000000000044e-04 1.000000000000000000e+00
1.822100000000000054e-04 1.000000000000000000e+00
1.858899999999999973e-04 1.000000000000000000e+00
1.896500000000000020e-04 1.000000000000000000e+00
1.934799999999999975e-04 1.000000000000000000e+00
1.973900000000000058e-04 1.000000000000000000e+00
2.013799999999999998e-04 1.000000000000000000e+00
2.054400000000000117e-04 1.000000000000000000e+00
2.095900000000000042e-04 1.000000000000000000e+00
2.138300000000000042e-04 1.000000000000000000e+00
2.181499999999999900e-04 1.000000000000000000e+00
2.225499999999999885e-04 1.000000000000000000e+00
2.270499999999999895e-04 1.000000000000000000e+00
2.316399999999999980e-04 1.000000000000000000e+00
2.363199999999999871e-04 1.000000000000000000e+00
2.410900000000000109e-04 1.000000000000000000e+00
2.459599999999999829e-04 1.000000000000000000e+00
2.509300000000000115e-04 1.000000000000000000e+00
2.559999999999999884e-04 1.000000000000000000e+00
2.611700000000000219e-04 1.000000000000000000e+00
2.664499999999999985e-04 1.000000000000000000e+00
2.718299999999999775e-04 1.000000000000000000e+00
2.773200000000000079e-04 1.000000000000000000e+00
2.829199999999999814e-04 1.000000000000000000e+00
2.886400000000000012e-04 1.000000000000000000e+00
2.944700000000000182e-04 1.000000000000000000e+00
3.004199999999999731e-04 1.000000000000000000e+00
3.064899999999999743e-04 1.000000000000000000e+00
3.126800000000000217e-04 1.000000000000000000e+00
3.189900000000000070e-04 1.000000000000000000e+00
3.254399999999999741e-04 1.000000000000000000e+00
3.320099999999999874e-04 1.000000000000000000e+00
3.387199999999999825e-04 1.000000000000000000e+00
3.455600000000000186e-04 1.000000000000000000e+00
3.525399999999999823e-04 1.000000000000000000e+00
3.596599999999999819e-04 1.000000000000000000e+00
3.669300000000000122e-04 1.000000000000000000e+00
3.743400000000000243e-04 1.000000000000000000e+00
3.819000000000000129e-04 1.000000000000000000e+00
3.896200000000000271e-04 1.000000000000000000e+00
3.974900000000000178e-04 1.000000000000000000e+00
4.055199999999999799e-04 1.000000000000000000e+00
4.137100000000000217e-04 1.000000000000000000e+00
4.220699999999999756e-04 1.000000000000000000e+00
4.306000000000000040e-04 1.000000000000000000e+00
4.392900000000000038e-04 1.000000000000000000e+00
4.481700000000000137e-04 1.000000000000000000e+00
4.572199999999999897e-04 1.000000000000000000e+00
4.664599999999999758e-04 1.000000000000000000e+00
4.758799999999999771e-04 1.000000000000000000e+00
4.854999999999999832e-04 1.000000000000000000e+00
4.952999999999999504e-04 1.000000000000000000e+00
5.053100000000000256e-04 1.000000000000000000e+00
5.155199999999999973e-04 1.000000000000000000e+00
5.259299999999999739e-04 1.000000000000000000e+00
5.365600000000000534e-04 1.000000000000000000e+00
5.473900000000000293e-04 1.000000000000000000e+00
5.584500000000000488e-04 1.000000000000000000e+00
5.697299999999999543e-04 1.000000000000000000e+00
5.812400000000000119e-04 1.000000000000000000e+00
5.929900000000000535e-04 1.000000000000000000e+00
6.049599999999999813e-04 1.000000000000000000e+00
6.171899999999999912e-04 1.000000000000000000e+00
6.296500000000000447e-04 1.000000000000000000e+00
6.423699999999999636e-04 1.000000000000000000e+00
6.553499999999999647e-04 1.000000000000000000e+00
6.685900000000000480e-04 1.000000000000000000e+00
6.821000000000000457e-04 1.000000000000000000e+00
6.958799999999999578e-04 1.000000000000000000e+00
7.099300000000000012e-04 1.000000000000000000e+00
7.242699999999999486e-04 1.000000000000000000e+00
7.389099999999999575e-04 1.000000000000000000e+00
7.538300000000000382e-04 1.000000000000000000e+00
7.690600000000000127e-04 1.000000000000000000e+00
7.845999999999999893e-04 1.000000000000000000e+00
8.004499999999999680e-04 1.000000000000000000e+00
8.166199999999999978e-04 1.000000000000000000e+00
8.331099999999999704e-04 1.000000000000000000e+00
8.499399999999999837e-04 1.000000000000000000e+00
8.671100000000000379e-04 1.000000000000000000e+00
8.846299999999999650e-04 1.000000000000000000e+00
9.024999999999999819e-04 1.000000000000000000e+00
9.207300000000000293e-04 1.000000000000000000e+00
9.393300000000000477e-04 1.000000000000000000e+00
9.583099999999999778e-04 1.000000000000000000e+00
9.776699999999999280e-04 1.000000000000000000e+00
9.974199999999999473e-04 1.000000000000000000e+00
1.017600000000000015e-03 1.000000000000000000e+00
1.038099999999999917e-03 1.000000000000000000e+00
1.059100000000000102e-03 1.000000000000000000e+00
1.080500000000000080e-03 1.000000000000000000e+00
1.102300000000000068e-03 1.000000000000000000e+00
1.124599999999999905e-03 1.000000000000000000e+00
1.147299999999999969e-03 1.000000000000000000e+00
1.170500000000000099e-03 1.000000000000000000e+00
1.194100000000000023e-03 1.000000000000000000e+00
1.218200000000000012e-03 1.000000000000000000e+00
1.242899999999999908e-03 1.000000000000000000e+00
1.268000000000000030e-03 1.000000000000000000e+00
1.293600000000000002e-03 1.000000000000000000e+00
1.319700000000000040e-03 1.000000000000000000e+00
1.346399999999999984e-03 1.000000000000000000e+00
1.373599999999999995e-03 1.000000000000000000e+00
1.401300000000000072e-03 1.000000000000000000e+00
1.429600000000000055e-03 1.000000000000000000e+00
1.458499999999999944e-03 1.000000000000000000e+00
1.487999999999999956e-03 1.000000000000000000e+00
1.518000000000000035e-03 1.000000000000000000e+00
1.548700000000000077e-03 1.000000000000000000e+00
1.580000000000000024e-03 1.000000000000000000e+00
1.611900000000000095e-03 1.000000000000000000e+00
1.644499999999999912e-03 1.000000000000000000e+00
1.677700000000000068e-03 1.000000000000000000e+00
1.711599999999999970e-03 1.000000000000000000e+00
1.746200000000000052e-03 1.000000000000000000e+00
1.781400000000000041e-03 1.000000000000000000e+00
1.817400000000000048e-03 1.000000000000000000e+00
1.854100000000000019e-03 1.000000000000000000e+00
1.891600000000000009e-03 1.000000000000000000e+00
1.929799999999999962e-03 1.000000000000000000e+00
1.968800000000000151e-03 1.000000000000000000e+00
2.008600000000000142e-03 1.000000000000000000e+00
2.049099999999999880e-03 1.000000000000000000e+00
2.090499999999999910e-03 1.000000000000000000e+00
2.132799999999999800e-03 1.000000000000000000e+00
2.175799999999999870e-03 1.000000000000000000e+00
2.219800000000000072e-03 1.000000000000000000e+00
2.264599999999999860e-03 1.000000000000000000e+00
2.310400000000000214e-03 1.000000000000000000e+00
2.357099999999999994e-03 1.000000000000000000e+00
2.404700000000000067e-03 1.000000000000000000e+00
2.453299999999999838e-03 1.000000000000000000e+00
2.502799999999999903e-03 1.000000000000000000e+00
2.553399999999999941e-03 1.000000000000000000e+00
2.605000000000000111e-03 1.000000000000000000e+00
2.657599999999999980e-03 1.000000000000000000e+00
2.711299999999999821e-03 1.000000000000000000e+00
2.765999999999999796e-03 1.000000000000000000e+00
2.821900000000000016e-03 1.000000000000000000e+00
2.878900000000000209e-03 1.000000000000000000e+00
2.937100000000000214e-03 1.000000000000000000e+00
2.996400000000000192e-03 1.000000000000000000e+00
3.056899999999999982e-03 1.000000000000000000e+00
3.118699999999999858e-03 1.000000000000000000e+00
3.181699999999999980e-03 1.000000000000000000e+00
3.246000000000000187e-03 1.000000000000000000e+00
3.311500000000000207e-03 1.000000000000000000e+00
3.378400000000000153e-03 1.000000000000000000e+00
3.446700000000000024e-03 1.000000000000000000e+00
3.516299999999999981e-03 1.000000000000000000e+00
3.587400000000000137e-03 1.000000000000000000e+00
3.659799999999999946e-03 1.000000000000000000e+00
3.733799999999999793e-03 1.000000000000000000e+00
3.809199999999999999e-03 1.000000000000000000e+00
3.886099999999999971e-03 1.000000000000000000e+00
3.964600000000000415e-03 1.000000000000000000e+00
4.044700000000000031e-03 9.999194782188581820e-01
4.126399999999999686e-03 9.999207167208435942e-01
4.209799999999999653e-03 1.000000000000000000e+00
4.294799999999999660e-03 1.000000000000000000e+00
4.381600000000000251e-03 1.000151469251741920e+00
4.470100000000000288e-03 1.000298440647616305e+00
4.560400000000000044e-03 1.000367538959129776e+00
4.652500000000000385e-03 1.000289729103288394e+00
4.746499999999999851e-03 9.999286224125624178e-01
4.842400000000000176e-03 9.993668214436470798e-01
4.940199999999999626e-03 9.986130374479889049e-01
5.040000000000000209e-03 9.977438982703220605e-01
5.141899999999999596e-03 9.970338411756775043e-01
5.245699999999999842e-03 9.963438143987236595e-01
5.351700000000000033e-03 9.960660896931550212e-01
5.459799999999999896e-03 9.959254947613503939e-01
5.570099999999999704e-03 9.959165443756778924e-01
5.682600000000000325e-03 9.959707882145555358e-01
5.797400000000000296e-03 9.960236098167132290e-01
5.914499999999999619e-03 9.960139817256392636e-01
6.034000000000000301e-03 9.959440644106786200e-01
6.155899999999999740e-03 9.958759189528419986e-01
6.280299999999999945e-03 9.957504574160420674e-01
6.407200000000000048e-03 9.955698047216554603e-01
6.536600000000000049e-03 9.955084648163077254e-01
6.668600000000000222e-03 9.954485975991352875e-01
6.803299999999999972e-03 9.953339329885315667e-01
6.940799999999999574e-03 9.952772530281142060e-01
7.080999999999999621e-03 9.951666941286317902e-01
7.224000000000000386e-03 9.951126798805322027e-01
7.369999999999999815e-03 9.950059069917301935e-01
7.518900000000000236e-03 9.949012109623964761e-01
7.670800000000000188e-03 9.947459675300793780e-01
7.825699999999999670e-03 9.946971666233428433e-01
7.983799999999999231e-03 9.945976538382382826e-01
8.145100000000000603e-03 9.944489712772458523e-01
8.309600000000000319e-03 9.944029850746268773e-01
8.477500000000000660e-03 9.942577520347530839e-01
8.648799999999999891e-03 9.941639052376477492e-01
8.823499999999999746e-03 9.940709525676205693e-01
9.001699999999999632e-03 9.938820101966496789e-01
9.183600000000000096e-03 9.937915102512272503e-01
9.369099999999999998e-03 9.937013885575225469e-01
9.558300000000000476e-03 9.935645672644678461e-01
9.751400000000000345e-03 9.934290810100441238e-01
9.948399999999999604e-03 9.932942162615255866e-01
1.014900000000000004e-02 9.932060821740537060e-01
1.035400000000000036e-02 9.930721233253807512e-01
1.056400000000000047e-02 9.929384965831434817e-01
1.077700000000000012e-02 9.928051043033621070e-01
1.099499999999999957e-02 9.926718518185496665e-01
1.121699999999999954e-02 9.925383137482686191e-01
1.144300000000000005e-02 9.923599697952294463e-01
1.167499999999999961e-02 9.922258050267237506e-01
1.191000000000000045e-02 9.920906933825468510e-01
1.215100000000000034e-02 9.919548773556031707e-01
1.239700000000000003e-02 9.917743830787308923e-01
1.264700000000000026e-02 9.916359696641386945e-01
1.290200000000000027e-02 9.914961581628248810e-01
1.316299999999999935e-02 9.913544668587895847e-01
1.342899999999999996e-02 9.911678957297204162e-01
1.370000000000000037e-02 9.910645575032065446e-01
1.397699999999999984e-02 9.908734220402592996e-01
1.425900000000000084e-02 9.907222198578542471e-01
1.454699999999999917e-02 9.905255555083485319e-01
1.484100000000000003e-02 9.904103195145754768e-01
1.514099999999999994e-02 9.902068848567068260e-01
1.544700000000000066e-02 9.900419509301241483e-01
1.575899999999999870e-02 9.898305084745763205e-01
1.607700000000000101e-02 9.896990250105976994e-01
1.640199999999999991e-02 9.895205770046670013e-01
1.673399999999999888e-02 9.893368452355665310e-01
1.707200000000000037e-02 9.891475507511596765e-01
1.741600000000000092e-02 9.889950520389012567e-01
1.776799999999999907e-02 9.887938408896492781e-01
1.812700000000000075e-02 9.885861403132375491e-01
1.849299999999999902e-02 9.884141614264794207e-01
1.886699999999999836e-02 9.882352941176471006e-01
1.924800000000000122e-02 9.880491938638042981e-01
1.963700000000000168e-02 9.878549584971603181e-01
2.003399999999999972e-02 9.876521509865096027e-01
2.043800000000000130e-02 9.874850749568832020e-01
2.085100000000000148e-02 9.872651171074895426e-01
2.127199999999999924e-02 9.870805670195585968e-01
2.170199999999999907e-02 9.868861354797865415e-01
2.214100000000000096e-02 9.866824774240627871e-01
2.258800000000000044e-02 9.865144750770930004e-01
2.304399999999999851e-02 9.862911845345972983e-01
2.350999999999999965e-02 9.861032863849765739e-01
2.398499999999999938e-02 9.859522566560675605e-01
2.446900000000000117e-02 9.856964577133531247e-01
2.496400000000000008e-02 9.855255488634155903e-01
2.546800000000000105e-02 9.853440220331480814e-01
2.598200000000000162e-02 9.851527078870011556e-01
2.650699999999999931e-02 9.849510150489849680e-01
2.704300000000000107e-02 9.847390792236390133e-01
2.758899999999999894e-02 9.845682219682011516e-01
2.814600000000000088e-02 9.843881856540084296e-01
2.871500000000000094e-02 9.841992501339046351e-01
2.929500000000000159e-02 9.840552895080539875e-01
2.988700000000000037e-02 9.838495575221238854e-01
3.048999999999999974e-02 9.836904561048309681e-01
3.110600000000000170e-02 9.835259123670060388e-01
3.173499999999999932e-02 9.833556422045044432e-01
3.237600000000000200e-02 9.831803375777317111e-01
3.302999999999999686e-02 9.830600434048709646e-01
3.369699999999999779e-02 9.828771326868785962e-01
3.437799999999999884e-02 9.828157220521152038e-01
3.507199999999999901e-02 9.826938983266526595e-01
3.578100000000000031e-02 9.825095549653429794e-01
3.650400000000000172e-02 9.823901859912940182e-01
3.724100000000000327e-02 9.822747415066469534e-01
3.799299999999999899e-02 9.822307271733187184e-01
3.876099999999999685e-02 9.821937817347151656e-01
3.954400000000000276e-02 9.820948336871904161e-01
4.034299999999999692e-02 9.820040310970342690e-01
4.115800000000000014e-02 9.819951694357023086e-01
4.198899999999999855e-02 9.819263666790628564e-01
4.283800000000000108e-02 9.819459132799516210e-01
4.370299999999999879e-02 9.819812912130041482e-01
4.458600000000000063e-02 9.820331337014855944e-01
4.548599999999999866e-02 9.820217631288440385e-01
4.640500000000000180e-02 9.821014782261286991e-01
4.734300000000000314e-02 9.821948850760764405e-01
4.829900000000000165e-02 9.822189446083251507e-01
4.927499999999999936e-02 9.823368438510655665e-01
5.027000000000000218e-02 9.824664429530201026e-01
5.128599999999999826e-02 9.826913286950619275e-01
5.232200000000000045e-02 9.828429269966543202e-01
5.337900000000000283e-02 9.830875975715525072e-01
5.445699999999999846e-02 9.832514907050158293e-01
5.555700000000000222e-02 9.835949277290059189e-01
5.668000000000000121e-02 9.838536060279871043e-01
5.782500000000000140e-02 9.841125737630503911e-01
5.899299999999999683e-02 9.845517241379310169e-01
6.018400000000000138e-02 9.849939416534625458e-01
6.140000000000000319e-02 9.854359750331000978e-01
6.264100000000000223e-02 9.858776059179555906e-01
6.390600000000000447e-02 9.864164956513241656e-01
6.519700000000000495e-02 9.869885515181682223e-01
6.651400000000000368e-02 9.876471723605481090e-01
6.785800000000000165e-02 9.883492726083300539e-01
6.922899999999999887e-02 9.891010781957765285e-01
7.062699999999999534e-02 9.899209162803381812e-01
7.205400000000000693e-02 9.908186944385278805e-01
7.351000000000000589e-02 9.917828455359617434e-01
7.499400000000000510e-02 9.928239060324413057e-01
7.650899999999999368e-02 9.939657609163194962e-01
7.805499999999999938e-02 9.952092308083311245e-01
7.963199999999999446e-02 9.965538558669946312e-01
8.124099999999999377e-02 9.980108991825612508e-01
8.288199999999999734e-02 9.995764984895112448e-01
8.455600000000000616e-02 1.001257824840578126e+00
8.626399999999999346e-02 1.003044116978903277e+00
8.800700000000000189e-02 1.004903343046025688e+00
8.978500000000000369e-02 1.006892646226033472e+00
9.159799999999999887e-02 1.008922466269742024e+00
9.344900000000000428e-02 1.011010118333047547e+00
9.533700000000000507e-02 1.013122482365564903e+00
9.726300000000000223e-02 1.015277752784725873e+00
9.922699999999999576e-02 1.017462999008410085e+00
1.012300000000000005e-01 1.019669066093297216e+00
1.032799999999999968e-01 1.021891568325637101e+00
1.053599999999999953e-01 1.024171923529525241e+00
1.074900000000000022e-01 1.026501213497220899e+00
1.096599999999999936e-01 1.028938012671552604e+00
1.118799999999999933e-01 1.031490185794113446e+00
1.141400000000000053e-01 1.034213820988034271e+00
1.164400000000000018e-01 1.037112236781513097e+00
1.188000000000000028e-01 1.040233822962614241e+00
1.212000000000000022e-01 1.043610146392931037e+00
1.236499999999999960e-01 1.047313824968291396e+00
1.261400000000000021e-01 1.051321090602454822e+00
1.286899999999999988e-01 1.055740574178962943e+00
1.312899999999999900e-01 1.060494889181256895e+00
1.339400000000000035e-01 1.065690155713908682e+00
1.366499999999999937e-01 1.071255306246209793e+00
1.394100000000000061e-01 1.077133479212253775e+00
1.422299999999999953e-01 1.083260745502057532e+00
1.451000000000000068e-01 1.089513986560399994e+00
1.480299999999999949e-01 1.095687113184925954e+00
1.510199999999999876e-01 1.101682443054487148e+00
1.540700000000000125e-01 1.107428925023204558e+00
1.571799999999999864e-01 1.112953185498064101e+00
1.603600000000000025e-01 1.118283434568522416e+00
1.635999999999999954e-01 1.123579857802536219e+00
1.668999999999999928e-01 1.128965955379498398e+00
1.702799999999999869e-01 1.134743110161080981e+00
1.737100000000000033e-01 1.140991043842152664e+00
1.772199999999999886e-01 1.148078084121553655e+00
1.807999999999999885e-01 1.155982016484889074e+00
1.844600000000000128e-01 1.164964956303538912e+00
1.881799999999999862e-01 1.174949221394719023e+00
1.919800000000000118e-01 1.185791833844701326e+00
1.958600000000000063e-01 1.197332674734502334e+00
1.998199999999999976e-01 1.209094662950345844e+00
2.038600000000000134e-01 1.220919602043560204e+00
2.079699999999999882e-01 1.232146842222717975e+00
2.121800000000000075e-01 1.242754249495822583e+00
2.164600000000000135e-01 1.252712075404588177e+00
2.208299999999999985e-01 1.262306054152722901e+00
2.253000000000000003e-01 1.272057446144239767e+00
2.298499999999999988e-01 1.282540294098760691e+00
2.344900000000000040e-01 1.294332117998011178e+00
2.392299999999999982e-01 1.307940873152286132e+00
2.440599999999999992e-01 1.323285121008162646e+00
2.489899999999999891e-01 1.340213895744521766e+00
2.540200000000000236e-01 1.358226462308414151e+00
2.591499999999999915e-01 1.376674289447892718e+00
2.643900000000000139e-01 1.394709984691274052e+00
2.697300000000000253e-01 1.411894467484337667e+00
2.751799999999999802e-01 1.428310668978735043e+00
2.807399999999999896e-01 1.444255960795401084e+00
2.864099999999999979e-01 1.460864485981308247e+00
2.921900000000000053e-01 1.479106809819043189e+00
2.980999999999999761e-01 1.499591477594117261e+00
3.041200000000000014e-01 1.522470192601651062e+00
3.102599999999999802e-01 1.547240368938901600e+00
3.165299999999999780e-01 1.572920014761377550e+00
3.229199999999999848e-01 1.598605268709129001e+00
3.294500000000000206e-01 1.623591953652210984e+00
3.361000000000000099e-01 1.648007285193914484e+00
3.428899999999999726e-01 1.672755559877203480e+00
3.498200000000000198e-01 1.698997620249513174e+00
3.568899999999999850e-01 1.727620619794402401e+00
3.640900000000000247e-01 1.758879674542324967e+00
3.714500000000000024e-01 1.792158591747089247e+00
3.789500000000000091e-01 1.826313637292987346e+00
3.866100000000000092e-01 1.860551826994780056e+00
3.944199999999999928e-01 1.894748512509701444e+00
4.023900000000000254e-01 1.929450211457131692e+00
4.105199999999999960e-01 1.965864297576885411e+00
4.188100000000000156e-01 2.004754358161648042e+00
4.272699999999999831e-01 2.046230827803763752e+00
4.359000000000000097e-01 2.089332334445730854e+00
4.447099999999999942e-01 2.133415425418550893e+00
4.536899999999999822e-01 2.177992249401426772e+00
4.628599999999999937e-01 2.223748520862272926e+00
4.722100000000000186e-01 2.271393708600391470e+00
4.817400000000000015e-01 2.321527486361729231e+00
4.914799999999999724e-01 2.374036440084092092e+00
5.014100000000000223e-01 2.428114334470989455e+00
5.115300000000000402e-01 2.483577628692251515e+00
5.218699999999999450e-01 2.540467029322011072e+00
5.324100000000000499e-01 2.599453154743363026e+00
5.431700000000000417e-01 2.660706545296922965e+00
5.541399999999999659e-01 2.724180837826628121e+00
5.653299999999999992e-01 2.789906703932606646e+00
5.767499999999999849e-01 2.857712383379227727e+00
5.884000000000000341e-01 2.927608994164092149e+00
6.002899999999999903e-01 2.999775975626147950e+00
6.124199999999999644e-01 3.074008233532934398e+00
6.247899999999999565e-01 3.150652142054613858e+00
6.374100000000000321e-01 3.229596000816159940e+00
6.502900000000000347e-01 3.310871997016992641e+00
6.634200000000000097e-01 3.394504088557601218e+00
6.768300000000000427e-01 3.480597188335076364e+00
6.905000000000000027e-01 3.569348380050964664e+00
7.044500000000000206e-01 3.660604524428109574e+00
7.186799999999999855e-01 3.754450989476470824e+00
7.331999999999999629e-01 3.850950570342205115e+00
7.480099999999999527e-01 3.950101097631427027e+00
7.631200000000000205e-01 4.052278213639106674e+00
7.785400000000000098e-01 4.156816390858943500e+00
7.942599999999999660e-01 4.264076391175501968e+00
8.103099999999999747e-01 4.374064837905236480e+00
8.266799999999999704e-01 4.487197915730842368e+00
8.433800000000000185e-01 4.602815579540122215e+00
8.604100000000000081e-01 4.720882352941176308e+00
8.778000000000000247e-01 4.842016858363120235e+00
8.955300000000000482e-01 4.965815349389598232e+00
9.136199999999999877e-01 5.092435284123932426e+00
9.320800000000000196e-01 5.221792791004518541e+00
9.509100000000000330e-01 5.353980141982386698e+00
9.701100000000000279e-01 5.488869350255488833e+00
9.897099999999999786e-01 5.626713878757221288e+00
1.009700000000000042e+00 5.767209011264080587e+00
1.030100000000000016e+00 5.910424777732582236e+00
1.050899999999999945e+00 6.056485514394548630e+00
1.072100000000000053e+00 6.205311137534680554e+00
1.093800000000000106e+00 6.356890869039534486e+00
1.115899999999999892e+00 6.510943853274504534e+00
1.138400000000000079e+00 6.667871732764541370e+00
1.161399999999999988e+00 6.827366115265503410e+00
1.184900000000000064e+00 6.989544288814362183e+00
1.208800000000000097e+00 7.154221883308258256e+00
1.233300000000000063e+00 7.321290155886658546e+00
1.258199999999999985e+00 7.491002339391757303e+00
1.283600000000000074e+00 7.662914483115174313e+00
1.309500000000000108e+00 7.837519334168078444e+00
1.336000000000000076e+00 8.013953369071741051e+00
1.362999999999999989e+00 8.192780770158373471e+00
1.390500000000000069e+00 8.373694672303257036e+00
1.418600000000000083e+00 8.556803556803556532e+00
1.447200000000000042e+00 8.741863521070806442e+00
1.476499999999999924e+00 8.928514415248553604e+00
1.506299999999999972e+00 9.117352725331908658e+00
1.536699999999999955e+00 9.307820995399413988e+00
1.567800000000000082e+00 9.500018207639925549e+00
1.599399999999999933e+00 9.693706719427746421e+00
1.631799999999999917e+00 9.888685696111950918e+00
1.664700000000000069e+00 1.008515410816648483e+01
1.698399999999999910e+00 1.028343244064412332e+01
1.732699999999999907e+00 1.048210803211030040e+01
1.767700000000000049e+00 1.068195820103312776e+01
1.803399999999999892e+00 1.088297925023522872e+01
1.839800000000000102e+00 1.108466156075346554e+01
1.877000000000000002e+00 1.128704304564135796e+01
1.914900000000000047e+00 1.149025148346990655e+01
1.953600000000000003e+00 1.169442475785495006e+01
1.993000000000000105e+00 1.189864823159064322e+01
2.033300000000000107e+00 1.210295445748935528e+01
2.074399999999999800e+00 1.230852211434735644e+01
2.116299999999999848e+00 1.251444679351656220e+01
2.158999999999999808e+00 1.271950500883912838e+01
2.202599999999999891e+00 1.292500769941484506e+01
2.247100000000000097e+00 1.313078470824949662e+01
2.292499999999999982e+00 1.333669863705199532e+01
2.338799999999999990e+00 1.354177660510114478e+01
2.386099999999999888e+00 1.374678190511217402e+01
2.434299999999999908e+00 1.395078342785734726e+01
2.483499999999999819e+00 1.415592116503683506e+01
2.533599999999999852e+00 1.435987431826063343e+01
2.584799999999999986e+00 1.456465365682138113e+01
2.637000000000000011e+00 1.476813126206452687e+01
2.690300000000000136e+00 1.497146290177230377e+01
2.744699999999999918e+00 1.517341040462427770e+01
2.800100000000000033e+00 1.537632571526198966e+01
2.856700000000000017e+00 1.557800687285223340e+01
2.914400000000000102e+00 1.577956061651713959e+01
2.973300000000000054e+00 1.597960626250169192e+01
3.033300000000000107e+00 1.617998741346758962e+01
3.094599999999999795e+00 1.637966224446127228e+01
3.157099999999999795e+00 1.657872530954553980e+01
3.220899999999999874e+00 1.677772171970160997e+01
3.286000000000000032e+00 1.697594177759342671e+01
3.352300000000000058e+00 1.717380581259988759e+01
3.420100000000000140e+00 1.737120320469140111e+01
3.489199999999999857e+00 1.756867152211968630e+01
3.559600000000000097e+00 1.776528604067229011e+01
3.631600000000000161e+00 1.796192370533494653e+01
3.704899999999999860e+00 1.815770556010014758e+01
3.779799999999999827e+00 1.835357624831308954e+01
3.856100000000000083e+00 1.854922420586397180e+01
3.934000000000000163e+00 1.874544730252674896e+01
4.013499999999999623e+00 1.894070321811680557e+01
4.094599999999999795e+00 1.913618774185495042e+01
4.177299999999999791e+00 1.933156828136235816e+01
4.261700000000000266e+00 1.952749435047592996e+01
4.347800000000000331e+00 1.972274031563845398e+01
4.435599999999999987e+00 1.991920330702743414e+01
4.525199999999999889e+00 2.011497420955231163e+01
4.616600000000000037e+00 2.031193266215547055e+01
4.709900000000000198e+00 2.050895096428262576e+01
4.804999999999999716e+00 2.070609562655789659e+01
4.902099999999999902e+00 2.090451306413301680e+01
5.001100000000000101e+00 2.110308764940239001e+01
5.102100000000000080e+00 2.130325814536340800e+01
5.205199999999999605e+00 2.150279207270338233e+01
5.310399999999999565e+00 2.170513262142610955e+01
5.417600000000000193e+00 2.190751445086705118e+01
5.527099999999999902e+00 2.211127952507263217e+01
5.638700000000000045e+00 2.231533620404107410e+01
5.752600000000000158e+00 2.252224075618570964e+01
5.868900000000000006e+00 2.272952672646394134e+01
5.987400000000000055e+00 2.293847566574839192e+01
6.108399999999999608e+00 2.314889174429810126e+01
6.231799999999999784e+00 2.335974376264329067e+01
6.357700000000000351e+00 2.357370376924437849e+01
6.486100000000000421e+00 2.379098931723176946e+01
6.617099999999999760e+00 2.400760752950355581e+01
6.750799999999999912e+00 2.422951256235084116e+01
6.887199999999999989e+00 2.445192659366192700e+01
7.026299999999999990e+00 2.467685076380728404e+01
7.168199999999999683e+00 2.490474664387707904e+01
7.312999999999999723e+00 2.513468349378959488e+01
7.460799999999999876e+00 2.536822518083656774e+01
7.611500000000000377e+00 2.560490256833987743e+01
7.765299999999999869e+00 2.584422539696324961e+01
7.922100000000000364e+00 2.608755192404254331e+01
8.082200000000000273e+00 2.633456511653948695e+01
8.245400000000000063e+00 2.658368376787215936e+01
8.412000000000000810e+00 2.683660292582830564e+01
8.581899999999999196e+00 2.709496167299248626e+01
8.755300000000000082e+00 2.735439173320808237e+01
8.932199999999999918e+00 2.761957707908662130e+01
9.112600000000000477e+00 2.788682351921660540e+01
9.296699999999999520e+00 2.815877068989102483e+01
9.484500000000000597e+00 2.843431313737252353e+01
9.676099999999999923e+00 2.871539704990907182e+01
9.871600000000000819e+00 2.899837804780770867e+01
1.007099999999999973e+01 2.928529436465944258e+01
1.027399999999999913e+01 2.957406042741341068e+01
