# # k[h/Mpc], Boost (P^NLCDM_NL/P^NLCDM_L)
1.000000000000000048e-04 1.000000000000000000e+00
1.020200000000000024e-04 1.000000000000000000e+00
1.040800000000000064e-04 1.000000000000000000e+00
1.061800000000000032e-04 1.000000000000000000e+00
1.083300000000000013e-04 1.000000000000000000e+00
1.105200000000000057e-04 1.000000000000000000e+00
1.127500000000000030e-04 1.000000000000000000e+00
1.150300000000000015e-04 1.000000000000000000e+00
1.173500000000000064e-04 1.000000000000000000e+00
1.197199999999999989e-04 1.000000000000000000e+00
1.221399999999999927e-04 1.000000000000000000e+00
1.246099999999999877e-04 1.000000000000000000e+00
1.271199999999999891e-04 1.000000000000000000e+00
1.296899999999999865e-04 1.000000000000000000e+00
1.323100000000000122e-04 1.000000000000000000e+00
1.349900000000000069e-04 1.000000000000000000e+00
1.377100000000000080e-04 1.000000000000000000e+00
1.404900000000000051e-04 1.000000000000000000e+00
1.433299999999999982e-04 1.000000000000000000e+00
1.462299999999999874e-04 1.000000000000000000e+00
1.491800000000000049e-04 1.000000000000000000e+00
1.522000000000000132e-04 1.000000000000000000e+00
1.552699999999999957e-04 1.000000000000000000e+00
1.584099999999999961e-04 1.000000000000000000e+00
1.616099999999999926e-04 1.000000000000000000e+00
1.648700000000000122e-04 1.000000000000000000e+00
1.681999999999999956e-04 1.000000000000000000e+00
1.715999999999999969e-04 1.000000000000000000e+00
1.750699999999999891e-04 1.000000000000000000e+00
1.786000000000000044e-04 1.000000000000000000e+00
1.822100000000000054e-04 1.000000000000000000e+00
1.858899999999999973e-04 1.000000000000000000e+00
1.896500000000000020e-04 1.000000000000000000e+00
1.934799999999999975e-04 1.000000000000000000e+00
1.973900000000000058e-04 1.000000000000000000e+00
2.013799999999999998e-04 1.000000000000000000e+00
2.054400000000000117e-04 1.000000000000000000e+00
2.095900000000000042e-04 1.000000000000000000e+00
2.138300000000000042e-04 1.000000000000000000e+00
2.181499999999999900e-04 1.000000000000000000e+00
2.225499999999999885e-04 1.000000000000000000e+00
2.270499999999999895e-04 1.000000000000000000e+00
2.316399999999999980e-04 1.000000000000000000e+00
2.363199999999999871e-04 1.000000000000000000e+00
2.410900000000000109e-04 1.000000000000000000e+00
2.459599999999999829e-04 1.000000000000000000e+00
2.509300000000000115e-04 1.000000000000000000e+00
2.559999999999999884e-04 1.000000000000000000e+00
2.611700000000000219e-04 1.000000000000000000e+00
2.664499999999999985e-04 1.000000000000000000e+00
2.718299999999999775e-04 1.000000000000000000e+00
2.773200000000000079e-04 1.000000000000000000e+00
2.829199999999999814e-04 1.000000000000000000e+00
2.886400000000000012e-04 1.000000000000000000e+00
2.944700000000000182e-04 1.000000000000000000e+00
3.004199999999999731e-04 1.000000000000000000e+00
3.064899999999999743e-04 1.000000000000000000e+00
3.126800000000000217e-04 1.000000000000000000e+00
3.189900000000000070e-04 1.000000000000000000e+00
3.254399999999999741e-04 1.000000000000000000e+00
3.320099999999999874e-04 1.000000000000000000e+00
3.387199999999999825e-04 1.000000000000000000e+00
3.455600000000000186e-04 1.000000000000000000e+00
3.525399999999999823e-04 1.000000000000000000e+00
3.596599999999999819e-04 1.000000000000000000e+00
3.669300000000000122e-04 1.000000000000000000e+00
3.743400000000000243e-04 1.000000000000000000e+00
3.819000000000000129e-04 1.000000000000000000e+00
3.896200000000000271e-04 1.000000000000000000e+00
3.974900000000000178e-04 1.000000000000000000e+00
4.055199999999999799e-04 1.000000000000000000e+00
4.137100000000000217e-04 1.000000000000000000e+00
4.220699999999999756e-04 1.000000000000000000e+00
4.306000000000000040e-04 1.000000000000000000e+00
4.392900000000000038e-04 1.000000000000000000e+00
4.481700000000000137e-04 1.000000000000000000e+00
4.572199999999999897e-04 1.000000000000000000e+00
4.664599999999999758e-04 1.000000000000000000e+00
4.758799999999999771e-04 1.000000000000000000e+00
4.854999999999999832e-04 1.000000000000000000e+00
4.952999999999999504e-04 1.000000000000000000e+00
5.053100000000000256e-04 1.000000000000000000e+00
5.155199999999999973e-04 1.000000000000000000e+00
5.259299999999999739e-04 1.000000000000000000e+00
5.365600000000000534e-04 1.000000000000000000e+00
5.473900000000000293e-04 1.000000000000000000e+00
5.584500000000000488e-04 1.000000000000000000e+00
5.697299999999999543e-04 1.000000000000000000e+00
5.812400000000000119e-04 1.000000000000000000e+00
5.929900000000000535e-04 1.000000000000000000e+00
6.049599999999999813e-04 1.000000000000000000e+00
6.171899999999999912e-04 1.000000000000000000e+00
6.296500000000000447e-04 1.000000000000000000e+00
6.423699999999999636e-04 1.000000000000000000e+00
6.553499999999999647e-04 1.000000000000000000e+00
6.685900000000000480e-04 1.000000000000000000e+00
6.821000000000000457e-04 1.000000000000000000e+00
6.958799999999999578e-04 1.000000000000000000e+00
7.099300000000000012e-04 1.000000000000000000e+00
7.242699999999999486e-04 1.000000000000000000e+00
7.389099999999999575e-04 1.000000000000000000e+00
7.538300000000000382e-04 1.000000000000000000e+00
7.690600000000000127e-04 1.000000000000000000e+00
7.845999999999999893e-04 1.000000000000000000e+00
8.004499999999999680e-04 1.000000000000000000e+00
8.166199999999999978e-04 1.000000000000000000e+00
8.331099999999999704e-04 1.000000000000000000e+00
8.499399999999999837e-04 1.000000000000000000e+00
8.671100000000000379e-04 1.000000000000000000e+00
8.846299999999999650e-04 1.000000000000000000e+00
9.024999999999999819e-04 1.000000000000000000e+00
9.207300000000000293e-04 1.000000000000000000e+00
9.393300000000000477e-04 1.000000000000000000e+00
9.583099999999999778e-04 1.000000000000000000e+00
9.776699999999999280e-04 1.000000000000000000e+00
9.974199999999999473e-04 1.000000000000000000e+00
1.017600000000000015e-03 1.000000000000000000e+00
1.038099999999999917e-03 1.000000000000000000e+00
1.059100000000000102e-03 1.000000000000000000e+00
1.080500000000000080e-03 1.000000000000000000e+00
1.102300000000000068e-03 1.000000000000000000e+00
1.124599999999999905e-03 1.000000000000000000e+00
1.147299999999999969e-03 1.000000000000000000e+00
1.170500000000000099e-03 1.000000000000000000e+00
1.194100000000000023e-03 1.000000000000000000e+00
1.218200000000000012e-03 1.000000000000000000e+00
1.242899999999999908e-03 1.000000000000000000e+00
1.268000000000000030e-03 1.000000000000000000e+00
1.293600000000000002e-03 1.000000000000000000e+00
1.319700000000000040e-03 1.000000000000000000e+00
1.346399999999999984e-03 1.000000000000000000e+00
1.373599999999999995e-03 1.000000000000000000e+00
1.401300000000000072e-03 1.000000000000000000e+00
1.429600000000000055e-03 1.000000000000000000e+00
1.458499999999999944e-03 1.000000000000000000e+00
1.487999999999999956e-03 1.000000000000000000e+00
1.518000000000000035e-03 1.000000000000000000e+00
1.548700000000000077e-03 1.000000000000000000e+00
1.580000000000000024e-03 1.000000000000000000e+00
1.611900000000000095e-03 1.000000000000000000e+00
1.644499999999999912e-03 1.000000000000000000e+00
1.677700000000000068e-03 1.000000000000000000e+00
1.711599999999999970e-03 1.000000000000000000e+00
1.746200000000000052e-03 1.000000000000000000e+00
1.781400000000000041e-03 1.000000000000000000e+00
1.817400000000000048e-03 1.000000000000000000e+00
1.854100000000000019e-03 1.000000000000000000e+00
1.891600000000000009e-03 1.000000000000000000e+00
1.929799999999999962e-03 1.000000000000000000e+00
1.968800000000000151e-03 1.000000000000000000e+00
2.008600000000000142e-03 1.000000000000000000e+00
2.049099999999999880e-03 1.000000000000000000e+00
2.090499999999999910e-03 1.000000000000000000e+00
2.132799999999999800e-03 1.000000000000000000e+00
2.175799999999999870e-03 1.000000000000000000e+00
2.219800000000000072e-03 1.000000000000000000e+00
2.264599999999999860e-03 1.000000000000000000e+00
2.310400000000000214e-03 1.000000000000000000e+00
2.357099999999999994e-03 1.000000000000000000e+00
2.404700000000000067e-03 1.000000000000000000e+00
2.453299999999999838e-03 1.000000000000000000e+00
2.502799999999999903e-03 1.000000000000000000e+00
2.553399999999999941e-03 1.000000000000000000e+00
2.605000000000000111e-03 1.000000000000000000e+00
2.657599999999999980e-03 1.000000000000000000e+00
2.711299999999999821e-03 1.000000000000000000e+00
2.765999999999999796e-03 1.000000000000000000e+00
2.821900000000000016e-03 1.000000000000000000e+00
2.878900000000000209e-03 1.000000000000000000e+00
2.937100000000000214e-03 1.000000000000000000e+00
2.996400000000000192e-03 1.000000000000000000e+00
3.056899999999999982e-03 1.000000000000000000e+00
3.118699999999999858e-03 1.000000000000000000e+00
3.181699999999999980e-03 1.000000000000000000e+00
3.246000000000000187e-03 1.000000000000000000e+00
3.311500000000000207e-03 1.000000000000000000e+00
3.378400000000000153e-03 1.000000000000000000e+00
3.446700000000000024e-03 1.000000000000000000e+00
3.516299999999999981e-03 1.000000000000000000e+00
3.587400000000000137e-03 1.000000000000000000e+00
3.659799999999999946e-03 1.000081300813008056e+00
3.733799999999999793e-03 1.000000000000000000e+00
3.809199999999999999e-03 1.000000000000000000e+00
3.886099999999999971e-03 9.999225046497209890e-01
3.964600000000000415e-03 9.999237165306278374e-01
4.044700000000000031e-03 9.999249023730849562e-01
4.126399999999999686e-03 1.000000000000000000e+00
4.209799999999999653e-03 1.000072801397786870e+00
4.294799999999999660e-03 1.000286779466590170e+00
4.381600000000000251e-03 1.000423698891321322e+00
4.470100000000000288e-03 1.000347777700493879e+00
4.560400000000000044e-03 1.000068521310127467e+00
4.652500000000000385e-03 9.995274102079395595e-01
4.746499999999999851e-03 9.987360298030867334e-01
4.842400000000000176e-03 9.978364911820625238e-01
4.940199999999999626e-03 9.969630395451021254e-01
5.040000000000000209e-03 9.963054971654246028e-01
5.141899999999999596e-03 9.959181110273800375e-01
5.245699999999999842e-03 9.957275541795665985e-01
5.351700000000000033e-03 9.956646516456005847e-01
5.459799999999999896e-03 9.957241794640168120e-01
5.570099999999999704e-03 9.958415018119171069e-01
5.682600000000000325e-03 9.957803434331594650e-01
5.797400000000000296e-03 9.957783946333564895e-01
5.914499999999999619e-03 9.956628431204702645e-01
6.034000000000000301e-03 9.954939731891404575e-01
6.155899999999999740e-03 9.953850430914651382e-01
6.280299999999999945e-03 9.952788757136583619e-01
6.407200000000000048e-03 9.951753672683905094e-01
6.536600000000000049e-03 9.950744191026876795e-01
6.668600000000000222e-03 9.949759373843143351e-01
6.803299999999999972e-03 9.948798328108673372e-01
6.940799999999999574e-03 9.947857511615900705e-01
7.080999999999999621e-03 9.946936068166742917e-01
7.224000000000000386e-03 9.945531571515029423e-01
7.369999999999999815e-03 9.944156362185879727e-01
7.518900000000000236e-03 9.943299477369095252e-01
7.670800000000000188e-03 9.941973863858006855e-01
7.825699999999999670e-03 9.941150933384785837e-01
7.983799999999999231e-03 9.939868282905411911e-01
8.145100000000000603e-03 9.938603948238405872e-01
8.309600000000000319e-03 9.937362688729958204e-01
8.477500000000000660e-03 9.935677926885700950e-01
8.648799999999999891e-03 9.934475806451612545e-01
8.823499999999999746e-03 9.933290978398983118e-01
9.001699999999999632e-03 9.931670038210833606e-01
9.183600000000000096e-03 9.930073044717619979e-01
9.369099999999999998e-03 9.928495762711864181e-01
9.558300000000000476e-03 9.927371368568428389e-01
9.751400000000000345e-03 9.925823103283737403e-01
9.948399999999999604e-03 9.924288049556913016e-01
1.014900000000000004e-02 9.922341696535245115e-01
1.035400000000000036e-02 9.920833156936623709e-01
1.056400000000000047e-02 9.918914376943114286e-01
1.077700000000000012e-02 9.917424305613479207e-01
1.099499999999999957e-02 9.915524452358275287e-01
1.121699999999999954e-02 9.913633559531153105e-01
1.144300000000000005e-02 9.911746680286006583e-01
1.167499999999999961e-02 9.909460008120178909e-01
1.191000000000000045e-02 9.907579304221486582e-01
1.215100000000000034e-02 9.905296950240770615e-01
1.239700000000000003e-02 9.903408637343338317e-01
1.264700000000000026e-02 9.901119847510125860e-01
1.290200000000000027e-02 9.899217453165757297e-01
1.316299999999999935e-02 9.896517804446193223e-01
1.342899999999999996e-02 9.894196481053332271e-01
1.370000000000000037e-02 9.891856016241118432e-01
1.397699999999999984e-02 9.889494163424124018e-01
1.425900000000000084e-02 9.887108662761376898e-01
1.454699999999999917e-02 9.884692772016715479e-01
1.484100000000000003e-02 9.881476333873832063e-01
1.514099999999999994e-02 9.879374132881146853e-01
1.544700000000000066e-02 9.876462438423645462e-01
1.575899999999999870e-02 9.873505325079779960e-01
1.607700000000000101e-02 9.870499173807785187e-01
1.640199999999999991e-02 9.867435158501440817e-01
1.673399999999999888e-02 9.864688244791266492e-01
1.707200000000000037e-02 9.861111111111111605e-01
1.741600000000000092e-02 9.857841815309935640e-01
1.776799999999999907e-02 9.854490717511289466e-01
1.812700000000000075e-02 9.851433435214919099e-01
1.849299999999999902e-02 9.847514841112792183e-01
1.886699999999999836e-02 9.843877749659334375e-01
1.924800000000000122e-02 9.840519094711331904e-01
1.963700000000000168e-02 9.836657766609078202e-01
2.003399999999999972e-02 9.833057068434761794e-01
2.043800000000000130e-02 9.828934312363564185e-01
2.085100000000000148e-02 9.824666506909497388e-01
2.127199999999999924e-02 9.820645835846704141e-01
2.170199999999999907e-02 9.816465440401912490e-01
2.214100000000000096e-02 9.812122202254534020e-01
2.258800000000000044e-02 9.808001318445881411e-01
2.304399999999999851e-02 9.803293687099725595e-01
2.350999999999999965e-02 9.798798672659302378e-01
2.398499999999999938e-02 9.793683138053999038e-01
2.446900000000000117e-02 9.789198007899707621e-01
2.496400000000000008e-02 9.784072641960289696e-01
2.546800000000000105e-02 9.779146502419709952e-01
2.598200000000000162e-02 9.773993670039673454e-01
2.650699999999999931e-02 9.769039548022598884e-01
2.704300000000000107e-02 9.763848129126926345e-01
2.758899999999999894e-02 9.758413629381371690e-01
2.814600000000000088e-02 9.753179819376802673e-01
2.871500000000000094e-02 9.747705319813542157e-01
2.929500000000000159e-02 9.741973317695352685e-01
2.988700000000000037e-02 9.736475735879077664e-01
3.048999999999999974e-02 9.730728349445766368e-01
3.110600000000000170e-02 9.725229405093308577e-01
3.173499999999999932e-02 9.719508351717617289e-01
3.237600000000000200e-02 9.713031373808759250e-01
3.302999999999999686e-02 9.706845725515885759e-01
3.369699999999999779e-02 9.700985578261596132e-01
3.437799999999999884e-02 9.695489148960345638e-01
3.507199999999999901e-02 9.688695652173913153e-01
3.578100000000000031e-02 9.682304916287050034e-01
3.650400000000000172e-02 9.675763796642917747e-01
3.724100000000000327e-02 9.669706679812669625e-01
3.799299999999999899e-02 9.662956674841225446e-01
3.876099999999999685e-02 9.656123692820940407e-01
3.954400000000000276e-02 9.649214659685864115e-01
4.034299999999999692e-02 9.642904819116272508e-01
4.115800000000000014e-02 9.635955362003266744e-01
4.198899999999999855e-02 9.628319811386173432e-01
4.283800000000000108e-02 9.621415454160192615e-01
4.370299999999999879e-02 9.613919045222517612e-01
4.458600000000000063e-02 9.606552581541611957e-01
4.548599999999999866e-02 9.598662207357859799e-01
4.640500000000000180e-02 9.590974266093125200e-01
4.734300000000000314e-02 9.582727203123804216e-01
4.829900000000000165e-02 9.573890096243402592e-01
4.927499999999999936e-02 9.565217391304348116e-01
5.027000000000000218e-02 9.556669850366125152e-01
5.128599999999999826e-02 9.547467589983090752e-01
5.232200000000000045e-02 9.537534603484774109e-01
5.337900000000000283e-02 9.528433873755246530e-01
5.445699999999999846e-02 9.519334719334718864e-01
5.555700000000000222e-02 9.508527262034781602e-01
5.668000000000000121e-02 9.499236122899338275e-01
5.782500000000000140e-02 9.489795918367347483e-01
5.899299999999999683e-02 9.479247898795598593e-01
6.018400000000000138e-02 9.470042046250876089e-01
6.140000000000000319e-02 9.460393407761829021e-01
6.264100000000000223e-02 9.451071845008520711e-01
6.390600000000000447e-02 9.441919650972550038e-01
6.519700000000000495e-02 9.432866101069715681e-01
6.651400000000000368e-02 9.425599700149924765e-01
6.785800000000000165e-02 9.417548879351453905e-01
6.922899999999999887e-02 9.411146775605486736e-01
7.062699999999999534e-02 9.404333565251963289e-01
7.205400000000000693e-02 9.399547981186242573e-01
7.351000000000000589e-02 9.395472313384477525e-01
7.499400000000000510e-02 9.392423851316469285e-01
7.650899999999999368e-02 9.390739056155842368e-01
7.805499999999999938e-02 9.390380954565261673e-01
7.963199999999999446e-02 9.391250638444452736e-01
8.124099999999999377e-02 9.393502427962237000e-01
8.288199999999999734e-02 9.397179923927103662e-01
8.455600000000000616e-02 9.402235455550671528e-01
8.626399999999999346e-02 9.408558908364765827e-01
8.800700000000000189e-02 9.416308145410446917e-01
8.978500000000000369e-02 9.425030048076923350e-01
9.159799999999999887e-02 9.434578198459928622e-01
9.344900000000000428e-02 9.445038910505836327e-01
9.533700000000000507e-02 9.455470481563570395e-01
9.726300000000000223e-02 9.465889779072590438e-01
9.922699999999999576e-02 9.475854681781664679e-01
1.012300000000000005e-01 9.485009981136568458e-01
1.032799999999999968e-01 9.493232491528914574e-01
1.053599999999999953e-01 9.500495880378395652e-01
1.074900000000000022e-01 9.506780317706314820e-01
1.096599999999999936e-01 9.512908609011484495e-01
1.118799999999999933e-01 9.518804760296426526e-01
1.141400000000000053e-01 9.525340621357663018e-01
1.164400000000000018e-01 9.533464847166011058e-01
1.188000000000000028e-01 9.543421350978088524e-01
1.212000000000000022e-01 9.555983747329619415e-01
1.236499999999999960e-01 9.572124007173967719e-01
1.261400000000000021e-01 9.592037409317367702e-01
1.286899999999999988e-01 9.616127583108715626e-01
1.312899999999999900e-01 9.645773406328291832e-01
1.339400000000000035e-01 9.680595003129061071e-01
1.366499999999999937e-01 9.721811112504703534e-01
1.394100000000000061e-01 9.768827079506691158e-01
1.422299999999999953e-01 9.822214883311316536e-01
1.451000000000000068e-01 9.880653084814332576e-01
1.480299999999999949e-01 9.942692540933899537e-01
1.510199999999999876e-01 1.000666476244882475e+00
1.540700000000000125e-01 1.006979821369500483e+00
1.571799999999999864e-01 1.012999931398778974e+00
1.603600000000000025e-01 1.018566325989319843e+00
1.635999999999999954e-01 1.023605772717383289e+00
1.668999999999999928e-01 1.028122109158186914e+00
1.702799999999999869e-01 1.032322396146899468e+00
1.737100000000000033e-01 1.036442814577125615e+00
1.772199999999999886e-01 1.040740309626353222e+00
1.807999999999999885e-01 1.045731225296442579e+00
1.844600000000000128e-01 1.051583930088602958e+00
1.881799999999999862e-01 1.058615230794867523e+00
1.919800000000000118e-01 1.067083962875027048e+00
1.958600000000000063e-01 1.076978449633329005e+00
1.998199999999999976e-01 1.088271314178050009e+00
2.038600000000000134e-01 1.100810837535844966e+00
2.079699999999999882e-01 1.114075150508615275e+00
2.121800000000000075e-01 1.127526624646815856e+00
2.164600000000000135e-01 1.140398550724637694e+00
2.208299999999999985e-01 1.152263133208255130e+00
2.253000000000000003e-01 1.162834208461584806e+00
2.298499999999999988e-01 1.172241112828438903e+00
2.344900000000000040e-01 1.181186429970307650e+00
2.392299999999999982e-01 1.190568475452196351e+00
2.440599999999999992e-01 1.201259529333775111e+00
2.489899999999999891e-01 1.214007249846111858e+00
2.540200000000000236e-01 1.229098651525904806e+00
2.591499999999999915e-01 1.246576356503071858e+00
2.643900000000000139e-01 1.266150271107668424e+00
2.697300000000000253e-01 1.286919146865623365e+00
2.751799999999999802e-01 1.307477347785587218e+00
2.807399999999999896e-01 1.326936619718309895e+00
2.864099999999999979e-01 1.344592134013109952e+00
2.921900000000000053e-01 1.360907897205027250e+00
2.980999999999999761e-01 1.376845151953690172e+00
3.041200000000000014e-01 1.393818940673755336e+00
3.102599999999999802e-01 1.413176359396348891e+00
3.165299999999999780e-01 1.435597089760822787e+00
3.229199999999999848e-01 1.461201432288770752e+00
3.294500000000000206e-01 1.488657735262021387e+00
3.361000000000000099e-01 1.516600876661903907e+00
3.428899999999999726e-01 1.543819432198906716e+00
3.498200000000000198e-01 1.569456957447086243e+00
3.568899999999999850e-01 1.594020902535850270e+00
3.640900000000000247e-01 1.619055597442126571e+00
3.714500000000000024e-01 1.646177431951636017e+00
3.789500000000000091e-01 1.676457773036645005e+00
3.866100000000000092e-01 1.709797540444973007e+00
3.944199999999999928e-01 1.745149192890917966e+00
4.023900000000000254e-01 1.780784706541485019e+00
4.105199999999999960e-01 1.815599583634727621e+00
4.188100000000000156e-01 1.849865461001995337e+00
4.272699999999999831e-01 1.884621226504651359e+00
4.359000000000000097e-01 1.921580223549589128e+00
4.447099999999999942e-01 1.961616534415943969e+00
4.536899999999999822e-01 2.004205807002561901e+00
4.628599999999999937e-01 2.048126083670475328e+00
4.722100000000000186e-01 2.092317654132556104e+00
4.817400000000000015e-01 2.136552652452948120e+00
4.914799999999999724e-01 2.181829536370903266e+00
5.014100000000000223e-01 2.229322527015793920e+00
5.115300000000000402e-01 2.279538203644622119e+00
5.218699999999999450e-01 2.331888178823794178e+00
5.324100000000000499e-01 2.385352558466677930e+00
5.431700000000000417e-01 2.440004880131763532e+00
5.541399999999999659e-01 2.496222462065900594e+00
5.653299999999999992e-01 2.554153175180069901e+00
5.767499999999999849e-01 2.613873985417526580e+00
5.884000000000000341e-01 2.675534390776611815e+00
6.002899999999999903e-01 2.739114226066209135e+00
6.124199999999999644e-01 2.804806087192825981e+00
6.247899999999999565e-01 2.872639792989123642e+00
6.374100000000000321e-01 2.942432409668997106e+00
6.502900000000000347e-01 3.014520728229875157e+00
6.634200000000000097e-01 3.088615693981079602e+00
6.768300000000000427e-01 3.165087376791581697e+00
6.905000000000000027e-01 3.243872184181800122e+00
7.044500000000000206e-01 3.324974146845915079e+00
7.186799999999999855e-01 3.408287530983941771e+00
7.331999999999999629e-01 3.494046950466134671e+00
7.480099999999999527e-01 3.582274776093191893e+00
7.631200000000000205e-01 3.672829336750259799e+00
7.785400000000000098e-01 3.766172635328541407e+00
7.942599999999999660e-01 3.861870026525198618e+00
8.103099999999999747e-01 3.960450805503699101e+00
8.266799999999999704e-01 4.061567298680700766e+00
8.433800000000000185e-01 4.165388663358893240e+00
8.604100000000000081e-01 4.272206977655820914e+00
8.778000000000000247e-01 4.381684382665576472e+00
8.955300000000000482e-01 4.493859798737847910e+00
9.136199999999999877e-01 4.609376390000889501e+00
9.320800000000000196e-01 4.727542687453600401e+00
9.509100000000000330e-01 4.848872107658049657e+00
9.701100000000000279e-01 4.973030847861659609e+00
9.897099999999999786e-01 5.100440547206003039e+00
1.009700000000000042e+00 5.230899512795978978e+00
1.030100000000000016e+00 5.364512796970045017e+00
1.050899999999999945e+00 5.501161871451500041e+00
1.072100000000000053e+00 5.641166689587058691e+00
1.093800000000000106e+00 5.784288137805037699e+00
1.115899999999999892e+00 5.930688753269398816e+00
1.138400000000000079e+00 6.080266226747824021e+00
1.161399999999999988e+00 6.233203165600082585e+00
1.184900000000000064e+00 6.389414281727698430e+00
1.208800000000000097e+00 6.548704084440918116e+00
1.233300000000000063e+00 6.711467261753816693e+00
1.258199999999999985e+00 6.877361488753133578e+00
1.283600000000000074e+00 7.046489756025597018e+00
1.309500000000000108e+00 7.218915535009148954e+00
1.336000000000000076e+00 7.394812564138679711e+00
1.362999999999999989e+00 7.573680891318057107e+00
1.390500000000000069e+00 7.755814719641563215e+00
1.418600000000000083e+00 7.940838993941618185e+00
1.447200000000000042e+00 8.129301455600584703e+00
1.476499999999999924e+00 8.320719727345627703e+00
1.506299999999999972e+00 8.515230088263797015e+00
1.536699999999999955e+00 8.712838762660826575e+00
1.567800000000000082e+00 8.913211434457892324e+00
1.599399999999999933e+00 9.116362548609034278e+00
1.631799999999999917e+00 9.322616962722042544e+00
1.664700000000000069e+00 9.531439034757871909e+00
1.698399999999999910e+00 9.743230306345733283e+00
1.732699999999999907e+00 9.957452894275805377e+00
1.767700000000000049e+00 1.017424469039784718e+01
1.803399999999999892e+00 1.039382088384825842e+01
1.839800000000000102e+00 1.061564264092285015e+01
1.877000000000000002e+00 1.084000171166930571e+01
1.914900000000000047e+00 1.106634434595756034e+01
1.953600000000000003e+00 1.129555035128805507e+01
1.993000000000000105e+00 1.152617133895314616e+01
2.033300000000000107e+00 1.175906456741371464e+01
2.074399999999999800e+00 1.199388149420351901e+01
2.116299999999999848e+00 1.223120997640714691e+01
2.158999999999999808e+00 1.247015934615158450e+01
2.202599999999999891e+00 1.271065427463531705e+01
2.247100000000000097e+00 1.295315419807977442e+01
2.292499999999999982e+00 1.319794899473755301e+01
2.338799999999999990e+00 1.344401271635464568e+01
2.386099999999999888e+00 1.369164755493082808e+01
2.434299999999999908e+00 1.394049740450918229e+01
2.483499999999999819e+00 1.419134950904811987e+01
2.533599999999999852e+00 1.444406664399864049e+01
2.584799999999999986e+00 1.469723953695458718e+01
2.637000000000000011e+00 1.495195447336505445e+01
2.690300000000000136e+00 1.520821114369501537e+01
2.744699999999999918e+00 1.546530089628681104e+01
2.800100000000000033e+00 1.572433041704685586e+01
2.856700000000000017e+00 1.598541870591015090e+01
2.914400000000000102e+00 1.624624093401733660e+01
2.973300000000000054e+00 1.650883916429719278e+01
3.033300000000000107e+00 1.677251283114728508e+01
3.094599999999999795e+00 1.703674512148720055e+01
3.157099999999999795e+00 1.730338999957251289e+01
3.220899999999999874e+00 1.757075824142981091e+01
3.286000000000000032e+00 1.783900695881136045e+01
3.352300000000000058e+00 1.810813920991632386e+01
3.420100000000000140e+00 1.837998172004069630e+01
3.489199999999999857e+00 1.865139672890433076e+01
3.559600000000000097e+00 1.892404943146225094e+01
3.631600000000000161e+00 1.919843830923070627e+01
3.704899999999999860e+00 1.947403629065975750e+01
3.779799999999999827e+00 1.975053754004124684e+01
3.856100000000000083e+00 2.002855761037285731e+01
3.934000000000000163e+00 2.030727945265091705e+01
4.013499999999999623e+00 2.058811584638424108e+01
4.094599999999999795e+00 2.086991284880467035e+01
4.177299999999999791e+00 2.115278049872659594e+01
4.261700000000000266e+00 2.143759920051731171e+01
4.347800000000000331e+00 2.172326500370461844e+01
4.435599999999999987e+00 2.201096121416526330e+01
4.525199999999999889e+00 2.230001362769146667e+01
4.616600000000000037e+00 2.259011346959229627e+01
4.709900000000000198e+00 2.288309636650869194e+01
4.804999999999999716e+00 2.317641013478793610e+01
4.902099999999999902e+00 2.347320315745741581e+01
5.001100000000000101e+00 2.377090702650771092e+01
5.102100000000000080e+00 2.407014644447504992e+01
5.205199999999999605e+00 2.437134996862782899e+01
5.310399999999999565e+00 2.467570036540804068e+01
5.417600000000000193e+00 2.498158723381544633e+01
5.527099999999999902e+00 2.529048554588829489e+01
5.638700000000000045e+00 2.560075574186691938e+01
5.752600000000000158e+00 2.591267623128998210e+01
5.868900000000000006e+00 2.623015095079396275e+01
5.987400000000000055e+00 2.654771727172717277e+01
6.108399999999999608e+00 2.686780985456913129e+01
6.231799999999999784e+00 2.719235455376180610e+01
6.357700000000000351e+00 2.751923693491503542e+01
6.486100000000000421e+00 2.784762065474181725e+01
6.617099999999999760e+00 2.818157590832371184e+01
6.750799999999999912e+00 2.851744457955289747e+01
6.887199999999999989e+00 2.885835303388494566e+01
7.026299999999999990e+00 2.920068468281549912e+01
7.168199999999999683e+00 2.954706878653772506e+01
7.312999999999999723e+00 2.989801086656229501e+01
7.460799999999999876e+00 3.025323210517379380e+01
7.611500000000000377e+00 3.061302730955514662e+01
7.765299999999999869e+00 3.097787294789435819e+01
7.922100000000000364e+00 3.134660970035911731e+01
8.082200000000000273e+00 3.171990723423355973e+01
8.245400000000000063e+00 3.209823963657013479e+01
8.412000000000000810e+00 3.248070782331026862e+01
8.581899999999999196e+00 3.286916871273237462e+01
8.755300000000000082e+00 3.326243364714151340e+01
8.932199999999999918e+00 3.366106786835995734e+01
9.112600000000000477e+00 3.406317522378845553e+01
9.296699999999999520e+00 3.447093048499848322e+01
9.484500000000000597e+00 3.488409382444566376e+01
9.676099999999999923e+00 3.530250658673950426e+01
9.871600000000000819e+00 3.572521810111729224e+01
1.007099999999999973e+01 3.615486094284253227e+01
1.027399999999999913e+01 3.658813833868538978e+01
