# # k[h/Mpc], Boost (P^NLCDM_NL/P^NLCDM_L)
1.000000000000000048e-04 1.000000000000000000e+00
1.020200000000000024e-04 1.000000000000000000e+00
1.040800000000000064e-04 1.000000000000000000e+00
1.061800000000000032e-04 1.000000000000000000e+00
1.083300000000000013e-04 1.000000000000000000e+00
1.105200000000000057e-04 1.000000000000000000e+00
1.127500000000000030e-04 1.000000000000000000e+00
1.150300000000000015e-04 1.000000000000000000e+00
1.173500000000000064e-04 1.000000000000000000e+00
1.197199999999999989e-04 1.000000000000000000e+00
1.221399999999999927e-04 1.000000000000000000e+00
1.246099999999999877e-04 1.000000000000000000e+00
1.271199999999999891e-04 1.000000000000000000e+00
1.296899999999999865e-04 1.000000000000000000e+00
1.323100000000000122e-04 1.000000000000000000e+00
1.349900000000000069e-04 1.000000000000000000e+00
1.377100000000000080e-04 1.000000000000000000e+00
1.404900000000000051e-04 1.000000000000000000e+00
1.433299999999999982e-04 1.000000000000000000e+00
1.462299999999999874e-04 1.000000000000000000e+00
1.491800000000000049e-04 1.000000000000000000e+00
1.522000000000000132e-04 1.000000000000000000e+00
1.552699999999999957e-04 1.000000000000000000e+00
1.584099999999999961e-04 1.000000000000000000e+00
1.616099999999999926e-04 1.000000000000000000e+00
1.648700000000000122e-04 1.000000000000000000e+00
1.681999999999999956e-04 1.000000000000000000e+00
1.715999999999999969e-04 1.000000000000000000e+00
1.750699999999999891e-04 1.000000000000000000e+00
1.786000000000000044e-04 1.000000000000000000e+00
1.822100000000000054e-04 1.000000000000000000e+00
1.858899999999999973e-04 1.000000000000000000e+00
1.896500000000000020e-04 1.000000000000000000e+00
1.934799999999999975e-04 1.000000000000000000e+00
1.973900000000000058e-04 1.000000000000000000e+00
2.013799999999999998e-04 1.000000000000000000e+00
2.054400000000000117e-04 1.000000000000000000e+00
2.095900000000000042e-04 1.000000000000000000e+00
2.138300000000000042e-04 1.000000000000000000e+00
2.181499999999999900e-04 1.000000000000000000e+00
2.225499999999999885e-04 1.000000000000000000e+00
2.270499999999999895e-04 1.000000000000000000e+00
2.316399999999999980e-04 1.000000000000000000e+00
2.363199999999999871e-04 1.000000000000000000e+00
2.410900000000000109e-04 1.000000000000000000e+00
2.459599999999999829e-04 1.000000000000000000e+00
2.509300000000000115e-04 1.000000000000000000e+00
2.559999999999999884e-04 1.000000000000000000e+00
2.611700000000000219e-04 1.000000000000000000e+00
2.664499999999999985e-04 1.000000000000000000e+00
2.718299999999999775e-04 1.000000000000000000e+00
2.773200000000000079e-04 1.000000000000000000e+00
2.829199999999999814e-04 1.000000000000000000e+00
2.886400000000000012e-04 1.000000000000000000e+00
2.944700000000000182e-04 1.000000000000000000e+00
3.004199999999999731e-04 1.000000000000000000e+00
3.064899999999999743e-04 1.000000000000000000e+00
3.126800000000000217e-04 1.000000000000000000e+00
3.189900000000000070e-04 1.000000000000000000e+00
3.254399999999999741e-04 1.000000000000000000e+00
3.320099999999999874e-04 1.000000000000000000e+00
3.387199999999999825e-04 1.000000000000000000e+00
3.455600000000000186e-04 1.000000000000000000e+00
3.525399999999999823e-04 1.000000000000000000e+00
3.596599999999999819e-04 1.000000000000000000e+00
3.669300000000000122e-04 1.000000000000000000e+00
3.743400000000000243e-04 1.000000000000000000e+00
3.819000000000000129e-04 1.000000000000000000e+00
3.896200000000000271e-04 1.000000000000000000e+00
3.974900000000000178e-04 1.000000000000000000e+00
4.055199999999999799e-04 1.000000000000000000e+00
4.137100000000000217e-04 1.000000000000000000e+00
4.220699999999999756e-04 1.000000000000000000e+00
4.306000000000000040e-04 1.000000000000000000e+00
4.392900000000000038e-04 1.000000000000000000e+00
4.481700000000000137e-04 1.000000000000000000e+00
4.572199999999999897e-04 1.000000000000000000e+00
4.664599999999999758e-04 1.000000000000000000e+00
4.758799999999999771e-04 1.000000000000000000e+00
4.854999999999999832e-04 1.000000000000000000e+00
4.952999999999999504e-04 1.000000000000000000e+00
5.053100000000000256e-04 1.000000000000000000e+00
5.155199999999999973e-04 1.000000000000000000e+00
5.259299999999999739e-04 1.000000000000000000e+00
5.365600000000000534e-04 1.000000000000000000e+00
5.473900000000000293e-04 1.000000000000000000e+00
5.584500000000000488e-04 1.000000000000000000e+00
5.697299999999999543e-04 1.000000000000000000e+00
5.812400000000000119e-04 1.000000000000000000e+00
5.929900000000000535e-04 1.000000000000000000e+00
6.049599999999999813e-04 1.000000000000000000e+00
6.171899999999999912e-04 1.000000000000000000e+00
6.296500000000000447e-04 1.000000000000000000e+00
6.423699999999999636e-04 1.000000000000000000e+00
6.553499999999999647e-04 1.000000000000000000e+00
6.685900000000000480e-04 1.000000000000000000e+00
6.821000000000000457e-04 1.000000000000000000e+00
6.958799999999999578e-04 1.000000000000000000e+00
7.099300000000000012e-04 1.000000000000000000e+00
7.242699999999999486e-04 1.000000000000000000e+00
7.389099999999999575e-04 1.000000000000000000e+00
7.538300000000000382e-04 1.000000000000000000e+00
7.690600000000000127e-04 1.000000000000000000e+00
7.845999999999999893e-04 1.000000000000000000e+00
8.004499999999999680e-04 1.000000000000000000e+00
8.166199999999999978e-04 1.000000000000000000e+00
8.331099999999999704e-04 1.000000000000000000e+00
8.499399999999999837e-04 1.000000000000000000e+00
8.671100000000000379e-04 1.000000000000000000e+00
8.846299999999999650e-04 1.000000000000000000e+00
9.024999999999999819e-04 1.000000000000000000e+00
9.207300000000000293e-04 1.000000000000000000e+00
9.393300000000000477e-04 1.000000000000000000e+00
9.583099999999999778e-04 1.000000000000000000e+00
9.776699999999999280e-04 1.000000000000000000e+00
9.974199999999999473e-04 1.000000000000000000e+00
1.017600000000000015e-03 1.000000000000000000e+00
1.038099999999999917e-03 1.000000000000000000e+00
1.059100000000000102e-03 1.000000000000000000e+00
1.080500000000000080e-03 1.000000000000000000e+00
1.102300000000000068e-03 1.000000000000000000e+00
1.124599999999999905e-03 1.000000000000000000e+00
1.147299999999999969e-03 1.000000000000000000e+00
1.170500000000000099e-03 1.000000000000000000e+00
1.194100000000000023e-03 1.000000000000000000e+00
1.218200000000000012e-03 1.000000000000000000e+00
1.242899999999999908e-03 1.000000000000000000e+00
1.268000000000000030e-03 1.000000000000000000e+00
1.293600000000000002e-03 1.000000000000000000e+00
1.319700000000000040e-03 1.000000000000000000e+00
1.346399999999999984e-03 1.000000000000000000e+00
1.373599999999999995e-03 1.000000000000000000e+00
1.401300000000000072e-03 1.000000000000000000e+00
1.429600000000000055e-03 1.000000000000000000e+00
1.458499999999999944e-03 1.000000000000000000e+00
1.487999999999999956e-03 1.000000000000000000e+00
1.518000000000000035e-03 1.000000000000000000e+00
1.548700000000000077e-03 1.000000000000000000e+00
1.580000000000000024e-03 1.000000000000000000e+00
1.611900000000000095e-03 1.000000000000000000e+00
1.644499999999999912e-03 1.000000000000000000e+00
1.677700000000000068e-03 1.000000000000000000e+00
1.711599999999999970e-03 1.000000000000000000e+00
1.746200000000000052e-03 1.000000000000000000e+00
1.781400000000000041e-03 1.000000000000000000e+00
1.817400000000000048e-03 1.000000000000000000e+00
1.854100000000000019e-03 1.000000000000000000e+00
1.891600000000000009e-03 1.000000000000000000e+00
1.929799999999999962e-03 1.000000000000000000e+00
1.968800000000000151e-03 1.000000000000000000e+00
2.008600000000000142e-03 1.000000000000000000e+00
2.049099999999999880e-03 1.000000000000000000e+00
2.090499999999999910e-03 1.000000000000000000e+00
2.132799999999999800e-03 1.000000000000000000e+00
2.175799999999999870e-03 1.000000000000000000e+00
2.219800000000000072e-03 1.000000000000000000e+00
2.264599999999999860e-03 1.000000000000000000e+00
2.310400000000000214e-03 1.000000000000000000e+00
2.357099999999999994e-03 1.000000000000000000e+00
2.404700000000000067e-03 1.000000000000000000e+00
2.453299999999999838e-03 1.000000000000000000e+00
2.502799999999999903e-03 1.000000000000000000e+00
2.553399999999999941e-03 1.000000000000000000e+00
2.605000000000000111e-03 1.000000000000000000e+00
2.657599999999999980e-03 1.000000000000000000e+00
2.711299999999999821e-03 1.000000000000000000e+00
2.765999999999999796e-03 1.000000000000000000e+00
2.821900000000000016e-03 1.000000000000000000e+00
2.878900000000000209e-03 1.000000000000000000e+00
2.937100000000000214e-03 1.000000000000000000e+00
2.996400000000000192e-03 1.000000000000000000e+00
3.056899999999999982e-03 1.000000000000000000e+00
3.118699999999999858e-03 1.000000000000000000e+00
3.181699999999999980e-03 1.000000000000000000e+00
3.246000000000000187e-03 1.000000000000000000e+00
3.311500000000000207e-03 1.000000000000000000e+00
3.378400000000000153e-03 1.000000000000000000e+00
3.446700000000000024e-03 1.000000000000000000e+00
3.516299999999999981e-03 1.000000000000000000e+00
3.587400000000000137e-03 1.000000000000000000e+00
3.659799999999999946e-03 1.000000000000000000e+00
3.733799999999999793e-03 1.000000000000000000e+00
3.809199999999999999e-03 1.000072108451110386e+00
3.886099999999999971e-03 1.000000000000000000e+00
3.964600000000000415e-03 1.000000000000000000e+00
4.044700000000000031e-03 9.999308341402683986e-01
4.126399999999999686e-03 1.000000000000000000e+00
4.209799999999999653e-03 9.999326871297792296e-01
4.294799999999999660e-03 1.000000000000000000e+00
4.381600000000000251e-03 1.000131095962244254e+00
4.470100000000000288e-03 1.000194074265752464e+00
4.560400000000000044e-03 1.000255444153521855e+00
4.652500000000000385e-03 1.000063043752364100e+00
4.746499999999999851e-03 9.998754980079681554e-01
4.842400000000000176e-03 9.995082067990409547e-01
4.940199999999999626e-03 9.990285957136786354e-01
5.040000000000000209e-03 9.985606333213385977e-01
5.141899999999999596e-03 9.981631806600699264e-01
5.245699999999999842e-03 9.979508196721311730e-01
5.351700000000000033e-03 9.978013076433489559e-01
5.459799999999999896e-03 9.977696442868581039e-01
5.570099999999999704e-03 9.977951153324288169e-01
5.682600000000000325e-03 9.978200111794298666e-01
5.797400000000000296e-03 9.978993919292427073e-01
5.914499999999999619e-03 9.978131321414903665e-01
6.034000000000000301e-03 9.978366684694429667e-01
6.155899999999999740e-03 9.977525684931506378e-01
6.280299999999999945e-03 9.977230606301297211e-01
6.407200000000000048e-03 9.976416330381007169e-01
6.536600000000000049e-03 9.976134889753567325e-01
6.668600000000000222e-03 9.975344154509965255e-01
6.803299999999999972e-03 9.975582460067148327e-01
6.940799999999999574e-03 9.974807275658790218e-01
7.080999999999999621e-03 9.974543276430068994e-01
7.224000000000000386e-03 9.973787031999604702e-01
7.369999999999999815e-03 9.973530709278957129e-01
7.518900000000000236e-03 9.972790437782420581e-01
7.670800000000000188e-03 9.973021149491737569e-01
7.825699999999999670e-03 9.972289904925708548e-01
7.983799999999999231e-03 9.972040564875367386e-01
8.145100000000000603e-03 9.971321109543959116e-01
8.309600000000000319e-03 9.971073994588037781e-01
8.477500000000000660e-03 9.970363510071775792e-01
8.648799999999999891e-03 9.970117690327325866e-01
8.823499999999999746e-03 9.969414772208526898e-01
9.001699999999999632e-03 9.969167989118113971e-01
9.183600000000000096e-03 9.968468468468468791e-01
9.369099999999999998e-03 9.968219864822523979e-01
9.558300000000000476e-03 9.967523801049915644e-01
9.751400000000000345e-03 9.966828836797877456e-01
9.948399999999999604e-03 9.966574306196948063e-01
1.014900000000000004e-02 9.966315236887003381e-01
1.035400000000000036e-02 9.965616295264624336e-01
1.056400000000000047e-02 9.964916839916839741e-01
1.077700000000000012e-02 9.964646029145468598e-01
1.099499999999999957e-02 9.963939211814201169e-01
1.121699999999999954e-02 9.963656576021892031e-01
1.144300000000000005e-02 9.962940875788038886e-01
1.167499999999999961e-02 9.962643800144330708e-01
1.191000000000000045e-02 9.961916046039268613e-01
1.215100000000000034e-02 9.961603375527425808e-01
1.239700000000000003e-02 9.960860233155169885e-01
1.264700000000000026e-02 9.960527420844881297e-01
1.290200000000000027e-02 9.959765297569153075e-01
1.316299999999999935e-02 9.959410829358105177e-01
1.342899999999999996e-02 9.959043798060849273e-01
1.370000000000000037e-02 9.958663883089770019e-01
1.397699999999999984e-02 9.958268998038642961e-01
1.425900000000000084e-02 9.957860480640854384e-01
1.454699999999999917e-02 9.957436154231347203e-01
1.484100000000000003e-02 9.956995532545613870e-01
1.514099999999999994e-02 9.956120188892139122e-01
1.544700000000000066e-02 9.955644823834630674e-01
1.575899999999999870e-02 9.955149432032527335e-01
1.607700000000000101e-02 9.955053347895488347e-01
1.640199999999999991e-02 9.954516740366392558e-01
1.673399999999999888e-02 9.954380332854608771e-01
1.707200000000000037e-02 9.954223710422582805e-01
1.741600000000000092e-02 9.953620968428218418e-01
1.776799999999999907e-02 9.953418803418803140e-01
1.812700000000000075e-02 9.953194778426657230e-01
1.849299999999999902e-02 9.952516619183285895e-01
1.886699999999999836e-02 9.953108718304967129e-01
1.924800000000000122e-02 9.952378871947223926e-01
1.963700000000000168e-02 9.952496151308555250e-01
2.003399999999999972e-02 9.952591936198493805e-01
2.043800000000000130e-02 9.952221478008483890e-01
2.085100000000000148e-02 9.952273750562810051e-01
2.127199999999999924e-02 9.952757336240574126e-01
2.170199999999999907e-02 9.952771791462240447e-01
2.214100000000000096e-02 9.953225582364655377e-01
2.258800000000000044e-02 9.953671205952547840e-01
2.304399999999999851e-02 9.954104565885970590e-01
2.350999999999999965e-02 9.954528049013976476e-01
2.398499999999999938e-02 9.955428516060268462e-01
2.446900000000000117e-02 9.955843391227553463e-01
2.496400000000000008e-02 9.956253728375422662e-01
2.546800000000000105e-02 9.957665557907469100e-01
2.598200000000000162e-02 9.958593190880278279e-01
2.650699999999999931e-02 9.960053953102303570e-01
2.704300000000000107e-02 9.961546565528865971e-01
2.758899999999999894e-02 9.962544812456525234e-01
2.814600000000000088e-02 9.964108978193485511e-01
2.871500000000000094e-02 9.966272254782705398e-01
2.929500000000000159e-02 9.967943310275012569e-01
2.988700000000000037e-02 9.970241501659609096e-01
3.048999999999999974e-02 9.972620295933822820e-01
3.110600000000000170e-02 9.975086012575631322e-01
3.173499999999999932e-02 9.977644855295753068e-01
3.237600000000000200e-02 9.980917205293936556e-01
3.302999999999999686e-02 9.983690879437963073e-01
3.369699999999999779e-02 9.987213911264544164e-01
3.437799999999999884e-02 9.990226102821397891e-01
3.507199999999999901e-02 9.994022316684377794e-01
3.578100000000000031e-02 9.997292174383969332e-01
3.650400000000000172e-02 1.000137997654039879e+00
3.724100000000000327e-02 1.000562587904360035e+00
3.799299999999999899e-02 1.000931632506808056e+00
3.876099999999999685e-02 1.001387367652427862e+00
3.954400000000000276e-02 1.001785315777728114e+00
4.034299999999999692e-02 1.002272727272727204e+00
4.115800000000000014e-02 1.002699367576739053e+00
4.198899999999999855e-02 1.003060503806011194e+00
4.283800000000000108e-02 1.003511572226656101e+00
4.370299999999999879e-02 1.003893575600259602e+00
4.458600000000000063e-02 1.004367531932426783e+00
4.548599999999999866e-02 1.004853962674700840e+00
4.640500000000000180e-02 1.005181787291879125e+00
4.734300000000000314e-02 1.005603448275862011e+00
4.829900000000000165e-02 1.005946655006558776e+00
4.927499999999999936e-02 1.006297117516629758e+00
5.027000000000000218e-02 1.006654676258992742e+00
5.128599999999999826e-02 1.007019143117593440e+00
5.232200000000000045e-02 1.007299944557383142e+00
5.337900000000000283e-02 1.007775175644028076e+00
5.445699999999999846e-02 1.007977965618767291e+00
5.555700000000000222e-02 1.008477842003853597e+00
5.668000000000000121e-02 1.008798514028741877e+00
5.782500000000000140e-02 1.009232602005360802e+00
5.899299999999999683e-02 1.009604713573720280e+00
6.018400000000000138e-02 1.010140301540545904e+00
6.140000000000000319e-02 1.010714584378658687e+00
6.264100000000000223e-02 1.011353581441958083e+00
6.390600000000000447e-02 1.012096730289733681e+00
6.519700000000000495e-02 1.012942748941857873e+00
6.651400000000000368e-02 1.013913460331229643e+00
6.785800000000000165e-02 1.015020855790411014e+00
6.922899999999999887e-02 1.016278873612801448e+00
7.062699999999999534e-02 1.017715264673751063e+00
7.205400000000000693e-02 1.019308135810377935e+00
7.351000000000000589e-02 1.021099617213472976e+00
7.499400000000000510e-02 1.023079771259307824e+00
7.650899999999999368e-02 1.025250227479526766e+00
7.805499999999999938e-02 1.027609715786677702e+00
7.963199999999999446e-02 1.030137196290334956e+00
8.124099999999999377e-02 1.032837295264801503e+00
8.288199999999999734e-02 1.035675836825281193e+00
8.455600000000000616e-02 1.038625722941338481e+00
8.626399999999999346e-02 1.041632404990883609e+00
8.800700000000000189e-02 1.044630275161314126e+00
8.978500000000000369e-02 1.047562357188118298e+00
9.159799999999999887e-02 1.050403825928204249e+00
9.344900000000000428e-02 1.053055879524481764e+00
9.533700000000000507e-02 1.055479552964451617e+00
9.726300000000000223e-02 1.057709336731388117e+00
9.922699999999999576e-02 1.059669143665958879e+00
1.012300000000000005e-01 1.061445946556947240e+00
1.032799999999999968e-01 1.063102986659280713e+00
1.053599999999999953e-01 1.064666541070083072e+00
1.074900000000000022e-01 1.066245374597529771e+00
1.096599999999999936e-01 1.067935915994013607e+00
1.118799999999999933e-01 1.069844455594580968e+00
1.141400000000000053e-01 1.072137384955524464e+00
1.164400000000000018e-01 1.074864614978206401e+00
1.188000000000000028e-01 1.078182016230052831e+00
1.212000000000000022e-01 1.082150101419878219e+00
1.236499999999999960e-01 1.086904378857460607e+00
1.261400000000000021e-01 1.092435694258198309e+00
1.286899999999999988e-01 1.098764252500159300e+00
1.312899999999999900e-01 1.105828579054482397e+00
1.339400000000000035e-01 1.113549651720396216e+00
1.366499999999999937e-01 1.121762133960392482e+00
1.394100000000000061e-01 1.130227001194743064e+00
1.422299999999999953e-01 1.138637830858618472e+00
1.451000000000000068e-01 1.146677335130127151e+00
1.480299999999999949e-01 1.154085296435764851e+00
1.510199999999999876e-01 1.160734527318068476e+00
1.540700000000000125e-01 1.166518546236961607e+00
1.571799999999999864e-01 1.171662256434929050e+00
1.603600000000000025e-01 1.176473494392569652e+00
1.635999999999999954e-01 1.181195801004107482e+00
1.668999999999999928e-01 1.186304653707853429e+00
1.702799999999999869e-01 1.192322147651006636e+00
1.737100000000000033e-01 1.199689027099067218e+00
1.772199999999999886e-01 1.208746826678975372e+00
1.807999999999999885e-01 1.219585642013972571e+00
1.844600000000000128e-01 1.232308566378385262e+00
1.881799999999999862e-01 1.246632605666511795e+00
1.919800000000000118e-01 1.262044407205697549e+00
1.958600000000000063e-01 1.278014392715523639e+00
1.998199999999999976e-01 1.293705216118344881e+00
2.038600000000000134e-01 1.308392396907216648e+00
2.079699999999999882e-01 1.321790894608870559e+00
2.121800000000000075e-01 1.333768040340810090e+00
2.164600000000000135e-01 1.344933009621437137e+00
2.208299999999999985e-01 1.355848741057326112e+00
2.253000000000000003e-01 1.367647058823529438e+00
2.298499999999999988e-01 1.381346633416458802e+00
2.344900000000000040e-01 1.397725382568197006e+00
2.392299999999999982e-01 1.416976739125704654e+00
2.440599999999999992e-01 1.438785649834957159e+00
2.489899999999999891e-01 1.462556441540974195e+00
2.540200000000000236e-01 1.487049378976067704e+00
2.591499999999999915e-01 1.511099932486993813e+00
2.643900000000000139e-01 1.533682914343428738e+00
2.697300000000000253e-01 1.554726009627857231e+00
2.751799999999999802e-01 1.575059190217879657e+00
2.807399999999999896e-01 1.595719826176347000e+00
2.864099999999999979e-01 1.618076274484368859e+00
2.921900000000000053e-01 1.643557316267966861e+00
2.980999999999999761e-01 1.672536085399155770e+00
3.041200000000000014e-01 1.704487501628603852e+00
3.102599999999999802e-01 1.738077554530529367e+00
3.165299999999999780e-01 1.771889542631050141e+00
3.229199999999999848e-01 1.804784894324643174e+00
3.294500000000000206e-01 1.836631333617192663e+00
3.361000000000000099e-01 1.868385980499894794e+00
3.428899999999999726e-01 1.901549725442342798e+00
3.498200000000000198e-01 1.937541460427616435e+00
3.568899999999999850e-01 1.977094748095683752e+00
3.640900000000000247e-01 2.019511101143753873e+00
3.714500000000000024e-01 2.063510732137606496e+00
3.789500000000000091e-01 2.107810814974580005e+00
3.866100000000000092e-01 2.151812201728363405e+00
3.944199999999999928e-01 2.196001078966889342e+00
4.023900000000000254e-01 2.242003174043378788e+00
4.105199999999999960e-01 2.290692952338760247e+00
4.188100000000000156e-01 2.342527757360052476e+00
4.272699999999999831e-01 2.396860804672290790e+00
4.359000000000000097e-01 2.452435603162459010e+00
4.447099999999999942e-01 2.508748497395485444e+00
4.536899999999999822e-01 2.565928687951526399e+00
4.628599999999999937e-01 2.625024399765762073e+00
4.722100000000000186e-01 2.686857843888974084e+00
4.817400000000000015e-01 2.751446325262481007e+00
4.914799999999999724e-01 2.818324724904558654e+00
5.014100000000000223e-01 2.886536086112581945e+00
5.115300000000000402e-01 2.956377079482439552e+00
5.218699999999999450e-01 3.028073572120038914e+00
5.324100000000000499e-01 3.102501690331304740e+00
5.431700000000000417e-01 3.179300085009918231e+00
5.541399999999999659e-01 3.258461995249406495e+00
5.653299999999999992e-01 3.340230242688238871e+00
5.767499999999999849e-01 3.424239954356508520e+00
5.884000000000000341e-01 3.510247651579846639e+00
6.002899999999999903e-01 3.598872584108804062e+00
6.124199999999999644e-01 3.689697196962594905e+00
6.247899999999999565e-01 3.783223651900599283e+00
6.374100000000000321e-01 3.879107196147236092e+00
6.502900000000000347e-01 3.977489569520359591e+00
6.634200000000000097e-01 4.078495595211204083e+00
6.768300000000000427e-01 4.182117207189086194e+00
6.905000000000000027e-01 4.288334965355677930e+00
7.044500000000000206e-01 4.397309545141729004e+00
7.186799999999999855e-01 4.508889100480161893e+00
7.331999999999999629e-01 4.623396979196352063e+00
7.480099999999999527e-01 4.740652287484140359e+00
7.631200000000000205e-01 4.860917832851223253e+00
7.785400000000000098e-01 4.983867005159282826e+00
7.942599999999999660e-01 5.109803383316748437e+00
8.103099999999999747e-01 5.238839767090791355e+00
8.266799999999999704e-01 5.370656225292722574e+00
8.433800000000000185e-01 5.505668934240363299e+00
8.604100000000000081e-01 5.643678873123076478e+00
8.778000000000000247e-01 5.784657320872274688e+00
8.955300000000000482e-01 5.928938841177402885e+00
9.136199999999999877e-01 6.076234780338451102e+00
9.320800000000000196e-01 6.226973275326288970e+00
9.509100000000000330e-01 6.380751503788766321e+00
9.701100000000000279e-01 6.538199274472902722e+00
9.897099999999999786e-01 6.698760070853093218e+00
1.009700000000000042e+00 6.862580799616950777e+00
1.030100000000000016e+00 7.030187141468919876e+00
1.050899999999999945e+00 7.201024495961122263e+00
1.072100000000000053e+00 7.375825536598789256e+00
1.093800000000000106e+00 7.554050158547131133e+00
1.115899999999999892e+00 7.735542805375207998e+00
1.138400000000000079e+00 7.920835145715527936e+00
1.161399999999999988e+00 8.109362054681026777e+00
1.184900000000000064e+00 8.301870416178449119e+00
1.208800000000000097e+00 8.497908710674668242e+00
1.233300000000000063e+00 8.697370927795772033e+00
1.258199999999999985e+00 8.900309350364233651e+00
1.283600000000000074e+00 9.106685484292508903e+00
1.309500000000000108e+00 9.316066148286058279e+00
1.336000000000000076e+00 9.529054092812481613e+00
1.362999999999999989e+00 9.745808545159547975e+00
1.390500000000000069e+00 9.966005665722379447e+00
1.418600000000000083e+00 1.018926404642574468e+01
1.447200000000000042e+00 1.041516993644653155e+01
1.476499999999999924e+00 1.064471780028943648e+01
1.506299999999999972e+00 1.087773819449708057e+01
1.536699999999999955e+00 1.111314013497419495e+01
1.567800000000000082e+00 1.135229540918163771e+01
1.599399999999999933e+00 1.159320557491289172e+01
1.631799999999999917e+00 1.183850364963503488e+01
1.664700000000000069e+00 1.208504538939321549e+01
1.698399999999999910e+00 1.233560862341613706e+01
1.732699999999999907e+00 1.258805031446541101e+01
1.767700000000000049e+00 1.284305976375532410e+01
1.803399999999999892e+00 1.310056219174302505e+01
1.839800000000000102e+00 1.335933925690481416e+01
1.877000000000000002e+00 1.362163525184391411e+01
1.914900000000000047e+00 1.388511149545172429e+01
1.953600000000000003e+00 1.415102164957005115e+01
1.993000000000000105e+00 1.441872584357493281e+01
2.033300000000000107e+00 1.468784576443306200e+01
2.074399999999999800e+00 1.495850194398159161e+01
2.116299999999999848e+00 1.523069765896289773e+01
2.158999999999999808e+00 1.550400946267981794e+01
2.202599999999999891e+00 1.577877733869939725e+01
2.247100000000000097e+00 1.605433228481555474e+01
2.292499999999999982e+00 1.633059929354008233e+01
2.338799999999999990e+00 1.660747858784207409e+01
2.386099999999999888e+00 1.688511326860841422e+01
2.434299999999999908e+00 1.716286734413622383e+01
2.483499999999999819e+00 1.744106937523955381e+01
2.533599999999999852e+00 1.771938622003811048e+01
2.584799999999999986e+00 1.799732346689758344e+01
2.637000000000000011e+00 1.827538858680727429e+01
2.690300000000000136e+00 1.855270720772502457e+01
2.744699999999999918e+00 1.882980962978556860e+01
2.800100000000000033e+00 1.910592900302114927e+01
2.856700000000000017e+00 1.938156551519741910e+01
2.914400000000000102e+00 1.965577837502584302e+01
2.973300000000000054e+00 1.992861778066190581e+01
3.033300000000000107e+00 2.020104862132699708e+01
3.094599999999999795e+00 2.047160503571569379e+01
3.157099999999999795e+00 2.074071015689512620e+01
3.220899999999999874e+00 2.100725639253628430e+01
3.286000000000000032e+00 2.127287515250101890e+01
3.352300000000000058e+00 2.153620722253733888e+01
3.420100000000000140e+00 2.179835838607594667e+01
3.489199999999999857e+00 2.205751525809454705e+01
3.559600000000000097e+00 2.231443410517204029e+01
3.631600000000000161e+00 2.256903576278859092e+01
3.704899999999999860e+00 2.282078598484848442e+01
3.779799999999999827e+00 2.307106598984771395e+01
3.856100000000000083e+00 2.331671630195519995e+01
3.934000000000000163e+00 2.356083688807637344e+01
4.013499999999999623e+00 2.380186942359439328e+01
4.094599999999999795e+00 2.404132415018884572e+01
4.177299999999999791e+00 2.427664188351920771e+01
4.261700000000000266e+00 2.450959747307038228e+01
4.347800000000000331e+00 2.473661924119241107e+01
4.435599999999999987e+00 2.496501638473120011e+01
4.525199999999999889e+00 2.518707167994072549e+01
4.616600000000000037e+00 2.540524837803815572e+01
4.709900000000000198e+00 2.562272174969623251e+01
4.804999999999999716e+00 2.583589200635256944e+01
4.902099999999999902e+00 2.604532220389456754e+01
5.001100000000000101e+00 2.625127326604314959e+01
5.102100000000000080e+00 2.645414276377895746e+01
5.205199999999999605e+00 2.665325335965378528e+01
5.310399999999999565e+00 2.684995303176640391e+01
5.417600000000000193e+00 2.704209375994245335e+01
5.527099999999999902e+00 2.723196852899064524e+01
5.638700000000000045e+00 2.741747690260535819e+01
5.752600000000000158e+00 2.759983558352040589e+01
5.868900000000000006e+00 2.777805325531809189e+01
5.987400000000000055e+00 2.795375602675099458e+01
6.108399999999999608e+00 2.812697609712912339e+01
6.231799999999999784e+00 2.829429542878730430e+01
6.357700000000000351e+00 2.845998894067461649e+01
6.486100000000000421e+00 2.862304627010509250e+01
6.617099999999999760e+00 2.878143550998381173e+01
6.750799999999999912e+00 2.893768760297005116e+01
6.887199999999999989e+00 2.908919301557338244e+01
7.026299999999999990e+00 2.923820801263074998e+01
7.168199999999999683e+00 2.938460744867430208e+01
7.312999999999999723e+00 2.952755905511810752e+01
7.460799999999999876e+00 2.966732449957710571e+01
7.611500000000000377e+00 2.980516992365961926e+01
7.765299999999999869e+00 2.993805855161787122e+01
7.922100000000000364e+00 3.006830337006250176e+01
8.082200000000000273e+00 3.019604540708053619e+01
8.245400000000000063e+00 3.032154680566316785e+01
8.412000000000000810e+00 3.044408439812939804e+01
8.581899999999999196e+00 3.056443229507565462e+01
8.755300000000000082e+00 3.068072943923352724e+01
8.932199999999999918e+00 3.079555499431746313e+01
9.112600000000000477e+00 3.090849069061138366e+01
9.296699999999999520e+00 3.101859523151983566e+01
9.484500000000000597e+00 3.112731648616125568e+01
9.676099999999999923e+00 3.123175274338065321e+01
9.871600000000000819e+00 3.133614108976046353e+01
1.007099999999999973e+01 3.143989868399317444e+01
1.027399999999999913e+01 3.154111955770559916e+01
