# # k[h/Mpc], Boost (P^NLCDM_NL/P^NLCDM_L)
1.000000000000000048e-04 1.000000000000000000e+00
1.020200000000000024e-04 1.000000000000000000e+00
1.040800000000000064e-04 1.000000000000000000e+00
1.061800000000000032e-04 1.000000000000000000e+00
1.083300000000000013e-04 1.000000000000000000e+00
1.105200000000000057e-04 1.000000000000000000e+00
1.127500000000000030e-04 1.000000000000000000e+00
1.150300000000000015e-04 1.000000000000000000e+00
1.173500000000000064e-04 1.000000000000000000e+00
1.197199999999999989e-04 1.000000000000000000e+00
1.221399999999999927e-04 1.000000000000000000e+00
1.246099999999999877e-04 1.000000000000000000e+00
1.271199999999999891e-04 1.000000000000000000e+00
1.296899999999999865e-04 1.000000000000000000e+00
1.323100000000000122e-04 1.000000000000000000e+00
1.349900000000000069e-04 1.000000000000000000e+00
1.377100000000000080e-04 1.000000000000000000e+00
1.404900000000000051e-04 1.000000000000000000e+00
1.433299999999999982e-04 1.000000000000000000e+00
1.462299999999999874e-04 1.000000000000000000e+00
1.491800000000000049e-04 1.000000000000000000e+00
1.522000000000000132e-04 1.000000000000000000e+00
1.552699999999999957e-04 1.000000000000000000e+00
1.584099999999999961e-04 1.000000000000000000e+00
1.616099999999999926e-04 1.000000000000000000e+00
1.648700000000000122e-04 1.000000000000000000e+00
1.681999999999999956e-04 1.000000000000000000e+00
1.715999999999999969e-04 1.000000000000000000e+00
1.750699999999999891e-04 1.000000000000000000e+00
1.786000000000000044e-04 1.000000000000000000e+00
1.822100000000000054e-04 1.000000000000000000e+00
1.858899999999999973e-04 1.000000000000000000e+00
1.896500000000000020e-04 1.000000000000000000e+00
1.934799999999999975e-04 1.000000000000000000e+00
1.973900000000000058e-04 1.000000000000000000e+00
2.013799999999999998e-04 1.000000000000000000e+00
2.054400000000000117e-04 1.000000000000000000e+00
2.095900000000000042e-04 1.000000000000000000e+00
2.138300000000000042e-04 1.000000000000000000e+00
2.181499999999999900e-04 1.000000000000000000e+00
2.225499999999999885e-04 1.000000000000000000e+00
2.270499999999999895e-04 1.000000000000000000e+00
2.316399999999999980e-04 1.000000000000000000e+00
2.363199999999999871e-04 1.000000000000000000e+00
2.410900000000000109e-04 1.000000000000000000e+00
2.459599999999999829e-04 1.000000000000000000e+00
2.509300000000000115e-04 1.000000000000000000e+00
2.559999999999999884e-04 1.000000000000000000e+00
2.611700000000000219e-04 1.000000000000000000e+00
2.664499999999999985e-04 1.000000000000000000e+00
2.718299999999999775e-04 1.000000000000000000e+00
2.773200000000000079e-04 1.000000000000000000e+00
2.829199999999999814e-04 1.000000000000000000e+00
2.886400000000000012e-04 1.000000000000000000e+00
2.944700000000000182e-04 1.000000000000000000e+00
3.004199999999999731e-04 1.000000000000000000e+00
3.064899999999999743e-04 1.000000000000000000e+00
3.126800000000000217e-04 1.000000000000000000e+00
3.189900000000000070e-04 1.000000000000000000e+00
3.254399999999999741e-04 1.000000000000000000e+00
3.320099999999999874e-04 1.000000000000000000e+00
3.387199999999999825e-04 1.000000000000000000e+00
3.455600000000000186e-04 1.000000000000000000e+00
3.525399999999999823e-04 1.000000000000000000e+00
3.596599999999999819e-04 1.000000000000000000e+00
3.669300000000000122e-04 1.000000000000000000e+00
3.743400000000000243e-04 1.000000000000000000e+00
3.819000000000000129e-04 1.000000000000000000e+00
3.896200000000000271e-04 1.000000000000000000e+00
3.974900000000000178e-04 1.000000000000000000e+00
4.055199999999999799e-04 1.000000000000000000e+00
4.137100000000000217e-04 1.000000000000000000e+00
4.220699999999999756e-04 1.000000000000000000e+00
4.306000000000000040e-04 1.000000000000000000e+00
4.392900000000000038e-04 1.000000000000000000e+00
4.481700000000000137e-04 1.000000000000000000e+00
4.572199999999999897e-04 1.000000000000000000e+00
4.664599999999999758e-04 1.000000000000000000e+00
4.758799999999999771e-04 1.000000000000000000e+00
4.854999999999999832e-04 1.000000000000000000e+00
4.952999999999999504e-04 1.000000000000000000e+00
5.053100000000000256e-04 1.000000000000000000e+00
5.155199999999999973e-04 1.000000000000000000e+00
5.259299999999999739e-04 1.000000000000000000e+00
5.365600000000000534e-04 1.000000000000000000e+00
5.473900000000000293e-04 1.000000000000000000e+00
5.584500000000000488e-04 1.000000000000000000e+00
5.697299999999999543e-04 1.000000000000000000e+00
5.812400000000000119e-04 1.000000000000000000e+00
5.929900000000000535e-04 1.000000000000000000e+00
6.049599999999999813e-04 1.000000000000000000e+00
6.171899999999999912e-04 1.000000000000000000e+00
6.296500000000000447e-04 1.000000000000000000e+00
6.423699999999999636e-04 1.000000000000000000e+00
6.553499999999999647e-04 1.000000000000000000e+00
6.685900000000000480e-04 1.000000000000000000e+00
6.821000000000000457e-04 1.000000000000000000e+00
6.958799999999999578e-04 1.000000000000000000e+00
7.099300000000000012e-04 1.000000000000000000e+00
7.242699999999999486e-04 1.000000000000000000e+00
7.389099999999999575e-04 1.000000000000000000e+00
7.538300000000000382e-04 1.000000000000000000e+00
7.690600000000000127e-04 1.000000000000000000e+00
7.845999999999999893e-04 1.000000000000000000e+00
8.004499999999999680e-04 1.000000000000000000e+00
8.166199999999999978e-04 1.000000000000000000e+00
8.331099999999999704e-04 1.000000000000000000e+00
8.499399999999999837e-04 1.000000000000000000e+00
8.671100000000000379e-04 1.000000000000000000e+00
8.846299999999999650e-04 1.000000000000000000e+00
9.024999999999999819e-04 1.000000000000000000e+00
9.207300000000000293e-04 1.000000000000000000e+00
9.393300000000000477e-04 1.000000000000000000e+00
9.583099999999999778e-04 1.000000000000000000e+00
9.776699999999999280e-04 1.000000000000000000e+00
9.974199999999999473e-04 1.000000000000000000e+00
1.017600000000000015e-03 1.000000000000000000e+00
1.038099999999999917e-03 1.000000000000000000e+00
1.059100000000000102e-03 1.000000000000000000e+00
1.080500000000000080e-03 1.000000000000000000e+00
1.102300000000000068e-03 1.000000000000000000e+00
1.124599999999999905e-03 1.000000000000000000e+00
1.147299999999999969e-03 1.000000000000000000e+00
1.170500000000000099e-03 1.000000000000000000e+00
1.194100000000000023e-03 1.000000000000000000e+00
1.218200000000000012e-03 1.000000000000000000e+00
1.242899999999999908e-03 1.000000000000000000e+00
1.268000000000000030e-03 1.000000000000000000e+00
1.293600000000000002e-03 1.000000000000000000e+00
1.319700000000000040e-03 1.000000000000000000e+00
1.346399999999999984e-03 1.000000000000000000e+00
1.373599999999999995e-03 1.000000000000000000e+00
1.401300000000000072e-03 1.000000000000000000e+00
1.429600000000000055e-03 1.000000000000000000e+00
1.458499999999999944e-03 1.000000000000000000e+00
1.487999999999999956e-03 1.000000000000000000e+00
1.518000000000000035e-03 1.000000000000000000e+00
1.548700000000000077e-03 1.000000000000000000e+00
1.580000000000000024e-03 1.000000000000000000e+00
1.611900000000000095e-03 1.000000000000000000e+00
1.644499999999999912e-03 1.000000000000000000e+00
1.677700000000000068e-03 1.000000000000000000e+00
1.711599999999999970e-03 1.000000000000000000e+00
1.746200000000000052e-03 1.000000000000000000e+00
1.781400000000000041e-03 1.000000000000000000e+00
1.817400000000000048e-03 1.000000000000000000e+00
1.854100000000000019e-03 1.000000000000000000e+00
1.891600000000000009e-03 1.000000000000000000e+00
1.929799999999999962e-03 1.000000000000000000e+00
1.968800000000000151e-03 1.000000000000000000e+00
2.008600000000000142e-03 1.000000000000000000e+00
2.049099999999999880e-03 1.000000000000000000e+00
2.090499999999999910e-03 1.000000000000000000e+00
2.132799999999999800e-03 1.000000000000000000e+00
2.175799999999999870e-03 1.000000000000000000e+00
2.219800000000000072e-03 1.000000000000000000e+00
2.264599999999999860e-03 1.000000000000000000e+00
2.310400000000000214e-03 1.000000000000000000e+00
2.357099999999999994e-03 1.000000000000000000e+00
2.404700000000000067e-03 1.000000000000000000e+00
2.453299999999999838e-03 1.000000000000000000e+00
2.502799999999999903e-03 1.000000000000000000e+00
2.553399999999999941e-03 1.000000000000000000e+00
2.605000000000000111e-03 1.000000000000000000e+00
2.657599999999999980e-03 1.000000000000000000e+00
2.711299999999999821e-03 1.000000000000000000e+00
2.765999999999999796e-03 1.000000000000000000e+00
2.821900000000000016e-03 1.000000000000000000e+00
2.878900000000000209e-03 1.000000000000000000e+00
2.937100000000000214e-03 1.000000000000000000e+00
2.996400000000000192e-03 1.000000000000000000e+00
3.056899999999999982e-03 1.000000000000000000e+00
3.118699999999999858e-03 1.000000000000000000e+00
3.181699999999999980e-03 1.000000000000000000e+00
3.246000000000000187e-03 1.000000000000000000e+00
3.311500000000000207e-03 1.000000000000000000e+00
3.378400000000000153e-03 1.000000000000000000e+00
3.446700000000000024e-03 1.000000000000000000e+00
3.516299999999999981e-03 1.000000000000000000e+00
3.587400000000000137e-03 1.000072020165646336e+00
3.659799999999999946e-03 1.000000000000000000e+00
3.733799999999999793e-03 1.000069754464285809e+00
3.809199999999999999e-03 1.000000000000000000e+00
3.886099999999999971e-03 1.000000000000000000e+00
3.964600000000000415e-03 9.999334575459143393e-01
4.044700000000000031e-03 9.999344777879701773e-01
4.126399999999999686e-03 9.998709510904633113e-01
4.209799999999999653e-03 9.998729109741373300e-01
4.294799999999999660e-03 1.000000000000000000e+00
4.381600000000000251e-03 1.000123319768158936e+00
4.470100000000000288e-03 1.000364497904137062e+00
4.560400000000000044e-03 1.000478869867113652e+00
4.652500000000000385e-03 1.000412930627654573e+00
4.746499999999999851e-03 1.000058139534883761e+00
4.842400000000000176e-03 9.993695913805948905e-01
4.940199999999999626e-03 9.984744900841855397e-01
5.040000000000000209e-03 9.974373259052924379e-01
5.141899999999999596e-03 9.963742240290062169e-01
5.245699999999999842e-03 9.955570004334634016e-01
5.351700000000000033e-03 9.950293960448958197e-01
5.459799999999999896e-03 9.948325863432638805e-01
5.570099999999999704e-03 9.948491155046825796e-01
5.682600000000000325e-03 9.949168207024029487e-01
5.797400000000000296e-03 9.949323468301829454e-01
5.914499999999999619e-03 9.949972484866677069e-01
6.034000000000000301e-03 9.949125753235207315e-01
6.155899999999999740e-03 9.947812515241671871e-01
6.280299999999999945e-03 9.946529216243557014e-01
6.407200000000000048e-03 9.944801332381631997e-01
6.536600000000000049e-03 9.943585162897842222e-01
6.668600000000000222e-03 9.942395242961999946e-01
6.803299999999999972e-03 9.941230486685032064e-01
6.940799999999999574e-03 9.940089865202196284e-01
7.080999999999999621e-03 9.939421135292797471e-01
7.224000000000000386e-03 9.937877174298899163e-01
7.369999999999999815e-03 9.936800526662278310e-01
7.518900000000000236e-03 9.935310207094169010e-01
7.670800000000000188e-03 9.934272703840536511e-01
7.825699999999999670e-03 9.933251137281577936e-01
7.983799999999999231e-03 9.931823920545408413e-01
8.145100000000000603e-03 9.930002916545144220e-01
8.309600000000000319e-03 9.929031193266215638e-01
8.477500000000000660e-03 9.927660617949976007e-01
8.648799999999999891e-03 9.925904931573407142e-01
8.823499999999999746e-03 9.924968904225013322e-01
9.001699999999999632e-03 9.923245177967786601e-01
9.183600000000000096e-03 9.921933525213894045e-01
9.369099999999999998e-03 9.920240841380928432e-01
9.558300000000000476e-03 9.918560459163887622e-01
9.751400000000000345e-03 9.917275875336667434e-01
9.948399999999999604e-03 9.915995265187673713e-01
1.014900000000000004e-02 9.914338778759049786e-01
1.035400000000000036e-02 9.912686763765007347e-01
1.056400000000000047e-02 9.911038014428288356e-01
1.077700000000000012e-02 9.909023393984404127e-01
1.099499999999999957e-02 9.907745673272077003e-01
1.121699999999999954e-02 9.906096397916513974e-01
1.144300000000000005e-02 9.904077613246772271e-01
1.167499999999999961e-02 9.902419559618383937e-01
1.191000000000000045e-02 9.900389779125162715e-01
1.215100000000000034e-02 9.899066091954022983e-01
1.239700000000000003e-02 9.897014124798855228e-01
1.264700000000000026e-02 9.894950502100989809e-01
1.290200000000000027e-02 9.893220759870872127e-01
1.316299999999999935e-02 9.891469579665570500e-01
1.342899999999999996e-02 9.889695517338595865e-01
1.370000000000000037e-02 9.887545684565645088e-01
1.397699999999999984e-02 9.885714285714285454e-01
1.425900000000000084e-02 9.883505334965890787e-01
1.454699999999999917e-02 9.881605140921314590e-01
1.484100000000000003e-02 9.879324776785713969e-01
1.514099999999999994e-02 9.877347642775009540e-01
1.544700000000000066e-02 9.875326484415810624e-01
1.575899999999999870e-02 9.873602841324559121e-01
1.607700000000000101e-02 9.871134020618557159e-01
1.640199999999999991e-02 9.868957585473808747e-01
1.673399999999999888e-02 9.867066745752067769e-01
1.707200000000000037e-02 9.865115141349547478e-01
1.741600000000000092e-02 9.862749903714855826e-01
1.776799999999999907e-02 9.860311666432682864e-01
1.812700000000000075e-02 9.858148539246743836e-01
1.849299999999999902e-02 9.855906763199717702e-01
1.886699999999999836e-02 9.853582444074165947e-01
1.924800000000000122e-02 9.851527451399273438e-01
1.963700000000000168e-02 9.849379270866873703e-01
2.003399999999999972e-02 9.847138797971441981e-01
2.043800000000000130e-02 9.844801389190362961e-01
2.085100000000000148e-02 9.842362021261104044e-01
2.127199999999999924e-02 9.840181811517173527e-01
2.170199999999999907e-02 9.837893726228721381e-01
2.214100000000000096e-02 9.835498157728237434e-01
2.258800000000000044e-02 9.832983035580242781e-01
2.304399999999999851e-02 9.830726701253456046e-01
2.350999999999999965e-02 9.828350791344904192e-01
2.398499999999999938e-02 9.826620844113217457e-01
2.446900000000000117e-02 9.824006868024662831e-01
2.496400000000000008e-02 9.822048611111111605e-01
2.546800000000000105e-02 9.819183331337564269e-01
2.598200000000000162e-02 9.816984486102132701e-01
2.650699999999999931e-02 9.815072416332542016e-01
2.704300000000000107e-02 9.812642487046632223e-01
2.758899999999999894e-02 9.810504201680672054e-01
2.814600000000000088e-02 9.808257701648983584e-01
2.871500000000000094e-02 9.805904984221675003e-01
2.929500000000000159e-02 9.803869948663945788e-01
2.988700000000000037e-02 9.801755245689847129e-01
3.048999999999999974e-02 9.799538440653423610e-01
3.110600000000000170e-02 9.797701149425287470e-01
3.173499999999999932e-02 9.795794392523364813e-01
3.237600000000000200e-02 9.793834022136715944e-01
3.302999999999999686e-02 9.791817610974254960e-01
3.369699999999999779e-02 9.790244142064155053e-01
3.437799999999999884e-02 9.788169464428456701e-01
3.507199999999999901e-02 9.786585365853658347e-01
3.578100000000000031e-02 9.785001808879011387e-01
3.650400000000000172e-02 9.783454220540312996e-01
3.724100000000000327e-02 9.782457640707681312e-01
3.799299999999999899e-02 9.780990163578066054e-01
3.876099999999999685e-02 9.780122645157726113e-01
3.954400000000000276e-02 9.779325060362737965e-01
4.034299999999999692e-02 9.778639890460977258e-01
4.115800000000000014e-02 9.778640551660195968e-01
4.198899999999999855e-02 9.777647058823529802e-01
4.283800000000000108e-02 9.777393172594891491e-01
4.370299999999999879e-02 9.777925692847634354e-01
4.458600000000000063e-02 9.778663396689147858e-01
4.548599999999999866e-02 9.779585247733764142e-01
4.640500000000000180e-02 9.780682460881040541e-01
4.734300000000000314e-02 9.781945327399872436e-01
4.829900000000000165e-02 9.783992285438766201e-01
4.927499999999999936e-02 9.786210929884983090e-01
5.027000000000000218e-02 9.789231779382797649e-01
5.128599999999999826e-02 9.791763379534451639e-01
5.232200000000000045e-02 9.795098433105664526e-01
5.337900000000000283e-02 9.799878304374282090e-01
5.445699999999999846e-02 9.804095563139931802e-01
5.555700000000000222e-02 9.809070857457954373e-01
5.668000000000000121e-02 9.814105688226693047e-01
5.782500000000000140e-02 9.819883205516076741e-01
5.899299999999999683e-02 9.827107790821771882e-01
6.018400000000000138e-02 9.834389400921659252e-01
6.140000000000000319e-02 9.841721371261852314e-01
6.264100000000000223e-02 9.849829856487646307e-01
6.390600000000000447e-02 9.858012170385395123e-01
6.519700000000000495e-02 9.867053789731051738e-01
6.651400000000000368e-02 9.876245330012453083e-01
6.785800000000000165e-02 9.885632594710507259e-01
6.922899999999999887e-02 9.895258200714517338e-01
7.062699999999999534e-02 9.906029106029106135e-01
7.205400000000000693e-02 9.917221368834272521e-01
7.351000000000000589e-02 9.928063865251337550e-01
7.499400000000000510e-02 9.938572719060524419e-01
7.650899999999999368e-02 9.950619584459144962e-01
7.805499999999999938e-02 9.964392262534885747e-01
7.963199999999999446e-02 9.977112150462732476e-01
8.124099999999999377e-02 9.990731014027065537e-01
8.288199999999999734e-02 1.000575883287653678e+00
8.455600000000000616e-02 1.002186782116981867e+00
8.626399999999999346e-02 1.003921703139649235e+00
8.800700000000000189e-02 1.005794839045389022e+00
8.978500000000000369e-02 1.007818226239921788e+00
9.159799999999999887e-02 1.010000755724614008e+00
9.344900000000000428e-02 1.012348078467957269e+00
9.533700000000000507e-02 1.014878340646190535e+00
9.726300000000000223e-02 1.017567494012627805e+00
9.922699999999999576e-02 1.020418368197349768e+00
1.012300000000000005e-01 1.023467338105072733e+00
1.032799999999999968e-01 1.026683151947323847e+00
1.053599999999999953e-01 1.030071787089996471e+00
1.074900000000000022e-01 1.033631723015462134e+00
1.096599999999999936e-01 1.037357097848591314e+00
1.118799999999999933e-01 1.041252492655229567e+00
1.141400000000000053e-01 1.045287221208277995e+00
1.164400000000000018e-01 1.049455828385125411e+00
1.188000000000000028e-01 1.053739745858131016e+00
1.212000000000000022e-01 1.058135126670952442e+00
1.236499999999999960e-01 1.062645168946984686e+00
1.261400000000000021e-01 1.067289850505899196e+00
1.286899999999999988e-01 1.072089395203715156e+00
1.312899999999999900e-01 1.077113114321276210e+00
1.339400000000000035e-01 1.082396414812485164e+00
1.366499999999999937e-01 1.087991463514733637e+00
1.394100000000000061e-01 1.093929520706507619e+00
1.422299999999999953e-01 1.100237168299995627e+00
1.451000000000000068e-01 1.106879835928031852e+00
1.480299999999999949e-01 1.113807369414269388e+00
1.510199999999999876e-01 1.120920345129423623e+00
1.540700000000000125e-01 1.128139798229359725e+00
1.571799999999999864e-01 1.135487274165897453e+00
1.603600000000000025e-01 1.142899480022631309e+00
1.635999999999999954e-01 1.150465569808003963e+00
1.668999999999999928e-01 1.158181970837647956e+00
1.702799999999999869e-01 1.166167109131911683e+00
1.737100000000000033e-01 1.174490570444327586e+00
1.772199999999999886e-01 1.183248898348271849e+00
1.807999999999999885e-01 1.192526602326156704e+00
1.844600000000000128e-01 1.202502406159768888e+00
1.881799999999999862e-01 1.213180496607960235e+00
1.919800000000000118e-01 1.224658682216557937e+00
1.958600000000000063e-01 1.236867100168042688e+00
1.998199999999999976e-01 1.249675349476739861e+00
2.038600000000000134e-01 1.262776339374626522e+00
2.079699999999999882e-01 1.275902019198940529e+00
2.121800000000000075e-01 1.288770053475935873e+00
2.164600000000000135e-01 1.301330044922047069e+00
2.208299999999999985e-01 1.313627118644067782e+00
2.253000000000000003e-01 1.325966082846816718e+00
2.298499999999999988e-01 1.338771045372396218e+00
2.344900000000000040e-01 1.352517633228840221e+00
2.392299999999999982e-01 1.367639606770041594e+00
2.440599999999999992e-01 1.384327768708199402e+00
2.489899999999999891e-01 1.402515377855887424e+00
2.540200000000000236e-01 1.421988867848740457e+00
2.591499999999999915e-01 1.442167086180031310e+00
2.643900000000000139e-01 1.462503902591320459e+00
2.697300000000000253e-01 1.482273640547021820e+00
2.751799999999999802e-01 1.501340662287169891e+00
2.807399999999999896e-01 1.520094072075810931e+00
2.864099999999999979e-01 1.538917029321537955e+00
2.921900000000000053e-01 1.559044670499778906e+00
2.980999999999999761e-01 1.581066625916870638e+00
3.041200000000000014e-01 1.605340538822220608e+00
3.102599999999999802e-01 1.631836261186609294e+00
3.165299999999999780e-01 1.659548716175326177e+00
3.229199999999999848e-01 1.687747747747747828e+00
3.294500000000000206e-01 1.715463145078205409e+00
3.361000000000000099e-01 1.742568486496988367e+00
3.428899999999999726e-01 1.769518748867821900e+00
3.498200000000000198e-01 1.797596946119026207e+00
3.568899999999999850e-01 1.827741558188394899e+00
3.640900000000000247e-01 1.860601415625986244e+00
3.714500000000000024e-01 1.895711214744681739e+00
3.789500000000000091e-01 1.932280186137643962e+00
3.866100000000000092e-01 1.969186817671666034e+00
3.944199999999999928e-01 2.005941959785665141e+00
4.023900000000000254e-01 2.042973703070731784e+00
4.105199999999999960e-01 2.081309897288237565e+00
4.188100000000000156e-01 2.121894143774873065e+00
4.272699999999999831e-01 2.165331097030687157e+00
4.359000000000000097e-01 2.210817724101085791e+00
4.447099999999999942e-01 2.257639931827002844e+00
4.536899999999999822e-01 2.305163989172847483e+00
4.628599999999999937e-01 2.353328697434395878e+00
4.722100000000000186e-01 2.403384404299108379e+00
4.817400000000000015e-01 2.455718824463860361e+00
4.914799999999999724e-01 2.511025986126928622e+00
5.014100000000000223e-01 2.568238749244191155e+00
5.115300000000000402e-01 2.626944988628431066e+00
5.218699999999999450e-01 2.687043688522665619e+00
5.324100000000000499e-01 2.749369691332338217e+00
5.431700000000000417e-01 2.814103709755661598e+00
5.541399999999999659e-01 2.881383021230121688e+00
5.653299999999999992e-01 2.951216122307157796e+00
5.767499999999999849e-01 3.023586410977980421e+00
5.884000000000000341e-01 3.098143718014716885e+00
6.002899999999999903e-01 3.175380919264083168e+00
6.124199999999999644e-01 3.254975083330583274e+00
6.247899999999999565e-01 3.337388008270158579e+00
6.374100000000000321e-01 3.422402936202367574e+00
6.502900000000000347e-01 3.510372040586245745e+00
6.634200000000000097e-01 3.601091180280252768e+00
6.768300000000000427e-01 3.694972937510251132e+00
6.905000000000000027e-01 3.791886218566593580e+00
7.044500000000000206e-01 3.891897940913160436e+00
7.186799999999999855e-01 3.995228516630022320e+00
7.331999999999999629e-01 4.102092704869939155e+00
7.480099999999999527e-01 4.212215691285458696e+00
7.631200000000000205e-01 4.325798867158277439e+00
7.785400000000000098e-01 4.442898647893620101e+00
7.942599999999999660e-01 4.563449404066370896e+00
8.103099999999999747e-01 4.687706220212636055e+00
8.266799999999999704e-01 4.815683517607208586e+00
8.433800000000000185e-01 4.947452868030485007e+00
8.604100000000000081e-01 5.082948664148831952e+00
8.778000000000000247e-01 5.222539334065129601e+00
8.955300000000000482e-01 5.365467075038285572e+00
9.136199999999999877e-01 5.512580128205128993e+00
9.320800000000000196e-01 5.663005198725473477e+00
9.509100000000000330e-01 5.817551557700745946e+00
9.701100000000000279e-01 5.976483556862024926e+00
9.897099999999999786e-01 6.138749999999999929e+00
1.009700000000000042e+00 6.304881731253145993e+00
1.030100000000000016e+00 6.474852741277753232e+00
1.050899999999999945e+00 6.648537734287951473e+00
1.072100000000000053e+00 6.825904665103547764e+00
1.093800000000000106e+00 7.007014149232070999e+00
1.115899999999999892e+00 7.191662867851897900e+00
1.138400000000000079e+00 7.379935824339017181e+00
1.161399999999999988e+00 7.571924465426271844e+00
1.184900000000000064e+00 7.767146990824887354e+00
1.208800000000000097e+00 7.965859081149401000e+00
1.233300000000000063e+00 8.168030237787665016e+00
1.258199999999999985e+00 8.373421527360191519e+00
1.283600000000000074e+00 8.581850627197816550e+00
1.309500000000000108e+00 8.793498378259515746e+00
1.336000000000000076e+00 9.007831394679259418e+00
1.362999999999999989e+00 9.225294058510103312e+00
1.390500000000000069e+00 9.445626303262633527e+00
1.418600000000000083e+00 9.668365658304098886e+00
1.447200000000000042e+00 9.893899817387485029e+00
1.476499999999999924e+00 1.012181241372629792e+01
1.506299999999999972e+00 1.035165169736641744e+01
1.536699999999999955e+00 1.058429475251209517e+01
1.567800000000000082e+00 1.081857174688057022e+01
1.599399999999999933e+00 1.105498161442829641e+01
1.631799999999999917e+00 1.129284775097085713e+01
1.664700000000000069e+00 1.153257073280143530e+01
1.698399999999999910e+00 1.177383070879360716e+01
1.732699999999999907e+00 1.201639574977130209e+01
1.767700000000000049e+00 1.226060985951845339e+01
1.803399999999999892e+00 1.250579598145285942e+01
1.839800000000000102e+00 1.275197408382263653e+01
1.877000000000000002e+00 1.299919365106310920e+01
1.914900000000000047e+00 1.324748687839160155e+01
1.953600000000000003e+00 1.349634049694652838e+01
1.993000000000000105e+00 1.374572461643701615e+01
2.033300000000000107e+00 1.399569804363412828e+01
2.074399999999999800e+00 1.424629589864719748e+01
2.116299999999999848e+00 1.449639882961962734e+01
2.158999999999999808e+00 1.474755220007078016e+01
2.202599999999999891e+00 1.499969084276263054e+01
2.247100000000000097e+00 1.525084262380087985e+01
2.292499999999999982e+00 1.550285403642294035e+01
2.338799999999999990e+00 1.575479090973854746e+01
2.386099999999999888e+00 1.600567630144148268e+01
2.434299999999999908e+00 1.625636207031555713e+01
2.483499999999999819e+00 1.650903119868637248e+01
2.533599999999999852e+00 1.675905999827838500e+01
2.584799999999999986e+00 1.701056051990251916e+01
2.637000000000000011e+00 1.726007950028392912e+01
2.690300000000000136e+00 1.751091703056768623e+01
2.744699999999999918e+00 1.776191170042255507e+01
2.800100000000000033e+00 1.801135123335516042e+01
2.856700000000000017e+00 1.826079989011240556e+01
2.914400000000000102e+00 1.851064851497034525e+01
2.973300000000000054e+00 1.875975824729287567e+01
3.033300000000000107e+00 1.900843909718828684e+01
3.094599999999999795e+00 1.925692991812930188e+01
3.157099999999999795e+00 1.950390165220802885e+01
3.220899999999999874e+00 1.975244657175086260e+01
3.286000000000000032e+00 1.999904050661250920e+01
3.352300000000000058e+00 2.024662360540223460e+01
3.420100000000000140e+00 2.049427047578814154e+01
3.489199999999999857e+00 2.074022088427584620e+01
3.559600000000000097e+00 2.098755862175884701e+01
3.631600000000000161e+00 2.123640061006609159e+01
3.704899999999999860e+00 2.148314127187366651e+01
3.779799999999999827e+00 2.172963651429979492e+01
3.856100000000000083e+00 2.197677698382850764e+01
3.934000000000000163e+00 2.222405881482212564e+01
4.013499999999999623e+00 2.247203231821006852e+01
4.094599999999999795e+00 2.272032838579894332e+01
4.177299999999999791e+00 2.296880796780913769e+01
4.261700000000000266e+00 2.321818072866730276e+01
4.347800000000000331e+00 2.346828992072480347e+01
4.435599999999999987e+00 2.371837220056814743e+01
4.525199999999999889e+00 2.397030767629817305e+01
4.616600000000000037e+00 2.422279698371644230e+01
4.709900000000000198e+00 2.447641274821134516e+01
4.804999999999999716e+00 2.473075068316990865e+01
4.902099999999999902e+00 2.498670268901177849e+01
5.001100000000000101e+00 2.524345898004434829e+01
5.102100000000000080e+00 2.550249266179005403e+01
5.205199999999999605e+00 2.576296078719342120e+01
5.310399999999999565e+00 2.602551571582900536e+01
5.417600000000000193e+00 2.628878797707859860e+01
5.527099999999999902e+00 2.655511363636363598e+01
5.638700000000000045e+00 2.682393693263258427e+01
5.752600000000000158e+00 2.709505273731792840e+01
5.868900000000000006e+00 2.736897689768976960e+01
5.987400000000000055e+00 2.764452772572697370e+01
6.108399999999999608e+00 2.792308253667079754e+01
6.231799999999999784e+00 2.820414428242517246e+01
6.357700000000000351e+00 2.849047465288989400e+01
6.486100000000000421e+00 2.877812685743398546e+01
6.617099999999999760e+00 2.906922733363108691e+01
6.750799999999999912e+00 2.936560150375939671e+01
6.887199999999999989e+00 2.966571061220452776e+01
7.026299999999999990e+00 2.996939986261163114e+01
7.168199999999999683e+00 3.027760127955128411e+01
7.312999999999999723e+00 3.059021611273842822e+01
7.460799999999999876e+00 3.090792093633140780e+01
7.611500000000000377e+00 3.123074366218790487e+01
7.765299999999999869e+00 3.155931929560019356e+01
7.922100000000000364e+00 3.189449801474758672e+01
8.082200000000000273e+00 3.223440487571701851e+01
8.245400000000000063e+00 3.258053854991265297e+01
8.412000000000000810e+00 3.293311885375035075e+01
8.581899999999999196e+00 3.329197105805864965e+01
8.755300000000000082e+00 3.365754812563322673e+01
8.932199999999999918e+00 3.402854646082143830e+01
9.112600000000000477e+00 3.440756741262463692e+01
9.296699999999999520e+00 3.479575092840487116e+01
9.484500000000000597e+00 3.518843219856540827e+01
9.676099999999999923e+00 3.558955636154012581e+01
9.871600000000000819e+00 3.599827686693865303e+01
1.007099999999999973e+01 3.641151779269042521e+01
1.027399999999999913e+01 3.683349320092534640e+01
