# # k[h/Mpc], Boost (P^NLCDM_NL/P^NLCDM_L)
1.000000000000000048e-04 1.000000000000000000e+00
1.020200000000000024e-04 1.000000000000000000e+00
1.040800000000000064e-04 1.000000000000000000e+00
1.061800000000000032e-04 1.000000000000000000e+00
1.083300000000000013e-04 1.000000000000000000e+00
1.105200000000000057e-04 1.000000000000000000e+00
1.127500000000000030e-04 1.000000000000000000e+00
1.150300000000000015e-04 1.000000000000000000e+00
1.173500000000000064e-04 1.000000000000000000e+00
1.197199999999999989e-04 1.000000000000000000e+00
1.221399999999999927e-04 1.000000000000000000e+00
1.246099999999999877e-04 1.000000000000000000e+00
1.271199999999999891e-04 1.000000000000000000e+00
1.296899999999999865e-04 1.000000000000000000e+00
1.323100000000000122e-04 1.000000000000000000e+00
1.349900000000000069e-04 1.000000000000000000e+00
1.377100000000000080e-04 1.000000000000000000e+00
1.404900000000000051e-04 1.000000000000000000e+00
1.433299999999999982e-04 1.000000000000000000e+00
1.462299999999999874e-04 1.000000000000000000e+00
1.491800000000000049e-04 1.000000000000000000e+00
1.522000000000000132e-04 1.000000000000000000e+00
1.552699999999999957e-04 1.000000000000000000e+00
1.584099999999999961e-04 1.000000000000000000e+00
1.616099999999999926e-04 1.000000000000000000e+00
1.648700000000000122e-04 1.000000000000000000e+00
1.681999999999999956e-04 1.000000000000000000e+00
1.715999999999999969e-04 1.000000000000000000e+00
1.750699999999999891e-04 1.000000000000000000e+00
1.786000000000000044e-04 1.000000000000000000e+00
1.822100000000000054e-04 1.000000000000000000e+00
1.858899999999999973e-04 1.000000000000000000e+00
1.896500000000000020e-04 1.000000000000000000e+00
1.934799999999999975e-04 1.000000000000000000e+00
1.973900000000000058e-04 1.000000000000000000e+00
2.013799999999999998e-04 1.000000000000000000e+00
2.054400000000000117e-04 1.000000000000000000e+00
2.095900000000000042e-04 1.000000000000000000e+00
2.138300000000000042e-04 1.000000000000000000e+00
2.181499999999999900e-04 1.000000000000000000e+00
2.225499999999999885e-04 1.000000000000000000e+00
2.270499999999999895e-04 1.000000000000000000e+00
2.316399999999999980e-04 1.000000000000000000e+00
2.363199999999999871e-04 1.000000000000000000e+00
2.410900000000000109e-04 1.000000000000000000e+00
2.459599999999999829e-04 1.000000000000000000e+00
2.509300000000000115e-04 1.000000000000000000e+00
2.559999999999999884e-04 1.000000000000000000e+00
2.611700000000000219e-04 1.000000000000000000e+00
2.664499999999999985e-04 1.000000000000000000e+00
2.718299999999999775e-04 1.000000000000000000e+00
2.773200000000000079e-04 1.000000000000000000e+00
2.829199999999999814e-04 1.000000000000000000e+00
2.886400000000000012e-04 1.000000000000000000e+00
2.944700000000000182e-04 1.000000000000000000e+00
3.004199999999999731e-04 1.000000000000000000e+00
3.064899999999999743e-04 1.000000000000000000e+00
3.126800000000000217e-04 1.000000000000000000e+00
3.189900000000000070e-04 1.000000000000000000e+00
3.254399999999999741e-04 1.000000000000000000e+00
3.320099999999999874e-04 1.000000000000000000e+00
3.387199999999999825e-04 1.000000000000000000e+00
3.455600000000000186e-04 1.000000000000000000e+00
3.525399999999999823e-04 1.000000000000000000e+00
3.596599999999999819e-04 1.000000000000000000e+00
3.669300000000000122e-04 1.000000000000000000e+00
3.743400000000000243e-04 1.000000000000000000e+00
3.819000000000000129e-04 1.000000000000000000e+00
3.896200000000000271e-04 1.000000000000000000e+00
3.974900000000000178e-04 1.000000000000000000e+00
4.055199999999999799e-04 1.000000000000000000e+00
4.137100000000000217e-04 1.000000000000000000e+00
4.220699999999999756e-04 1.000000000000000000e+00
4.306000000000000040e-04 1.000000000000000000e+00
4.392900000000000038e-04 1.000000000000000000e+00
4.481700000000000137e-04 1.000000000000000000e+00
4.572199999999999897e-04 1.000000000000000000e+00
4.664599999999999758e-04 1.000000000000000000e+00
4.758799999999999771e-04 1.000000000000000000e+00
4.854999999999999832e-04 1.000000000000000000e+00
4.952999999999999504e-04 1.000000000000000000e+00
5.053100000000000256e-04 1.000000000000000000e+00
5.155199999999999973e-04 1.000000000000000000e+00
5.259299999999999739e-04 1.000000000000000000e+00
5.365600000000000534e-04 1.000000000000000000e+00
5.473900000000000293e-04 1.000000000000000000e+00
5.584500000000000488e-04 1.000000000000000000e+00
5.697299999999999543e-04 1.000000000000000000e+00
5.812400000000000119e-04 1.000000000000000000e+00
5.929900000000000535e-04 1.000000000000000000e+00
6.049599999999999813e-04 1.000000000000000000e+00
6.171899999999999912e-04 1.000000000000000000e+00
6.296500000000000447e-04 1.000000000000000000e+00
6.423699999999999636e-04 1.000000000000000000e+00
6.553499999999999647e-04 1.000000000000000000e+00
6.685900000000000480e-04 1.000000000000000000e+00
6.821000000000000457e-04 1.000000000000000000e+00
6.958799999999999578e-04 1.000000000000000000e+00
7.099300000000000012e-04 1.000000000000000000e+00
7.242699999999999486e-04 1.000000000000000000e+00
7.389099999999999575e-04 1.000000000000000000e+00
7.538300000000000382e-04 1.000000000000000000e+00
7.690600000000000127e-04 1.000000000000000000e+00
7.845999999999999893e-04 1.000000000000000000e+00
8.004499999999999680e-04 1.000000000000000000e+00
8.166199999999999978e-04 1.000000000000000000e+00
8.331099999999999704e-04 1.000000000000000000e+00
8.499399999999999837e-04 1.000000000000000000e+00
8.671100000000000379e-04 1.000000000000000000e+00
8.846299999999999650e-04 1.000000000000000000e+00
9.024999999999999819e-04 1.000000000000000000e+00
9.207300000000000293e-04 1.000000000000000000e+00
9.393300000000000477e-04 1.000000000000000000e+00
9.583099999999999778e-04 1.000000000000000000e+00
9.776699999999999280e-04 1.000000000000000000e+00
9.974199999999999473e-04 1.000000000000000000e+00
1.017600000000000015e-03 1.000000000000000000e+00
1.038099999999999917e-03 1.000000000000000000e+00
1.059100000000000102e-03 1.000000000000000000e+00
1.080500000000000080e-03 1.000000000000000000e+00
1.102300000000000068e-03 1.000000000000000000e+00
1.124599999999999905e-03 1.000000000000000000e+00
1.147299999999999969e-03 1.000000000000000000e+00
1.170500000000000099e-03 1.000000000000000000e+00
1.194100000000000023e-03 1.000000000000000000e+00
1.218200000000000012e-03 1.000000000000000000e+00
1.242899999999999908e-03 1.000000000000000000e+00
1.268000000000000030e-03 1.000000000000000000e+00
1.293600000000000002e-03 1.000000000000000000e+00
1.319700000000000040e-03 1.000000000000000000e+00
1.346399999999999984e-03 1.000000000000000000e+00
1.373599999999999995e-03 1.000000000000000000e+00
1.401300000000000072e-03 1.000000000000000000e+00
1.429600000000000055e-03 1.000000000000000000e+00
1.458499999999999944e-03 1.000000000000000000e+00
1.487999999999999956e-03 1.000000000000000000e+00
1.518000000000000035e-03 1.000000000000000000e+00
1.548700000000000077e-03 1.000000000000000000e+00
1.580000000000000024e-03 1.000000000000000000e+00
1.611900000000000095e-03 1.000000000000000000e+00
1.644499999999999912e-03 1.000000000000000000e+00
1.677700000000000068e-03 1.000000000000000000e+00
1.711599999999999970e-03 1.000000000000000000e+00
1.746200000000000052e-03 1.000000000000000000e+00
1.781400000000000041e-03 1.000000000000000000e+00
1.817400000000000048e-03 1.000000000000000000e+00
1.854100000000000019e-03 1.000000000000000000e+00
1.891600000000000009e-03 1.000000000000000000e+00
1.929799999999999962e-03 1.000000000000000000e+00
1.968800000000000151e-03 1.000000000000000000e+00
2.008600000000000142e-03 1.000000000000000000e+00
2.049099999999999880e-03 1.000000000000000000e+00
2.090499999999999910e-03 1.000000000000000000e+00
2.132799999999999800e-03 1.000000000000000000e+00
2.175799999999999870e-03 1.000000000000000000e+00
2.219800000000000072e-03 1.000000000000000000e+00
2.264599999999999860e-03 1.000000000000000000e+00
2.310400000000000214e-03 1.000000000000000000e+00
2.357099999999999994e-03 1.000000000000000000e+00
2.404700000000000067e-03 1.000000000000000000e+00
2.453299999999999838e-03 1.000000000000000000e+00
2.502799999999999903e-03 1.000000000000000000e+00
2.553399999999999941e-03 1.000000000000000000e+00
2.605000000000000111e-03 1.000000000000000000e+00
2.657599999999999980e-03 1.000000000000000000e+00
2.711299999999999821e-03 1.000000000000000000e+00
2.765999999999999796e-03 1.000000000000000000e+00
2.821900000000000016e-03 1.000000000000000000e+00
2.878900000000000209e-03 1.000000000000000000e+00
2.937100000000000214e-03 1.000000000000000000e+00
2.996400000000000192e-03 1.000000000000000000e+00
3.056899999999999982e-03 1.000000000000000000e+00
3.118699999999999858e-03 1.000000000000000000e+00
3.181699999999999980e-03 1.000000000000000000e+00
3.246000000000000187e-03 1.000000000000000000e+00
3.311500000000000207e-03 1.000000000000000000e+00
3.378400000000000153e-03 1.000000000000000000e+00
3.446700000000000024e-03 1.000000000000000000e+00
3.516299999999999981e-03 1.000000000000000000e+00
3.587400000000000137e-03 1.000000000000000000e+00
3.659799999999999946e-03 1.000000000000000000e+00
3.733799999999999793e-03 1.000000000000000000e+00
3.809199999999999999e-03 1.000000000000000000e+00
3.886099999999999971e-03 1.000000000000000000e+00
3.964600000000000415e-03 1.000078889239507829e+00
4.044700000000000031e-03 1.000000000000000000e+00
4.126399999999999686e-03 9.999233305221191248e-01
4.209799999999999653e-03 9.999244027819775837e-01
4.294799999999999660e-03 9.999254510213210212e-01
4.381600000000000251e-03 9.999264759944122005e-01
4.470100000000000288e-03 1.000072521575168683e+00
4.560400000000000044e-03 1.000143071750482893e+00
4.652500000000000385e-03 1.000282306443644575e+00
4.746499999999999851e-03 1.000278551532033378e+00
4.842400000000000176e-03 1.000206157229246884e+00
4.940199999999999626e-03 9.999321758003255622e-01
5.040000000000000209e-03 9.993975097067880897e-01
5.141899999999999596e-03 9.987443827650013262e-01
5.245699999999999842e-03 9.980425420853451524e-01
5.351700000000000033e-03 9.974228464660782612e-01
5.459799999999999896e-03 9.969457877322474015e-01
5.570099999999999704e-03 9.967318207529382024e-01
5.682600000000000325e-03 9.966474203762338835e-01
5.797400000000000296e-03 9.966263877813898997e-01
5.914499999999999619e-03 9.967268759849678972e-01
6.034000000000000301e-03 9.967653048999640664e-01
6.155899999999999740e-03 9.967434424773521373e-01
6.280299999999999945e-03 9.966635448372745953e-01
6.407200000000000048e-03 9.965854505469066149e-01
6.536600000000000049e-03 9.964516682882160747e-01
6.668600000000000222e-03 9.963772217819539812e-01
6.803299999999999972e-03 9.962483901674226150e-01
6.940799999999999574e-03 9.962326869806094054e-01
7.080999999999999621e-03 9.961624910914971265e-01
7.224000000000000386e-03 9.960933260987520077e-01
7.369999999999999815e-03 9.960253518100762316e-01
7.518900000000000236e-03 9.959053443233182312e-01
7.670800000000000188e-03 9.958399157451289785e-01
7.825699999999999670e-03 9.957753090283211206e-01
7.983799999999999231e-03 9.957114808308360487e-01
8.145100000000000603e-03 9.955971944913736271e-01
8.309600000000000319e-03 9.955352612886859687e-01
8.477500000000000660e-03 9.954236861956248239e-01
8.648799999999999891e-03 9.953133569327416996e-01
8.823499999999999746e-03 9.952536339365173346e-01
9.001699999999999632e-03 9.951451549627304827e-01
9.183600000000000096e-03 9.950377037217221776e-01
9.369099999999999998e-03 9.949312092686458664e-01
9.558300000000000476e-03 9.948253557567917627e-01
9.751400000000000345e-03 9.947676354468915072e-01
9.948399999999999604e-03 9.946625100373152062e-01
1.014900000000000004e-02 9.945578231292516724e-01
1.035400000000000036e-02 9.944068981589373468e-01
1.056400000000000047e-02 9.943029180176007342e-01
1.077700000000000012e-02 9.941988950276242631e-01
1.099499999999999957e-02 9.940947585259785058e-01
1.121699999999999954e-02 9.939449123605735847e-01
1.144300000000000005e-02 9.938403007382580201e-01
1.167499999999999961e-02 9.937350700860864139e-01
1.191000000000000045e-02 9.935845670704351873e-01
1.215100000000000034e-02 9.934780666487983414e-01
1.239700000000000003e-02 9.933704115684093283e-01
1.264700000000000026e-02 9.932174838194874900e-01
1.290200000000000027e-02 9.930635327383582345e-01
1.316299999999999935e-02 9.929524732414218846e-01
1.342899999999999996e-02 9.927956422421366778e-01
1.370000000000000037e-02 9.926808958232896662e-01
1.397699999999999984e-02 9.925206665791891369e-01
1.425900000000000084e-02 9.924017467248907876e-01
1.454699999999999917e-02 9.922369052291857283e-01
1.484100000000000003e-02 9.920697167755990753e-01
1.514099999999999994e-02 9.919428596315491564e-01
1.544700000000000066e-02 9.917697265284793895e-01
1.575899999999999870e-02 9.915929781765909778e-01
1.607700000000000101e-02 9.914127544570855433e-01
1.640199999999999991e-02 9.912720925158193808e-01
1.673399999999999888e-02 9.911272345819310825e-01
1.707200000000000037e-02 9.909345712533940143e-01
1.741600000000000092e-02 9.907805777504610223e-01
1.776799999999999907e-02 9.905776681930257288e-01
1.812700000000000075e-02 9.904135006184838774e-01
1.849299999999999902e-02 9.902434697769302296e-01
1.886699999999999836e-02 9.900231605202208796e-01
1.924800000000000122e-02 9.898406731113498225e-01
1.963700000000000168e-02 9.896962879640045507e-01
2.003399999999999972e-02 9.895003620564808422e-01
2.043800000000000130e-02 9.892967753689196897e-01
2.085100000000000148e-02 9.890855727781344697e-01
2.127199999999999924e-02 9.888657888657889083e-01
2.170199999999999907e-02 9.886834629534764218e-01
2.214100000000000096e-02 9.884458221783852805e-01
2.258800000000000044e-02 9.882927291686415261e-01
2.304399999999999851e-02 9.880838437978560762e-01
2.350999999999999965e-02 9.878644297248948547e-01
2.398499999999999938e-02 9.876838864180635946e-01
2.446900000000000117e-02 9.874443895205140542e-01
2.496400000000000008e-02 9.872429836410026027e-01
2.546800000000000105e-02 9.870307513045240011e-01
2.598200000000000162e-02 9.868083358998049892e-01
2.650699999999999931e-02 9.865736885928393374e-01
2.704300000000000107e-02 9.863794741843522340e-01
2.758899999999999894e-02 9.861751152073732207e-01
2.814600000000000088e-02 9.859584195058234135e-01
2.871500000000000094e-02 9.857861843924561329e-01
2.929500000000000159e-02 9.855471825441457501e-01
2.988700000000000037e-02 9.853538531952629187e-01
3.048999999999999974e-02 9.851493797682138176e-01
3.110600000000000170e-02 9.849931787175989495e-01
3.173499999999999932e-02 9.847688123300090135e-01
3.237600000000000200e-02 9.845338591410438545e-01
3.302999999999999686e-02 9.844132989755515206e-01
3.369699999999999779e-02 9.842226782965622922e-01
3.437799999999999884e-02 9.840251407620793644e-01
3.507199999999999901e-02 9.838860657929927589e-01
3.578100000000000031e-02 9.836748633879781600e-01
3.650400000000000172e-02 9.835264553957838718e-01
3.724100000000000327e-02 9.834463075276489441e-01
3.799299999999999899e-02 9.832944266121972365e-01
3.876099999999999685e-02 9.831418767715948137e-01
3.954400000000000276e-02 9.830650697993744691e-01
4.034299999999999692e-02 9.829926665626462778e-01
4.115800000000000014e-02 9.829264400829743620e-01
4.198899999999999855e-02 9.827853471485681336e-01
4.283800000000000108e-02 9.828132821625229498e-01
4.370299999999999879e-02 9.826836134095368047e-01
4.458600000000000063e-02 9.826458533182175215e-01
4.548599999999999866e-02 9.826203208556150148e-01
4.640500000000000180e-02 9.826079038426516199e-01
4.734300000000000314e-02 9.826111214431839658e-01
4.829900000000000165e-02 9.826309794988610236e-01
4.927499999999999936e-02 9.825733372059251014e-01
5.027000000000000218e-02 9.826374494126937087e-01
5.128599999999999826e-02 9.826301232084485582e-01
5.232200000000000045e-02 9.826568870495195895e-01
5.337900000000000283e-02 9.826980236741931218e-01
5.445699999999999846e-02 9.827322705949776971e-01
5.555700000000000222e-02 9.827900800034550244e-01
5.668000000000000121e-02 9.828608445508246749e-01
5.782500000000000140e-02 9.829216292542445332e-01
5.899299999999999683e-02 9.830039256620300980e-01
6.018400000000000138e-02 9.831073289977400043e-01
6.140000000000000319e-02 9.832079495652582546e-01
6.264100000000000223e-02 9.833388910060976151e-01
6.390600000000000447e-02 9.834866828087167612e-01
6.519700000000000495e-02 9.836739719280964689e-01
6.651400000000000368e-02 9.838881441296967179e-01
6.785800000000000165e-02 9.841411602597635033e-01
6.922899999999999887e-02 9.844461206335995973e-01
7.062699999999999534e-02 9.848050534809034140e-01
7.205400000000000693e-02 9.852340985206979873e-01
7.351000000000000589e-02 9.857517446135490857e-01
7.499400000000000510e-02 9.863227934485895299e-01
7.650899999999999368e-02 9.870258752791114532e-01
7.805499999999999938e-02 9.878151260504202114e-01
7.963199999999999446e-02 9.887475462540766813e-01
8.124099999999999377e-02 9.897934773941472475e-01
8.288199999999999734e-02 9.909846062563866242e-01
8.455600000000000616e-02 9.923402367873348506e-01
8.626399999999999346e-02 9.938289068854546660e-01
8.800700000000000189e-02 9.954859072225483718e-01
8.978500000000000369e-02 9.973122891290672198e-01
9.159799999999999887e-02 9.992668476430143221e-01
9.344900000000000428e-02 1.001421859545004844e+00
9.533700000000000507e-02 1.003707354705983157e+00
9.726300000000000223e-02 1.006081397162014390e+00
9.922699999999999576e-02 1.008583591689417469e+00
1.012300000000000005e-01 1.011110577846035641e+00
1.032799999999999968e-01 1.013639073834840421e+00
1.053599999999999953e-01 1.016141863628198250e+00
1.074900000000000022e-01 1.018590014808546718e+00
1.096599999999999936e-01 1.020897874884504564e+00
1.118799999999999933e-01 1.023064709323379340e+00
1.141400000000000053e-01 1.025097570008261405e+00
1.164400000000000018e-01 1.027013666763594069e+00
1.188000000000000028e-01 1.028900877400996006e+00
1.212000000000000022e-01 1.030707448896403866e+00
1.236499999999999960e-01 1.032602343677913481e+00
1.261400000000000021e-01 1.034613575795579221e+00
1.286899999999999988e-01 1.036772706906484043e+00
1.312899999999999900e-01 1.039286298903257411e+00
1.339400000000000035e-01 1.042107383902488138e+00
1.366499999999999937e-01 1.045398009950248897e+00
1.394100000000000061e-01 1.049300799086757996e+00
1.422299999999999953e-01 1.053746349757882506e+00
1.451000000000000068e-01 1.058841615742342146e+00
1.480299999999999949e-01 1.064611808088500533e+00
1.510199999999999876e-01 1.071015585721468044e+00
1.540700000000000125e-01 1.078019471976142452e+00
1.571799999999999864e-01 1.085357454428578006e+00
1.603600000000000025e-01 1.093026606473922024e+00
1.635999999999999954e-01 1.100586377988272524e+00
1.668999999999999928e-01 1.107896794370601956e+00
1.702799999999999869e-01 1.114674441205053324e+00
1.737100000000000033e-01 1.120837509744960547e+00
1.772199999999999886e-01 1.126323016190857507e+00
1.807999999999999885e-01 1.131262818634632294e+00
1.844600000000000128e-01 1.135881612845246025e+00
1.881799999999999862e-01 1.140521675238794996e+00
1.919800000000000118e-01 1.145542259256938866e+00
1.958600000000000063e-01 1.151324247878632079e+00
1.998199999999999976e-01 1.158288628385985897e+00
2.038600000000000134e-01 1.166586686775896275e+00
2.079699999999999882e-01 1.176458006559247149e+00
2.121800000000000075e-01 1.187895481277451148e+00
2.164600000000000135e-01 1.200685838983711395e+00
2.208299999999999985e-01 1.214326553949195642e+00
2.253000000000000003e-01 1.228551877512616519e+00
2.298499999999999988e-01 1.242251004912907630e+00
2.344900000000000040e-01 1.255109624674841884e+00
2.392299999999999982e-01 1.266833397460561894e+00
2.440599999999999992e-01 1.277127554056734615e+00
2.489899999999999891e-01 1.286751953643059609e+00
2.540200000000000236e-01 1.296278821049982710e+00
2.591499999999999915e-01 1.306614004985593658e+00
2.643900000000000139e-01 1.318593144028886055e+00
2.697300000000000253e-01 1.332940237938330386e+00
2.751799999999999802e-01 1.349967470663357538e+00
2.807399999999999896e-01 1.369091847915066218e+00
2.864099999999999979e-01 1.389683491741256827e+00
2.921900000000000053e-01 1.410841595763752121e+00
2.980999999999999761e-01 1.431527448017843041e+00
3.041200000000000014e-01 1.450760692327254686e+00
3.102599999999999802e-01 1.468440546111051015e+00
3.165299999999999780e-01 1.485324275826711338e+00
3.229199999999999848e-01 1.502683629857867187e+00
3.294500000000000206e-01 1.521760021965952614e+00
3.361000000000000099e-01 1.543586816949636065e+00
3.428899999999999726e-01 1.568559260567963909e+00
3.498200000000000198e-01 1.596147491593290058e+00
3.568899999999999850e-01 1.624989839876453068e+00
3.640900000000000247e-01 1.653699304259290681e+00
3.714500000000000024e-01 1.681423553582079622e+00
3.789500000000000091e-01 1.708165935857113293e+00
3.866100000000000092e-01 1.734634541598150559e+00
3.944199999999999928e-01 1.762570869748210978e+00
4.023900000000000254e-01 1.793304296281023946e+00
4.105199999999999960e-01 1.827127302056728242e+00
4.188100000000000156e-01 1.863614660862238370e+00
4.272699999999999831e-01 1.901332003285999273e+00
4.359000000000000097e-01 1.938959806532586150e+00
4.447099999999999942e-01 1.976267942583731951e+00
4.536899999999999822e-01 2.013816925734024377e+00
4.628599999999999937e-01 2.052862826500605475e+00
4.722100000000000186e-01 2.094822298394371618e+00
4.817400000000000015e-01 2.139703112048827904e+00
4.914799999999999724e-01 2.186766905455404419e+00
5.014100000000000223e-01 2.234841945163809296e+00
5.115300000000000402e-01 2.283342627943889092e+00
5.218699999999999450e-01 2.332736630118594778e+00
5.324100000000000499e-01 2.383936493112304156e+00
5.431700000000000417e-01 2.437975424224692933e+00
5.541399999999999659e-01 2.494701446912574117e+00
5.653299999999999992e-01 2.553343270868824622e+00
5.767499999999999849e-01 2.613459399332591637e+00
5.884000000000000341e-01 2.674760383386581175e+00
6.002899999999999903e-01 2.738560504915644955e+00
6.124199999999999644e-01 2.804616652926628095e+00
6.247899999999999565e-01 2.873202094518459759e+00
6.374100000000000321e-01 2.944221175166297222e+00
6.502900000000000347e-01 3.017385005432814182e+00
6.634200000000000097e-01 3.092926385943653322e+00
6.768300000000000427e-01 3.170639005463615323e+00
6.905000000000000027e-01 3.251055725759708803e+00
7.044500000000000206e-01 3.333795133777816222e+00
7.186799999999999855e-01 3.419179570768812404e+00
7.331999999999999629e-01 3.506960886447580084e+00
7.480099999999999527e-01 3.597622585438335907e+00
7.631200000000000205e-01 3.691115210047460238e+00
7.785400000000000098e-01 3.787305545015990038e+00
7.942599999999999660e-01 3.886399981853032592e+00
8.103099999999999747e-01 3.988441364251298804e+00
8.266799999999999704e-01 4.093381348565751310e+00
8.433800000000000185e-01 4.201341060893521551e+00
8.604100000000000081e-01 4.312349557341601525e+00
8.778000000000000247e-01 4.426416168516936978e+00
8.955300000000000482e-01 4.543572173394905711e+00
9.136199999999999877e-01 4.663995260072346660e+00
9.320800000000000196e-01 4.787426762195419627e+00
9.509100000000000330e-01 4.913986025932316259e+00
9.701100000000000279e-01 5.043812589413447789e+00
9.897099999999999786e-01 5.176712841632348017e+00
1.009700000000000042e+00 5.312953164805017003e+00
1.030100000000000016e+00 5.452456662221766059e+00
1.050899999999999945e+00 5.595335251922167963e+00
1.072100000000000053e+00 5.741427768409218757e+00
1.093800000000000106e+00 5.890868859019326109e+00
1.115899999999999892e+00 6.043622920517560004e+00
1.138400000000000079e+00 6.199876141817619590e+00
1.161399999999999988e+00 6.359657417664063672e+00
1.184900000000000064e+00 6.522489391796321812e+00
1.208800000000000097e+00 6.688782915198008716e+00
1.233300000000000063e+00 6.858755660318839098e+00
1.258199999999999985e+00 7.032249683349030889e+00
1.283600000000000074e+00 7.208637986736949443e+00
1.309500000000000108e+00 7.388888888888889284e+00
1.336000000000000076e+00 7.572536734541658099e+00
1.362999999999999989e+00 7.759421987892990202e+00
1.390500000000000069e+00 7.949693251533743066e+00
1.418600000000000083e+00 8.143579199862932327e+00
1.447200000000000042e+00 8.340585886680722538e+00
1.476499999999999924e+00 8.540687840631461469e+00
1.506299999999999972e+00 8.744648393287731025e+00
1.536699999999999955e+00 8.951654468611483395e+00
1.567800000000000082e+00 9.162122766290558218e+00
1.599399999999999933e+00 9.375706853653019479e+00
1.631799999999999917e+00 9.591897174672748605e+00
1.664700000000000069e+00 9.811999751814852289e+00
1.698399999999999910e+00 1.003509912252193637e+01
1.732699999999999907e+00 1.026009396064546841e+01
1.767700000000000049e+00 1.048858773181169823e+01
1.803399999999999892e+00 1.072111791959348359e+01
1.839800000000000102e+00 1.095592264933844895e+01
1.877000000000000002e+00 1.119258530183727096e+01
1.914900000000000047e+00 1.143164045716249788e+01
1.953600000000000003e+00 1.167371927613216975e+01
1.993000000000000105e+00 1.191981132075471628e+01
2.033300000000000107e+00 1.216566175743797373e+01
2.074399999999999800e+00 1.241675039100127265e+01
2.116299999999999848e+00 1.266809208027176936e+01
2.158999999999999808e+00 1.292223005709346495e+01
2.202599999999999891e+00 1.317815598779557540e+01
2.247100000000000097e+00 1.343533379129457117e+01
2.292499999999999982e+00 1.369520543462610718e+01
2.338799999999999990e+00 1.395648714642377008e+01
2.386099999999999888e+00 1.421962159986198415e+01
2.434299999999999908e+00 1.448414073683417413e+01
2.483499999999999819e+00 1.475007501697752588e+01
2.533599999999999852e+00 1.501729817417357715e+01
2.584799999999999986e+00 1.528550360024290811e+01
2.637000000000000011e+00 1.555525243707260152e+01
2.690300000000000136e+00 1.582586647348152731e+01
2.744699999999999918e+00 1.609724414956334115e+01
2.800100000000000033e+00 1.636925461934889370e+01
2.856700000000000017e+00 1.664243515691915931e+01
2.914400000000000102e+00 1.691593949301222466e+01
2.973300000000000054e+00 1.719030607318721238e+01
3.033300000000000107e+00 1.746476021763887232e+01
3.094599999999999795e+00 1.773965878638329485e+01
3.157099999999999795e+00 1.801507817281477841e+01
3.220899999999999874e+00 1.829040632383397025e+01
3.286000000000000032e+00 1.856587961830193478e+01
3.352300000000000058e+00 1.884160225778519049e+01
3.420100000000000140e+00 1.911689534570890459e+01
3.489199999999999857e+00 1.939307377627309847e+01
3.559600000000000097e+00 1.966826923076922995e+01
3.631600000000000161e+00 1.994299011052937942e+01
3.704899999999999860e+00 2.021759466384675008e+01
3.779799999999999827e+00 2.049311094996374294e+01
3.856100000000000083e+00 2.076634008857871194e+01
3.934000000000000163e+00 2.104072822822822530e+01
4.013499999999999623e+00 2.131299212598425186e+01
4.094599999999999795e+00 2.158571207350436083e+01
4.177299999999999791e+00 2.185824895771292375e+01
4.261700000000000266e+00 2.212983472482535419e+01
4.347800000000000331e+00 2.240035746201965594e+01
4.435599999999999987e+00 2.267045809636897502e+01
4.525199999999999889e+00 2.293974955746410416e+01
4.616600000000000037e+00 2.320701513067400512e+01
4.709900000000000198e+00 2.347571974889963187e+01
4.804999999999999716e+00 2.374082204223753223e+01
4.902099999999999902e+00 2.400730622617534848e+01
5.001100000000000101e+00 2.427381051579035187e+01
5.102100000000000080e+00 2.453536148264708672e+01
5.205199999999999605e+00 2.479911942762795718e+01
5.310399999999999565e+00 2.506159769008662508e+01
5.417600000000000193e+00 2.532241287025722443e+01
5.527099999999999902e+00 2.558257828644094545e+01
5.638700000000000045e+00 2.584095988968830326e+01
5.752600000000000158e+00 2.609953906295583081e+01
5.868900000000000006e+00 2.635652269749329690e+01
5.987400000000000055e+00 2.661217775721592105e+01
6.108399999999999608e+00 2.686689953740542336e+01
6.231799999999999784e+00 2.712101910828025453e+01
6.357700000000000351e+00 2.737347178275918225e+01
6.486100000000000421e+00 2.762550670408481679e+01
6.617099999999999760e+00 2.787550522819132226e+01
6.750799999999999912e+00 2.812634182367792945e+01
6.887199999999999989e+00 2.837518703466676229e+01
7.026299999999999990e+00 2.862359975779594734e+01
7.168199999999999683e+00 2.886964466601783741e+01
7.312999999999999723e+00 2.911558669001751198e+01
7.460799999999999876e+00 2.936117129538441262e+01
7.611500000000000377e+00 2.960623047233964300e+01
7.765299999999999869e+00 2.984999035307737003e+01
7.922100000000000364e+00 3.009013114588080384e+01
8.082200000000000273e+00 3.033250936926879859e+01
8.245400000000000063e+00 3.057175544827970626e+01
8.412000000000000810e+00 3.081001904203896302e+01
8.581899999999999196e+00 3.104699803149605941e+01
8.755300000000000082e+00 3.128172834721953066e+01
8.932199999999999918e+00 3.151702156517021436e+01
9.112600000000000477e+00 3.175056963827969270e+01
9.296699999999999520e+00 3.198272961758438626e+01
9.484500000000000597e+00 3.221659601193280054e+01
9.676099999999999923e+00 3.244950952106174213e+01
9.871600000000000819e+00 3.268198736258980119e+01
1.007099999999999973e+01 3.291674241047082461e+01
1.027399999999999913e+01 3.315151515151515582e+01
