# # k[h/Mpc], Boost (P^NLCDM_NL/P^NLCDM_L)
1.000000000000000048e-04 1.000000000000000000e+00
1.020200000000000024e-04 1.000000000000000000e+00
1.040800000000000064e-04 1.000000000000000000e+00
1.061800000000000032e-04 1.000000000000000000e+00
1.083300000000000013e-04 1.000000000000000000e+00
1.105200000000000057e-04 1.000000000000000000e+00
1.127500000000000030e-04 1.000000000000000000e+00
1.150300000000000015e-04 1.000000000000000000e+00
1.173500000000000064e-04 1.000000000000000000e+00
1.197199999999999989e-04 1.000000000000000000e+00
1.221399999999999927e-04 1.000000000000000000e+00
1.246099999999999877e-04 1.000000000000000000e+00
1.271199999999999891e-04 1.000000000000000000e+00
1.296899999999999865e-04 1.000000000000000000e+00
1.323100000000000122e-04 1.000000000000000000e+00
1.349900000000000069e-04 1.000000000000000000e+00
1.377100000000000080e-04 1.000000000000000000e+00
1.404900000000000051e-04 1.000000000000000000e+00
1.433299999999999982e-04 1.000000000000000000e+00
1.462299999999999874e-04 1.000000000000000000e+00
1.491800000000000049e-04 1.000000000000000000e+00
1.522000000000000132e-04 1.000000000000000000e+00
1.552699999999999957e-04 1.000000000000000000e+00
1.584099999999999961e-04 1.000000000000000000e+00
1.616099999999999926e-04 1.000000000000000000e+00
1.648700000000000122e-04 1.000000000000000000e+00
1.681999999999999956e-04 1.000000000000000000e+00
1.715999999999999969e-04 1.000000000000000000e+00
1.750699999999999891e-04 1.000000000000000000e+00
1.786000000000000044e-04 1.000000000000000000e+00
1.822100000000000054e-04 1.000000000000000000e+00
1.858899999999999973e-04 1.000000000000000000e+00
1.896500000000000020e-04 1.000000000000000000e+00
1.934799999999999975e-04 1.000000000000000000e+00
1.973900000000000058e-04 1.000000000000000000e+00
2.013799999999999998e-04 1.000000000000000000e+00
2.054400000000000117e-04 1.000000000000000000e+00
2.095900000000000042e-04 1.000000000000000000e+00
2.138300000000000042e-04 1.000000000000000000e+00
2.181499999999999900e-04 1.000000000000000000e+00
2.225499999999999885e-04 1.000000000000000000e+00
2.270499999999999895e-04 1.000000000000000000e+00
2.316399999999999980e-04 1.000000000000000000e+00
2.363199999999999871e-04 1.000000000000000000e+00
2.410900000000000109e-04 1.000000000000000000e+00
2.459599999999999829e-04 1.000000000000000000e+00
2.509300000000000115e-04 1.000000000000000000e+00
2.559999999999999884e-04 1.000000000000000000e+00
2.611700000000000219e-04 1.000000000000000000e+00
2.664499999999999985e-04 1.000000000000000000e+00
2.718299999999999775e-04 1.000000000000000000e+00
2.773200000000000079e-04 1.000000000000000000e+00
2.829199999999999814e-04 1.000000000000000000e+00
2.886400000000000012e-04 1.000000000000000000e+00
2.944700000000000182e-04 1.000000000000000000e+00
3.004199999999999731e-04 1.000000000000000000e+00
3.064899999999999743e-04 1.000000000000000000e+00
3.126800000000000217e-04 1.000000000000000000e+00
3.189900000000000070e-04 1.000000000000000000e+00
3.254399999999999741e-04 1.000000000000000000e+00
3.320099999999999874e-04 1.000000000000000000e+00
3.387199999999999825e-04 1.000000000000000000e+00
3.455600000000000186e-04 1.000000000000000000e+00
3.525399999999999823e-04 1.000000000000000000e+00
3.596599999999999819e-04 1.000000000000000000e+00
3.669300000000000122e-04 1.000000000000000000e+00
3.743400000000000243e-04 1.000000000000000000e+00
3.819000000000000129e-04 1.000000000000000000e+00
3.896200000000000271e-04 1.000000000000000000e+00
3.974900000000000178e-04 1.000000000000000000e+00
4.055199999999999799e-04 1.000000000000000000e+00
4.137100000000000217e-04 1.000000000000000000e+00
4.220699999999999756e-04 1.000000000000000000e+00
4.306000000000000040e-04 1.000000000000000000e+00
4.392900000000000038e-04 1.000000000000000000e+00
4.481700000000000137e-04 1.000000000000000000e+00
4.572199999999999897e-04 1.000000000000000000e+00
4.664599999999999758e-04 1.000000000000000000e+00
4.758799999999999771e-04 1.000000000000000000e+00
4.854999999999999832e-04 1.000000000000000000e+00
4.952999999999999504e-04 1.000000000000000000e+00
5.053100000000000256e-04 1.000000000000000000e+00
5.155199999999999973e-04 1.000000000000000000e+00
5.259299999999999739e-04 1.000000000000000000e+00
5.365600000000000534e-04 1.000000000000000000e+00
5.473900000000000293e-04 1.000000000000000000e+00
5.584500000000000488e-04 1.000000000000000000e+00
5.697299999999999543e-04 1.000000000000000000e+00
5.812400000000000119e-04 1.000000000000000000e+00
5.929900000000000535e-04 1.000000000000000000e+00
6.049599999999999813e-04 1.000000000000000000e+00
6.171899999999999912e-04 1.000000000000000000e+00
6.296500000000000447e-04 1.000000000000000000e+00
6.423699999999999636e-04 1.000000000000000000e+00
6.553499999999999647e-04 1.000000000000000000e+00
6.685900000000000480e-04 1.000000000000000000e+00
6.821000000000000457e-04 1.000000000000000000e+00
6.958799999999999578e-04 1.000000000000000000e+00
7.099300000000000012e-04 1.000000000000000000e+00
7.242699999999999486e-04 1.000000000000000000e+00
7.389099999999999575e-04 1.000000000000000000e+00
7.538300000000000382e-04 1.000000000000000000e+00
7.690600000000000127e-04 1.000000000000000000e+00
7.845999999999999893e-04 1.000000000000000000e+00
8.004499999999999680e-04 1.000000000000000000e+00
8.166199999999999978e-04 1.000000000000000000e+00
8.331099999999999704e-04 1.000000000000000000e+00
8.499399999999999837e-04 1.000000000000000000e+00
8.671100000000000379e-04 1.000000000000000000e+00
8.846299999999999650e-04 1.000000000000000000e+00
9.024999999999999819e-04 1.000000000000000000e+00
9.207300000000000293e-04 1.000000000000000000e+00
9.393300000000000477e-04 1.000000000000000000e+00
9.583099999999999778e-04 1.000000000000000000e+00
9.776699999999999280e-04 1.000000000000000000e+00
9.974199999999999473e-04 1.000000000000000000e+00
1.017600000000000015e-03 1.000000000000000000e+00
1.038099999999999917e-03 1.000000000000000000e+00
1.059100000000000102e-03 1.000000000000000000e+00
1.080500000000000080e-03 1.000000000000000000e+00
1.102300000000000068e-03 1.000000000000000000e+00
1.124599999999999905e-03 1.000000000000000000e+00
1.147299999999999969e-03 1.000000000000000000e+00
1.170500000000000099e-03 1.000000000000000000e+00
1.194100000000000023e-03 1.000000000000000000e+00
1.218200000000000012e-03 1.000000000000000000e+00
1.242899999999999908e-03 1.000000000000000000e+00
1.268000000000000030e-03 1.000000000000000000e+00
1.293600000000000002e-03 1.000000000000000000e+00
1.319700000000000040e-03 1.000000000000000000e+00
1.346399999999999984e-03 1.000000000000000000e+00
1.373599999999999995e-03 1.000000000000000000e+00
1.401300000000000072e-03 1.000000000000000000e+00
1.429600000000000055e-03 1.000000000000000000e+00
1.458499999999999944e-03 1.000000000000000000e+00
1.487999999999999956e-03 1.000000000000000000e+00
1.518000000000000035e-03 1.000000000000000000e+00
1.548700000000000077e-03 1.000000000000000000e+00
1.580000000000000024e-03 1.000000000000000000e+00
1.611900000000000095e-03 1.000000000000000000e+00
1.644499999999999912e-03 1.000000000000000000e+00
1.677700000000000068e-03 1.000000000000000000e+00
1.711599999999999970e-03 1.000000000000000000e+00
1.746200000000000052e-03 1.000000000000000000e+00
1.781400000000000041e-03 1.000000000000000000e+00
1.817400000000000048e-03 1.000000000000000000e+00
1.854100000000000019e-03 1.000000000000000000e+00
1.891600000000000009e-03 1.000000000000000000e+00
1.929799999999999962e-03 1.000000000000000000e+00
1.968800000000000151e-03 1.000000000000000000e+00
2.008600000000000142e-03 1.000000000000000000e+00
2.049099999999999880e-03 1.000000000000000000e+00
2.090499999999999910e-03 1.000000000000000000e+00
2.132799999999999800e-03 1.000000000000000000e+00
2.175799999999999870e-03 1.000000000000000000e+00
2.219800000000000072e-03 1.000000000000000000e+00
2.264599999999999860e-03 1.000000000000000000e+00
2.310400000000000214e-03 1.000000000000000000e+00
2.357099999999999994e-03 1.000000000000000000e+00
2.404700000000000067e-03 1.000000000000000000e+00
2.453299999999999838e-03 1.000000000000000000e+00
2.502799999999999903e-03 1.000000000000000000e+00
2.553399999999999941e-03 1.000000000000000000e+00
2.605000000000000111e-03 1.000000000000000000e+00
2.657599999999999980e-03 1.000000000000000000e+00
2.711299999999999821e-03 1.000000000000000000e+00
2.765999999999999796e-03 1.000000000000000000e+00
2.821900000000000016e-03 1.000000000000000000e+00
2.878900000000000209e-03 1.000000000000000000e+00
2.937100000000000214e-03 1.000000000000000000e+00
2.996400000000000192e-03 1.000000000000000000e+00
3.056899999999999982e-03 1.000000000000000000e+00
3.118699999999999858e-03 1.000000000000000000e+00
3.181699999999999980e-03 1.000000000000000000e+00
3.246000000000000187e-03 1.000000000000000000e+00
3.311500000000000207e-03 1.000011314009005892e+00
3.378400000000000153e-03 9.999888719495233502e-01
3.446700000000000024e-03 9.999890538114628580e-01
3.516299999999999981e-03 1.000000000000000000e+00
3.587400000000000137e-03 1.000000000000000000e+00
3.659799999999999946e-03 1.000000000000000000e+00
3.733799999999999793e-03 1.000000000000000000e+00
3.809199999999999999e-03 1.000020186727226923e+00
3.886099999999999971e-03 1.000000000000000000e+00
3.964600000000000415e-03 1.000000000000000000e+00
4.044700000000000031e-03 1.000000000000000000e+00
4.126399999999999686e-03 1.000000000000000000e+00
4.209799999999999653e-03 9.999067164179104017e-01
4.294799999999999660e-03 9.999081473316799862e-01
4.381600000000000251e-03 9.999095431931253053e-01
4.470100000000000288e-03 1.000000000000000000e+00
4.560400000000000044e-03 1.000087750087750083e+00
4.652500000000000385e-03 1.000259313683118600e+00
4.746499999999999851e-03 1.000340628459507775e+00
4.842400000000000176e-03 1.000335626783017240e+00
4.940199999999999626e-03 1.000082685629237744e+00
5.040000000000000209e-03 9.995925352457012414e-01
5.141899999999999596e-03 9.987951807228915291e-01
5.245699999999999842e-03 9.979412463377940190e-01
5.351700000000000033e-03 9.970335675253707564e-01
5.459799999999999896e-03 9.963051343237625534e-01
5.570099999999999704e-03 9.958251100652800725e-01
5.682600000000000325e-03 9.955828404581866797e-01
5.797400000000000296e-03 9.956425406203840422e-01
5.914499999999999619e-03 9.957012750455372929e-01
6.034000000000000301e-03 9.957584471603163623e-01
6.155899999999999740e-03 9.957431713373536830e-01
6.280299999999999945e-03 9.957285904348435190e-01
6.407200000000000048e-03 9.955761387986451494e-01
6.536600000000000049e-03 9.954958029072544790e-01
6.668600000000000222e-03 9.953500909764808613e-01
6.803299999999999972e-03 9.952083056036203912e-01
6.940799999999999574e-03 9.951354194057323577e-01
7.080999999999999621e-03 9.949993505650084336e-01
7.224000000000000386e-03 9.949945453378682414e-01
7.369999999999999815e-03 9.949264332825976664e-01
7.518900000000000236e-03 9.947972168244217928e-01
7.670800000000000188e-03 9.946706327074424925e-01
7.825699999999999670e-03 9.945465686274509443e-01
7.983799999999999231e-03 9.944249181917342861e-01
8.145100000000000603e-03 9.943651840306917400e-01
8.309600000000000319e-03 9.942474202348475787e-01
8.477500000000000660e-03 9.941314553990610037e-01
8.648799999999999891e-03 9.940171933085502065e-01
8.823499999999999746e-03 9.939045428407130567e-01
9.001699999999999632e-03 9.937934176061952174e-01
9.183600000000000096e-03 9.936837356192195214e-01
9.369099999999999998e-03 9.935750600592211379e-01
9.558300000000000476e-03 9.934673088634224936e-01
9.751400000000000345e-03 9.933604038630376998e-01
9.948399999999999604e-03 9.931998694374931658e-01
1.014900000000000004e-02 9.930948912984841614e-01
1.035400000000000036e-02 9.929366438356164171e-01
1.056400000000000047e-02 9.928324926997610378e-01
1.077700000000000012e-02 9.926757297923911594e-01
1.099499999999999957e-02 9.925720562849819073e-01
1.121699999999999954e-02 9.924163723249532776e-01
1.144300000000000005e-02 9.922608605923021186e-01
1.167499999999999961e-02 9.921562596124269273e-01
1.191000000000000045e-02 9.920004076225414913e-01
1.215100000000000034e-02 9.918946301925025688e-01
1.239700000000000003e-02 9.917376190236284472e-01
1.264700000000000026e-02 9.915797914995990725e-01
1.290200000000000027e-02 9.914210185046635759e-01
1.316299999999999935e-02 9.912611717974181280e-01
1.342899999999999996e-02 9.910996835443037778e-01
1.370000000000000037e-02 9.909368535119692512e-01
1.397699999999999984e-02 9.908207343412527290e-01
1.425900000000000084e-02 9.906537482873361000e-01
1.454699999999999917e-02 9.904845557019470448e-01
1.484100000000000003e-02 9.903125304254697392e-01
1.514099999999999994e-02 9.901860758878686664e-01
1.544700000000000066e-02 9.900077609623593178e-01
1.575899999999999870e-02 9.898265671931014698e-01
1.607700000000000101e-02 9.896897236071445780e-01
1.640199999999999991e-02 9.895006773756531704e-01
1.673399999999999888e-02 9.893555254499709628e-01
1.707200000000000037e-02 9.891577928363988192e-01
1.741600000000000092e-02 9.890514485030520442e-01
1.776799999999999907e-02 9.888436166084594303e-01
1.812700000000000075e-02 9.886788785773286126e-01
1.849299999999999902e-02 9.885566809505259567e-01
1.886699999999999836e-02 9.883317873358394845e-01
1.924800000000000122e-02 9.881488736532810790e-01
1.963700000000000168e-02 9.880080601562883924e-01
2.003399999999999972e-02 9.878120990822066849e-01
2.043800000000000130e-02 9.876573807871518174e-01
2.085100000000000148e-02 9.874956409106759869e-01
2.127199999999999924e-02 9.873265541251314836e-01
2.170199999999999907e-02 9.871491205966839155e-01
2.214100000000000096e-02 9.870143045551384997e-01
2.258800000000000044e-02 9.868205966489579373e-01
2.304399999999999851e-02 9.866694117041535650e-01
2.350999999999999965e-02 9.864577388055829621e-01
2.398499999999999938e-02 9.863407996650617182e-01
2.446900000000000117e-02 9.861103776076050043e-01
2.496400000000000008e-02 9.859755772409747321e-01
2.546800000000000105e-02 9.858320314604320789e-01
2.598200000000000162e-02 9.856248298393683882e-01
2.650699999999999931e-02 9.855168236136351290e-01
2.704300000000000107e-02 9.854006463835952578e-01
2.758899999999999894e-02 9.851638743160151535e-01
2.814600000000000088e-02 9.850294268898920347e-01
2.871500000000000094e-02 9.848862122879147307e-01
2.929500000000000159e-02 9.847337208619576510e-01
2.988700000000000037e-02 9.846318799142244060e-01
3.048999999999999974e-02 9.844628498881566880e-01
3.110600000000000170e-02 9.842848373235113524e-01
3.173499999999999932e-02 9.841596507639538416e-01
3.237600000000000200e-02 9.840907650377130889e-01
3.302999999999999686e-02 9.839530837146355235e-01
3.369699999999999779e-02 9.838096486628211679e-01
3.437799999999999884e-02 9.837257386780497992e-01
3.507199999999999901e-02 9.836399429773946546e-01
3.578100000000000031e-02 9.835499032347249093e-01
3.650400000000000172e-02 9.834588583092841452e-01
3.724100000000000327e-02 9.833655983365597875e-01
3.799299999999999899e-02 9.833455076698319752e-01
3.876099999999999685e-02 9.832539446263769412e-01
3.954400000000000276e-02 9.832397997876535234e-01
4.034299999999999692e-02 9.831543157406691380e-01
4.115800000000000014e-02 9.831496062992125529e-01
4.198899999999999855e-02 9.831528279181708241e-01
4.283800000000000108e-02 9.831630568042500906e-01
4.370299999999999879e-02 9.831820830905003694e-01
4.458600000000000063e-02 9.832103790384125741e-01
4.548599999999999866e-02 9.833347724721526184e-01
4.640500000000000180e-02 9.833875362573613055e-01
4.734300000000000314e-02 9.835435113138359942e-01
4.829900000000000165e-02 9.836274331453520592e-01
4.927499999999999936e-02 9.838202662721893255e-01
5.027000000000000218e-02 9.840315611497275627e-01
5.128599999999999826e-02 9.841678588459704669e-01
5.232200000000000045e-02 9.845111326234269322e-01
5.337900000000000283e-02 9.847770575525437442e-01
5.445699999999999846e-02 9.851678454029285659e-01
5.555700000000000222e-02 9.855378369370915159e-01
5.668000000000000121e-02 9.859552862173450727e-01
5.782500000000000140e-02 9.864208801012469552e-01
5.899299999999999683e-02 9.869351804164344655e-01
6.018400000000000138e-02 9.874880204451069732e-01
6.140000000000000319e-02 9.880904864130142240e-01
6.264100000000000223e-02 9.887540983606557532e-01
6.390600000000000447e-02 9.894462901439646796e-01
6.519700000000000495e-02 9.902002604283598464e-01
6.651400000000000368e-02 9.909947858557801581e-01
6.785800000000000165e-02 9.918543252954973299e-01
6.922899999999999887e-02 9.927587259113207496e-01
7.062699999999999534e-02 9.936992088211077379e-01
7.205400000000000693e-02 9.946913190310747721e-01
7.351000000000000589e-02 9.957279774140023187e-01
7.499400000000000510e-02 9.968020830700003998e-01
7.650899999999999368e-02 9.979194665563941857e-01
7.805499999999999938e-02 9.990869875883240381e-01
7.963199999999999446e-02 1.000284977608902226e+00
8.124099999999999377e-02 1.001533314747700132e+00
8.288199999999999734e-02 1.002853496608784312e+00
8.455600000000000616e-02 1.004209686710683780e+00
8.626399999999999346e-02 1.005651783129960508e+00
8.800700000000000189e-02 1.007156225916547410e+00
8.978500000000000369e-02 1.008743275965741981e+00
9.159799999999999887e-02 1.010434344282953978e+00
9.344900000000000428e-02 1.012233691307823147e+00
9.533700000000000507e-02 1.014125766044246202e+00
9.726300000000000223e-02 1.016145513999591188e+00
9.922699999999999576e-02 1.018310237610840385e+00
1.012300000000000005e-01 1.020596098623625991e+00
1.032799999999999968e-01 1.023033765173926302e+00
1.053599999999999953e-01 1.025612518879006618e+00
1.074900000000000022e-01 1.028321783669779999e+00
1.096599999999999936e-01 1.031192175522072318e+00
1.118799999999999933e-01 1.034194956243954078e+00
1.141400000000000053e-01 1.037351248480957500e+00
1.164400000000000018e-01 1.040618729877280657e+00
1.188000000000000028e-01 1.044036044581456046e+00
1.212000000000000022e-01 1.047604134043219615e+00
1.236499999999999960e-01 1.051281423640858748e+00
1.261400000000000021e-01 1.055110270324090216e+00
1.286899999999999988e-01 1.059087452471483060e+00
1.312899999999999900e-01 1.063190295129458507e+00
1.339400000000000035e-01 1.067446352499139994e+00
1.366499999999999937e-01 1.071826053910258203e+00
1.394100000000000061e-01 1.076405184936864545e+00
1.422299999999999953e-01 1.081129409050269663e+00
1.451000000000000068e-01 1.086103395753068579e+00
1.480299999999999949e-01 1.091320661105770640e+00
1.510199999999999876e-01 1.096815820885892245e+00
1.540700000000000125e-01 1.102590812863335268e+00
1.571799999999999864e-01 1.108699457377910091e+00
1.603600000000000025e-01 1.115139369648387779e+00
1.635999999999999954e-01 1.121783227369058222e+00
1.668999999999999928e-01 1.128570868764450008e+00
1.702799999999999869e-01 1.135532912825489404e+00
1.737100000000000033e-01 1.142530551168010389e+00
1.772199999999999886e-01 1.149537884918437669e+00
1.807999999999999885e-01 1.156602377116983771e+00
1.844600000000000128e-01 1.163770499088929489e+00
1.881799999999999862e-01 1.171104558856883582e+00
1.919800000000000118e-01 1.178703875394029321e+00
1.958600000000000063e-01 1.186606506767988733e+00
1.998199999999999976e-01 1.195037366287305280e+00
2.038600000000000134e-01 1.204015740086772146e+00
2.079699999999999882e-01 1.213646590968552319e+00
2.121800000000000075e-01 1.224049667792179497e+00
2.164600000000000135e-01 1.235103663731894397e+00
2.208299999999999985e-01 1.246813304084899432e+00
2.253000000000000003e-01 1.258872264127611995e+00
2.298499999999999988e-01 1.271130837514473200e+00
2.344900000000000040e-01 1.283380018674136203e+00
2.392299999999999982e-01 1.295179063360881511e+00
2.440599999999999992e-01 1.306776297136376552e+00
2.489899999999999891e-01 1.318334061453327433e+00
2.540200000000000236e-01 1.330043367728428239e+00
2.591499999999999915e-01 1.342202399261765544e+00
2.643900000000000139e-01 1.355306996668253383e+00
2.697300000000000253e-01 1.369731328567907358e+00
2.751799999999999802e-01 1.385614214932513244e+00
2.807399999999999896e-01 1.402743142144638355e+00
2.864099999999999979e-01 1.420817843866170938e+00
2.921900000000000053e-01 1.439383661207481069e+00
2.980999999999999761e-01 1.457911133964489903e+00
3.041200000000000014e-01 1.476097346706129798e+00
3.102599999999999802e-01 1.493693342852815853e+00
3.165299999999999780e-01 1.511210912625263969e+00
3.229199999999999848e-01 1.529175514726248686e+00
3.294500000000000206e-01 1.548404051987767538e+00
3.361000000000000099e-01 1.569393296879068700e+00
3.428899999999999726e-01 1.592328738836404911e+00
3.498200000000000198e-01 1.617031584330296257e+00
3.568899999999999850e-01 1.642783960926864184e+00
3.640900000000000247e-01 1.668566918084546602e+00
3.714500000000000024e-01 1.694243128674962406e+00
3.789500000000000091e-01 1.719407785819024648e+00
3.866100000000000092e-01 1.744996075353218101e+00
3.944199999999999928e-01 1.771864021316678084e+00
4.023900000000000254e-01 1.800568191844152954e+00
4.105199999999999960e-01 1.831721932210866877e+00
4.188100000000000156e-01 1.864653008030358272e+00
4.272699999999999831e-01 1.898651213907483148e+00
4.359000000000000097e-01 1.932978103405211812e+00
4.447099999999999942e-01 1.967405193511359229e+00
4.536899999999999822e-01 2.002410235617425815e+00
4.628599999999999937e-01 2.039029535864978815e+00
4.722100000000000186e-01 2.077770181178883568e+00
4.817400000000000015e-01 2.118879694462126206e+00
4.914799999999999724e-01 2.161775251653342611e+00
5.014100000000000223e-01 2.205672187448069366e+00
5.115300000000000402e-01 2.250411386009988579e+00
5.218699999999999450e-01 2.296140308654973872e+00
5.324100000000000499e-01 2.343839182111832287e+00
5.431700000000000417e-01 2.393817468105986279e+00
5.541399999999999659e-01 2.446064040417832874e+00
5.653299999999999992e-01 2.500231588698471619e+00
5.767499999999999849e-01 2.555712532996244679e+00
5.884000000000000341e-01 2.612934512725015423e+00
6.002899999999999903e-01 2.672227396040005143e+00
6.124199999999999644e-01 2.733894149475819990e+00
6.247899999999999565e-01 2.797872340425532123e+00
6.374100000000000321e-01 2.864223144306131896e+00
6.502900000000000347e-01 2.932819648446905791e+00
6.634200000000000097e-01 3.003722895809226578e+00
6.768300000000000427e-01 3.077056504599211539e+00
6.905000000000000027e-01 3.152735061511422909e+00
7.044500000000000206e-01 3.230945821854912747e+00
7.186799999999999855e-01 3.311978885489772484e+00
7.331999999999999629e-01 3.395573390181202189e+00
7.480099999999999527e-01 3.481811627449695745e+00
7.631200000000000205e-01 3.570958678818611620e+00
7.785400000000000098e-01 3.663346470798996890e+00
7.942599999999999660e-01 3.758468225419663966e+00
8.103099999999999747e-01 3.856717353817213034e+00
8.266799999999999704e-01 3.958265004919645946e+00
8.433800000000000185e-01 4.062703722765482972e+00
8.604100000000000081e-01 4.170615688386286379e+00
8.778000000000000247e-01 4.282051282051281937e+00
8.955300000000000482e-01 4.396834758674923904e+00
9.136199999999999877e-01 4.514980656844184814e+00
9.320800000000000196e-01 4.636710251384012160e+00
9.509100000000000330e-01 4.762076586531955869e+00
9.701100000000000279e-01 4.891084900648177580e+00
9.897099999999999786e-01 5.023799221116400204e+00
1.009700000000000042e+00 5.160225286463391292e+00
1.030100000000000016e+00 5.300371565729164125e+00
1.050899999999999945e+00 5.444537564454040357e+00
1.072100000000000053e+00 5.592393083539180410e+00
1.093800000000000106e+00 5.744352462466675746e+00
1.115899999999999892e+00 5.900321806034271255e+00
1.138400000000000079e+00 6.060289636755793907e+00
1.161399999999999988e+00 6.224211546051451549e+00
1.184900000000000064e+00 6.392148014440433457e+00
1.208800000000000097e+00 6.564113682052899357e+00
1.233300000000000063e+00 6.740221905411269532e+00
1.258199999999999985e+00 6.920394238059135894e+00
1.283600000000000074e+00 7.104862704126825079e+00
1.309500000000000108e+00 7.293274268838715990e+00
1.336000000000000076e+00 7.485451684607506984e+00
1.362999999999999989e+00 7.681850328731958832e+00
1.390500000000000069e+00 7.882301225342050799e+00
1.418600000000000083e+00 8.086976569929969827e+00
1.447200000000000042e+00 8.295190011186020840e+00
1.476499999999999924e+00 8.507358538442021612e+00
1.506299999999999972e+00 8.723128119800332314e+00
1.536699999999999955e+00 8.943012780222082014e+00
1.567800000000000082e+00 9.166391850793301543e+00
1.599399999999999933e+00 9.393216949934631188e+00
1.631799999999999917e+00 9.624278623027564095e+00
1.664700000000000069e+00 9.858104959972891379e+00
1.698399999999999910e+00 1.009558954294860378e+01
1.732699999999999907e+00 1.033602464180706626e+01
1.767700000000000049e+00 1.057958943706824684e+01
1.803399999999999892e+00 1.082600421745615371e+01
1.839800000000000102e+00 1.107565203304714174e+01
1.877000000000000002e+00 1.132838190271005629e+01
1.914900000000000047e+00 1.158283231144711145e+01
1.953600000000000003e+00 1.184085510688836251e+01
1.993000000000000105e+00 1.210042664916311139e+01
2.033300000000000107e+00 1.236283429831817138e+01
2.074399999999999800e+00 1.262685486789721345e+01
2.116299999999999848e+00 1.289319650323071187e+01
2.158999999999999808e+00 1.316167664670658688e+01
2.202599999999999891e+00 1.343115881267818246e+01
2.247100000000000097e+00 1.370233377366798777e+01
2.292499999999999982e+00 1.397558042734252126e+01
2.338799999999999990e+00 1.424948994462255847e+01
2.386099999999999888e+00 1.452450685253028340e+01
2.434299999999999908e+00 1.480052307758269770e+01
2.483499999999999819e+00 1.507802472471796129e+01
2.533599999999999852e+00 1.535650507941388554e+01
2.584799999999999986e+00 1.563478260869564984e+01
2.637000000000000011e+00 1.591398410689353504e+01
2.690300000000000136e+00 1.619243421052631504e+01
2.744699999999999918e+00 1.647158755524841922e+01
2.800100000000000033e+00 1.675110015576088429e+01
2.856700000000000017e+00 1.702962433484234595e+01
2.914400000000000102e+00 1.730846235985050541e+01
2.973300000000000054e+00 1.758757864115100844e+01
3.033300000000000107e+00 1.786522851515764998e+01
3.094599999999999795e+00 1.814252020260603970e+01
3.157099999999999795e+00 1.841868020304568532e+01
3.220899999999999874e+00 1.869426140362100952e+01
3.286000000000000032e+00 1.896822019663613190e+01
3.352300000000000058e+00 1.924124467859915200e+01
3.420100000000000140e+00 1.951268308345888869e+01
3.489199999999999857e+00 1.978264816495914857e+01
3.559600000000000097e+00 2.005093008688073652e+01
3.631600000000000161e+00 2.031771905742392903e+01
3.704899999999999860e+00 2.058221234686524070e+01
3.779799999999999827e+00 2.084455092840704893e+01
3.856100000000000083e+00 2.110474929670693456e+01
3.934000000000000163e+00 2.136230977694392408e+01
4.013499999999999623e+00 2.161827996206871561e+01
4.094599999999999795e+00 2.187090846445388692e+01
4.177299999999999791e+00 2.212078595250532231e+01
4.261700000000000266e+00 2.236842105263157876e+01
4.347800000000000331e+00 2.261252489488824935e+01
4.435599999999999987e+00 2.285342745680847187e+01
4.525199999999999889e+00 2.309161793372319593e+01
4.616600000000000037e+00 2.332549340423356199e+01
4.709900000000000198e+00 2.355702177877909875e+01
4.804999999999999716e+00 2.378503095104107956e+01
4.902099999999999902e+00 2.401003541912632855e+01
5.001100000000000101e+00 2.422945947619342633e+01
5.102100000000000080e+00 2.444610389610389589e+01
5.205199999999999605e+00 2.465849506298944505e+01
5.310399999999999565e+00 2.486789488717509400e+01
5.417600000000000193e+00 2.507262653489068782e+01
5.527099999999999902e+00 2.527356935395242843e+01
5.638700000000000045e+00 2.546988150098749060e+01
5.752600000000000158e+00 2.566117484689036488e+01
5.868900000000000006e+00 2.584847662959949233e+01
5.987400000000000055e+00 2.603278377866212168e+01
6.108399999999999608e+00 2.621189554165425051e+01
6.231799999999999784e+00 2.638527643105349796e+01
6.357700000000000351e+00 2.655519342496811674e+01
6.486100000000000421e+00 2.672086968437399790e+01
6.617099999999999760e+00 2.688157894736842124e+01
6.750799999999999912e+00 2.703718552671143627e+01
6.887199999999999989e+00 2.718934523028474004e+01
7.026299999999999990e+00 2.733631054620405010e+01
7.168199999999999683e+00 2.748018014129293007e+01
7.312999999999999723e+00 2.761784245491932666e+01
7.460799999999999876e+00 2.775087924046241028e+01
7.611500000000000377e+00 2.788086904840520575e+01
7.765299999999999869e+00 2.800414722654224775e+01
7.922100000000000364e+00 2.812420877491228666e+01
8.082200000000000273e+00 2.823968052690349495e+01
8.245400000000000063e+00 2.834792252544856339e+01
8.412000000000000810e+00 2.845420638209697373e+01
8.581899999999999196e+00 2.855408627791025467e+01
8.755300000000000082e+00 2.864820736104496746e+01
8.932199999999999918e+00 2.873645010555278745e+01
9.112600000000000477e+00 2.882306241937084579e+01
9.296699999999999520e+00 2.890612837943023194e+01
9.484500000000000597e+00 2.898385565052231883e+01
9.676099999999999923e+00 2.906026557711951597e+01
9.871600000000000819e+00 2.913395638629283013e+01
1.007099999999999973e+01 2.920611776385183589e+01
1.027399999999999913e+01 2.927695601401323344e+01
